   1.3674000e+04
   1.3675000e+04
   1.3676000e+04
   1.3677000e+04
   1.3739000e+04
   1.4766000e+04
   1.5209000e+04
   1.7449000e+04
   1.7450000e+04
   1.7451000e+04
   1.7513000e+04
   1.7514000e+04
   1.7515000e+04
   1.7576000e+04
   1.7577000e+04
   1.7578000e+04
   1.7640000e+04
   1.7641000e+04
   1.7642000e+04
   1.7705000e+04
   1.7706000e+04
   1.7769000e+04
   1.7770000e+04
   1.7771000e+04
   1.7833000e+04
   1.7834000e+04
   1.7835000e+04
   1.7897000e+04
   1.7898000e+04
   1.7962000e+04
   1.8091000e+04
   1.8092000e+04
   1.8093000e+04
   1.8156000e+04
   1.8157000e+04
   1.8158000e+04
   1.8222000e+04
   1.8735000e+04
   1.8736000e+04
   1.8799000e+04
   1.8800000e+04
   1.8860000e+04
   1.8863000e+04
   1.8923000e+04
   1.8924000e+04
   1.8926000e+04
   1.8927000e+04
   1.8991000e+04
   1.8992000e+04
   1.9055000e+04
   1.9368000e+04
   1.9369000e+04
   1.9432000e+04
   2.1482000e+04
   2.1483000e+04
   2.1545000e+04
   2.1546000e+04
   2.1547000e+04
   2.1610000e+04
   2.1674000e+04
   2.1675000e+04
   2.1676000e+04
   2.1802000e+04
   2.1866000e+04
   2.1867000e+04
   2.1928000e+04
   2.1930000e+04
   2.1931000e+04
   2.1994000e+04
   2.1995000e+04
   2.2058000e+04
   2.2059000e+04
   2.2122000e+04
   2.2123000e+04
   2.2128000e+04
   2.2185000e+04
   2.2188000e+04
   2.2189000e+04
   2.2190000e+04
   2.2253000e+04
   2.2254000e+04
   2.2255000e+04
   2.2256000e+04
   2.2257000e+04
   2.2318000e+04
   2.2319000e+04
   2.2320000e+04
   2.2321000e+04
   2.2322000e+04
   2.2703000e+04
   2.2704000e+04
   2.2766000e+04
   2.2767000e+04
   2.2768000e+04
   2.2830000e+04
   2.2831000e+04
   2.2832000e+04
   2.2833000e+04
   2.2892000e+04
   2.2893000e+04
   2.2894000e+04
   2.2896000e+04
   2.2897000e+04
   2.2956000e+04
   2.2957000e+04
   2.2961000e+04
   2.3017000e+04
   2.3018000e+04
   2.3019000e+04
   2.3020000e+04
   2.3023000e+04
   2.3024000e+04
   2.3025000e+04
   2.3081000e+04
   2.3082000e+04
   2.3083000e+04
   2.3086000e+04
   2.3087000e+04
   2.3088000e+04
   2.3144000e+04
   2.3145000e+04
   2.3146000e+04
   2.3147000e+04
   2.3150000e+04
   2.3151000e+04
   2.3152000e+04
   2.3208000e+04
   2.3209000e+04
   2.3210000e+04
   2.3211000e+04
   2.3214000e+04
   2.3215000e+04
   2.3272000e+04
   2.3273000e+04
   2.3274000e+04
   2.3277000e+04
   2.3278000e+04
   2.3463000e+04
   2.3464000e+04
   2.3529000e+04
   2.3531000e+04
   2.3592000e+04
   2.5513000e+04
   2.5514000e+04
   2.5577000e+04
   2.5578000e+04
   2.5579000e+04
   2.5642000e+04
   2.5643000e+04
   2.5769000e+04
   2.5833000e+04
   2.5897000e+04
   2.5898000e+04
   2.5959000e+04
   2.5960000e+04
   2.5962000e+04
   2.5963000e+04
   2.6023000e+04
   2.6024000e+04
   2.6027000e+04
   2.6091000e+04
   2.6096000e+04
   2.6152000e+04
   2.6154000e+04
   2.6155000e+04
   2.6156000e+04
   2.6160000e+04
   2.6217000e+04
   2.6218000e+04
   2.6219000e+04
   2.6220000e+04
   2.6222000e+04
   2.6281000e+04
   2.6282000e+04
   2.6285000e+04
   2.6286000e+04
   2.6287000e+04
   2.6345000e+04
   2.6350000e+04
   2.6351000e+04
   2.6352000e+04
   2.6353000e+04
   2.6354000e+04
   2.6410000e+04
   2.6412000e+04
   2.6413000e+04
   2.6415000e+04
   2.6416000e+04
   2.6417000e+04
   2.6418000e+04
   2.6475000e+04
   2.6479000e+04
   2.6480000e+04
   2.6539000e+04
   2.6545000e+04
   2.6736000e+04
   2.6799000e+04
   2.6800000e+04
   2.6862000e+04
   2.6863000e+04
   2.6864000e+04
   2.6922000e+04
   2.6926000e+04
   2.6927000e+04
   2.6928000e+04
   2.6930000e+04
   2.6989000e+04
   2.6990000e+04
   2.6991000e+04
   2.6994000e+04
   2.7049000e+04
   2.7050000e+04
   2.7052000e+04
   2.7053000e+04
   2.7054000e+04
   2.7057000e+04
   2.7112000e+04
   2.7113000e+04
   2.7114000e+04
   2.7117000e+04
   2.7120000e+04
   2.7121000e+04
   2.7177000e+04
   2.7178000e+04
   2.7179000e+04
   2.7182000e+04
   2.7183000e+04
   2.7240000e+04
   2.7241000e+04
   2.7242000e+04
   2.7243000e+04
   2.7246000e+04
   2.7247000e+04
   2.7248000e+04
   2.7303000e+04
   2.7304000e+04
   2.7306000e+04
   2.7307000e+04
   2.7310000e+04
   2.7311000e+04
   2.7312000e+04
   2.7367000e+04
   2.7368000e+04
   2.7369000e+04
   2.7370000e+04
   2.7373000e+04
   2.7374000e+04
   2.7375000e+04
   2.7376000e+04
   2.7433000e+04
   2.7434000e+04
   2.7439000e+04
   2.7440000e+04
   2.7497000e+04
   2.7498000e+04
   2.7499000e+04
   2.7561000e+04
   2.7562000e+04
   2.7565000e+04
   2.7625000e+04
   2.7626000e+04
   2.7688000e+04
   2.9545000e+04
   2.9546000e+04
   2.9608000e+04
   2.9609000e+04
   2.9610000e+04
   2.9611000e+04
   2.9673000e+04
   2.9674000e+04
   2.9804000e+04
   2.9805000e+04
   2.9868000e+04
   2.9929000e+04
   2.9935000e+04
   2.9993000e+04
   2.9994000e+04
   2.9999000e+04
   3.0054000e+04
   3.0055000e+04
   3.0058000e+04
   3.0059000e+04
   3.0123000e+04
   3.0128000e+04
   3.0183000e+04
   3.0184000e+04
   3.0187000e+04
   3.0188000e+04
   3.0192000e+04
   3.0193000e+04
   3.0247000e+04
   3.0248000e+04
   3.0250000e+04
   3.0252000e+04
   3.0314000e+04
   3.0318000e+04
   3.0319000e+04
   3.0378000e+04
   3.0381000e+04
   3.0382000e+04
   3.0383000e+04
   3.0384000e+04
   3.0441000e+04
   3.0442000e+04
   3.0444000e+04
   3.0446000e+04
   3.0447000e+04
   3.0448000e+04
   3.0449000e+04
   3.0451000e+04
   3.0505000e+04
   3.0506000e+04
   3.0507000e+04
   3.0508000e+04
   3.0510000e+04
   3.0511000e+04
   3.0576000e+04
   3.0577000e+04
   3.0578000e+04
   3.0635000e+04
   3.0641000e+04
   3.0642000e+04
   3.0891000e+04
   3.0893000e+04
   3.0894000e+04
   3.0895000e+04
   3.0896000e+04
   3.0954000e+04
   3.0955000e+04
   3.0958000e+04
   3.0959000e+04
   3.0960000e+04
   3.1017000e+04
   3.1018000e+04
   3.1019000e+04
   3.1020000e+04
   3.1022000e+04
   3.1023000e+04
   3.1024000e+04
   3.1025000e+04
   3.1026000e+04
   3.1082000e+04
   3.1083000e+04
   3.1084000e+04
   3.1086000e+04
   3.1087000e+04
   3.1088000e+04
   3.1089000e+04
   3.1090000e+04
   3.1145000e+04
   3.1146000e+04
   3.1149000e+04
   3.1150000e+04
   3.1151000e+04
   3.1208000e+04
   3.1209000e+04
   3.1210000e+04
   3.1211000e+04
   3.1213000e+04
   3.1217000e+04
   3.1218000e+04
   3.1274000e+04
   3.1275000e+04
   3.1281000e+04
   3.1282000e+04
   3.1343000e+04
   3.1344000e+04
   3.1345000e+04
   3.1399000e+04
   3.1400000e+04
   3.1403000e+04
   3.1408000e+04
   3.1463000e+04
   3.1466000e+04
   3.1467000e+04
   3.1468000e+04
   3.1472000e+04
   3.1529000e+04
   3.1530000e+04
   3.1531000e+04
   3.1532000e+04
   3.1533000e+04
   3.1535000e+04
   3.1536000e+04
   3.1593000e+04
   3.1594000e+04
   3.1595000e+04
   3.1599000e+04
   3.1600000e+04
   3.1657000e+04
   3.1658000e+04
   3.1663000e+04
   3.1664000e+04
   3.1721000e+04
   3.1722000e+04
   3.1723000e+04
   3.1786000e+04
   3.1787000e+04
   3.1850000e+04
   3.1851000e+04
   3.1915000e+04
   3.3512000e+04
   3.3513000e+04
   3.3575000e+04
   3.3639000e+04
   3.3642000e+04
   3.3643000e+04
   3.3706000e+04
   3.3707000e+04
   3.3765000e+04
   3.3766000e+04
   3.3829000e+04
   3.3830000e+04
   3.3893000e+04
   3.3894000e+04
   3.3900000e+04
   3.3901000e+04
   3.3957000e+04
   3.3958000e+04
   3.3963000e+04
   3.3964000e+04
   3.4021000e+04
   3.4022000e+04
   3.4028000e+04
   3.4086000e+04
   3.4150000e+04
   3.4160000e+04
   3.4214000e+04
   3.4215000e+04
   3.4219000e+04
   3.4220000e+04
   3.4223000e+04
   3.4224000e+04
   3.4225000e+04
   3.4278000e+04
   3.4279000e+04
   3.4284000e+04
   3.4287000e+04
   3.4289000e+04
   3.4290000e+04
   3.4291000e+04
   3.4352000e+04
   3.4353000e+04
   3.4354000e+04
   3.4355000e+04
   3.4410000e+04
   3.4411000e+04
   3.4415000e+04
   3.4416000e+04
   3.4417000e+04
   3.4418000e+04
   3.4419000e+04
   3.4420000e+04
   3.4474000e+04
   3.4475000e+04
   3.4476000e+04
   3.4477000e+04
   3.4478000e+04
   3.4481000e+04
   3.4482000e+04
   3.4483000e+04
   3.4484000e+04
   3.4485000e+04
   3.4538000e+04
   3.4539000e+04
   3.4540000e+04
   3.4542000e+04
   3.4543000e+04
   3.4547000e+04
   3.4601000e+04
   3.4604000e+04
   3.4607000e+04
   3.4673000e+04
   3.4730000e+04
   3.4737000e+04
   3.4796000e+04
   3.4797000e+04
   3.4922000e+04
   3.4923000e+04
   3.4986000e+04
   3.4987000e+04
   3.4988000e+04
   3.4989000e+04
   3.4993000e+04
   3.5051000e+04
   3.5052000e+04
   3.5053000e+04
   3.5054000e+04
   3.5056000e+04
   3.5057000e+04
   3.5113000e+04
   3.5118000e+04
   3.5123000e+04
   3.5178000e+04
   3.5179000e+04
   3.5180000e+04
   3.5183000e+04
   3.5185000e+04
   3.5186000e+04
   3.5187000e+04
   3.5242000e+04
   3.5243000e+04
   3.5246000e+04
   3.5247000e+04
   3.5249000e+04
   3.5306000e+04
   3.5307000e+04
   3.5309000e+04
   3.5310000e+04
   3.5314000e+04
   3.5367000e+04
   3.5370000e+04
   3.5371000e+04
   3.5378000e+04
   3.5433000e+04
   3.5435000e+04
   3.5436000e+04
   3.5440000e+04
   3.5442000e+04
   3.5494000e+04
   3.5495000e+04
   3.5496000e+04
   3.5497000e+04
   3.5499000e+04
   3.5504000e+04
   3.5505000e+04
   3.5558000e+04
   3.5559000e+04
   3.5562000e+04
   3.5563000e+04
   3.5564000e+04
   3.5565000e+04
   3.5568000e+04
   3.5569000e+04
   3.5622000e+04
   3.5623000e+04
   3.5627000e+04
   3.5628000e+04
   3.5686000e+04
   3.5687000e+04
   3.5691000e+04
   3.5696000e+04
   3.5749000e+04
   3.5754000e+04
   3.5755000e+04
   3.5758000e+04
   3.5759000e+04
   3.5760000e+04
   3.5813000e+04
   3.5818000e+04
   3.5819000e+04
   3.5822000e+04
   3.5823000e+04
   3.5824000e+04
   3.5880000e+04
   3.5882000e+04
   3.5883000e+04
   3.5886000e+04
   3.5887000e+04
   3.5946000e+04
   3.5947000e+04
   3.5950000e+04
   3.6010000e+04
   3.6011000e+04
   3.6074000e+04
   3.7674000e+04
   3.7738000e+04
   3.7739000e+04
   3.7797000e+04
   3.7803000e+04
   3.7861000e+04
   3.7862000e+04
   3.7866000e+04
   3.7867000e+04
   3.7925000e+04
   3.7926000e+04
   3.7989000e+04
   3.7992000e+04
   3.7997000e+04
   3.7999000e+04
   3.8053000e+04
   3.8054000e+04
   3.8060000e+04
   3.8061000e+04
   3.8063000e+04
   3.8118000e+04
   3.8120000e+04
   3.8127000e+04
   3.8182000e+04
   3.8183000e+04
   3.8184000e+04
   3.8191000e+04
   3.8192000e+04
   3.8247000e+04
   3.8254000e+04
   3.8255000e+04
   3.8256000e+04
   3.8310000e+04
   3.8318000e+04
   3.8319000e+04
   3.8320000e+04
   3.8321000e+04
   3.8383000e+04
   3.8384000e+04
   3.8385000e+04
   3.8386000e+04
   3.8440000e+04
   3.8447000e+04
   3.8448000e+04
   3.8449000e+04
   3.8450000e+04
   3.8451000e+04
   3.8506000e+04
   3.8507000e+04
   3.8508000e+04
   3.8511000e+04
   3.8512000e+04
   3.8513000e+04
   3.8514000e+04
   3.8515000e+04
   3.8516000e+04
   3.8570000e+04
   3.8571000e+04
   3.8577000e+04
   3.8578000e+04
   3.8579000e+04
   3.8580000e+04
   3.8582000e+04
   3.8634000e+04
   3.8638000e+04
   3.8643000e+04
   3.8644000e+04
   3.8645000e+04
   3.8697000e+04
   3.8705000e+04
   3.8706000e+04
   3.8708000e+04
   3.8770000e+04
   3.8771000e+04
   3.8825000e+04
   3.8826000e+04
   3.8828000e+04
   3.8892000e+04
   3.8955000e+04
   3.8956000e+04
   3.9018000e+04
   3.9019000e+04
   3.9020000e+04
   3.9082000e+04
   3.9083000e+04
   3.9084000e+04
   3.9088000e+04
   3.9090000e+04
   3.9144000e+04
   3.9145000e+04
   3.9146000e+04
   3.9147000e+04
   3.9148000e+04
   3.9153000e+04
   3.9154000e+04
   3.9155000e+04
   3.9213000e+04
   3.9214000e+04
   3.9219000e+04
   3.9277000e+04
   3.9278000e+04
   3.9279000e+04
   3.9282000e+04
   3.9283000e+04
   3.9339000e+04
   3.9342000e+04
   3.9343000e+04
   3.9345000e+04
   3.9346000e+04
   3.9399000e+04
   3.9402000e+04
   3.9403000e+04
   3.9406000e+04
   3.9462000e+04
   3.9463000e+04
   3.9466000e+04
   3.9467000e+04
   3.9468000e+04
   3.9475000e+04
   3.9526000e+04
   3.9529000e+04
   3.9531000e+04
   3.9532000e+04
   3.9533000e+04
   3.9590000e+04
   3.9592000e+04
   3.9595000e+04
   3.9596000e+04
   3.9600000e+04
   3.9601000e+04
   3.9602000e+04
   3.9654000e+04
   3.9655000e+04
   3.9656000e+04
   3.9659000e+04
   3.9663000e+04
   3.9664000e+04
   3.9665000e+04
   3.9717000e+04
   3.9718000e+04
   3.9719000e+04
   3.9727000e+04
   3.9728000e+04
   3.9729000e+04
   3.9781000e+04
   3.9782000e+04
   3.9786000e+04
   3.9787000e+04
   3.9847000e+04
   3.9850000e+04
   3.9851000e+04
   3.9855000e+04
   3.9856000e+04
   3.9908000e+04
   3.9915000e+04
   3.9916000e+04
   3.9919000e+04
   3.9978000e+04
   3.9982000e+04
   3.9983000e+04
   4.0045000e+04
   4.0046000e+04
   4.0105000e+04
   4.0106000e+04
   4.0169000e+04
   4.0170000e+04
   4.0171000e+04
   4.0173000e+04
   4.1765000e+04
   4.1828000e+04
   4.1829000e+04
   4.1837000e+04
   4.1893000e+04
   4.1898000e+04
   4.1901000e+04
   4.1958000e+04
   4.1962000e+04
   4.1963000e+04
   4.1966000e+04
   4.2023000e+04
   4.2029000e+04
   4.2030000e+04
   4.2088000e+04
   4.2093000e+04
   4.2152000e+04
   4.2160000e+04
   4.2220000e+04
   4.2225000e+04
   4.2278000e+04
   4.2279000e+04
   4.2287000e+04
   4.2289000e+04
   4.2290000e+04
   4.2343000e+04
   4.2344000e+04
   4.2350000e+04
   4.2351000e+04
   4.2354000e+04
   4.2408000e+04
   4.2414000e+04
   4.2415000e+04
   4.2416000e+04
   4.2419000e+04
   4.2472000e+04
   4.2473000e+04
   4.2479000e+04
   4.2480000e+04
   4.2481000e+04
   4.2483000e+04
   4.2543000e+04
   4.2544000e+04
   4.2545000e+04
   4.2547000e+04
   4.2608000e+04
   4.2609000e+04
   4.2610000e+04
   4.2663000e+04
   4.2666000e+04
   4.2672000e+04
   4.2673000e+04
   4.2674000e+04
   4.2675000e+04
   4.2727000e+04
   4.2729000e+04
   4.2730000e+04
   4.2738000e+04
   4.2739000e+04
   4.2740000e+04
   4.2792000e+04
   4.2793000e+04
   4.2801000e+04
   4.2802000e+04
   4.2803000e+04
   4.2804000e+04
   4.2856000e+04
   4.2867000e+04
   4.3115000e+04
   4.3116000e+04
   4.3178000e+04
   4.3181000e+04
   4.3185000e+04
   4.3187000e+04
   4.3240000e+04
   4.3241000e+04
   4.3242000e+04
   4.3243000e+04
   4.3244000e+04
   4.3250000e+04
   4.3251000e+04
   4.3252000e+04
   4.3304000e+04
   4.3305000e+04
   4.3306000e+04
   4.3307000e+04
   4.3309000e+04
   4.3310000e+04
   4.3314000e+04
   4.3315000e+04
   4.3316000e+04
   4.3368000e+04
   4.3369000e+04
   4.3370000e+04
   4.3374000e+04
   4.3375000e+04
   4.3378000e+04
   4.3380000e+04
   4.3432000e+04
   4.3433000e+04
   4.3438000e+04
   4.3439000e+04
   4.3441000e+04
   4.3442000e+04
   4.3444000e+04
   4.3495000e+04
   4.3496000e+04
   4.3499000e+04
   4.3508000e+04
   4.3558000e+04
   4.3559000e+04
   4.3563000e+04
   4.3564000e+04
   4.3569000e+04
   4.3625000e+04
   4.3628000e+04
   4.3633000e+04
   4.3634000e+04
   4.3635000e+04
   4.3688000e+04
   4.3689000e+04
   4.3691000e+04
   4.3695000e+04
   4.3697000e+04
   4.3752000e+04
   4.3759000e+04
   4.3760000e+04
   4.3761000e+04
   4.3762000e+04
   4.3813000e+04
   4.3824000e+04
   4.3825000e+04
   4.3889000e+04
   4.3951000e+04
   4.3952000e+04
   4.4003000e+04
   4.4004000e+04
   4.4007000e+04
   4.4015000e+04
   4.4079000e+04
   4.4137000e+04
   4.4141000e+04
   4.4142000e+04
   4.4205000e+04
   4.4206000e+04
   4.4269000e+04
   4.4332000e+04
   4.5796000e+04
   4.5797000e+04
   4.5860000e+04
   4.5861000e+04
   4.5924000e+04
   4.5925000e+04
   4.5997000e+04
   4.5998000e+04
   4.6050000e+04
   4.6051000e+04
   4.6054000e+04
   4.6058000e+04
   4.6061000e+04
   4.6062000e+04
   4.6119000e+04
   4.6125000e+04
   4.6126000e+04
   4.6188000e+04
   4.6189000e+04
   4.6252000e+04
   4.6315000e+04
   4.6316000e+04
   4.6374000e+04
   4.6375000e+04
   4.6386000e+04
   4.6436000e+04
   4.6439000e+04
   4.6440000e+04
   4.6504000e+04
   4.6505000e+04
   4.6515000e+04
   4.6579000e+04
   4.6580000e+04
   4.6643000e+04
   4.6644000e+04
   4.6704000e+04
   4.6705000e+04
   4.6706000e+04
   4.6759000e+04
   4.6770000e+04
   4.6771000e+04
   4.6825000e+04
   4.6834000e+04
   4.6835000e+04
   4.6836000e+04
   4.6888000e+04
   4.6889000e+04
   4.6900000e+04
   4.7147000e+04
   4.7211000e+04
   4.7212000e+04
   4.7273000e+04
   4.7282000e+04
   4.7284000e+04
   4.7336000e+04
   4.7339000e+04
   4.7346000e+04
   4.7347000e+04
   4.7348000e+04
   4.7401000e+04
   4.7402000e+04
   4.7403000e+04
   4.7410000e+04
   4.7465000e+04
   4.7466000e+04
   4.7473000e+04
   4.7474000e+04
   4.7476000e+04
   4.7604000e+04
   4.7663000e+04
   4.7664000e+04
   4.7665000e+04
   4.7666000e+04
   4.7726000e+04
   4.7727000e+04
   4.7728000e+04
   4.7729000e+04
   4.7730000e+04
   4.7731000e+04
   4.7784000e+04
   4.7785000e+04
   4.7789000e+04
   4.7790000e+04
   4.7791000e+04
   4.7792000e+04
   4.7793000e+04
   4.7794000e+04
   4.7795000e+04
   4.7848000e+04
   4.7849000e+04
   4.7854000e+04
   4.7855000e+04
   4.7856000e+04
   4.7857000e+04
   4.7909000e+04
   4.7912000e+04
   4.7919000e+04
   4.7983000e+04
   4.7984000e+04
   4.8048000e+04
   4.8049000e+04
   4.8112000e+04
   4.8224000e+04
   4.8225000e+04
   4.8226000e+04
   4.8289000e+04
   4.8290000e+04
   4.8301000e+04
   4.8302000e+04
   4.8425000e+04
   5.0094000e+04
   5.0144000e+04
   5.0158000e+04
   5.0209000e+04
   5.0220000e+04
   5.0221000e+04
   5.0284000e+04
   5.0285000e+04
   5.0347000e+04
   5.0348000e+04
   5.0353000e+04
   5.0405000e+04
   5.0406000e+04
   5.0411000e+04
   5.0413000e+04
   5.0414000e+04
   5.0415000e+04
   5.0418000e+04
   5.0467000e+04
   5.0468000e+04
   5.0470000e+04
   5.0471000e+04
   5.0478000e+04
   5.0482000e+04
   5.0535000e+04
   5.0536000e+04
   5.0545000e+04
   5.0546000e+04
   5.0609000e+04
   5.0610000e+04
   5.0675000e+04
   5.0736000e+04
   5.0737000e+04
   5.0740000e+04
   5.0800000e+04
   5.0801000e+04
   5.0802000e+04
   5.0866000e+04
   5.0868000e+04
   5.0930000e+04
   5.0931000e+04
   5.1243000e+04
   5.1307000e+04
   5.1368000e+04
   5.1369000e+04
   5.1370000e+04
   5.1379000e+04
   5.1433000e+04
   5.1434000e+04
   5.1506000e+04
   5.1572000e+04
   5.1636000e+04
   5.1759000e+04
   5.1760000e+04
   5.1761000e+04
   5.1762000e+04
   5.1763000e+04
   5.1822000e+04
   5.1823000e+04
   5.1824000e+04
   5.1826000e+04
   5.1827000e+04
   5.1885000e+04
   5.1886000e+04
   5.1887000e+04
   5.1888000e+04
   5.1944000e+04
   5.1945000e+04
   5.1949000e+04
   5.1950000e+04
   5.1955000e+04
   5.2004000e+04
   5.2005000e+04
   5.2013000e+04
   5.2014000e+04
   5.2068000e+04
   5.2069000e+04
   5.2078000e+04
   5.2079000e+04
   5.2080000e+04
   5.2143000e+04
   5.2144000e+04
   5.2193000e+04
   5.2204000e+04
   5.2209000e+04
   5.2258000e+04
   5.2268000e+04
   5.2269000e+04
   5.2273000e+04
   5.2320000e+04
   5.2321000e+04
   5.2326000e+04
   5.2333000e+04
   5.2334000e+04
   5.2395000e+04
   5.2396000e+04
   5.2460000e+04
   5.4178000e+04
   5.4318000e+04
   5.4379000e+04
   5.4380000e+04
   5.4438000e+04
   5.4443000e+04
   5.4444000e+04
   5.4449000e+04
   5.4497000e+04
   5.4500000e+04
   5.4502000e+04
   5.4503000e+04
   5.4507000e+04
   5.4508000e+04
   5.4509000e+04
   5.4510000e+04
   5.4563000e+04
   5.4567000e+04
   5.4572000e+04
   5.4573000e+04
   5.4574000e+04
   5.4578000e+04
   5.4641000e+04
   5.4642000e+04
   5.4643000e+04
   5.4705000e+04
   5.4706000e+04
   5.4707000e+04
   5.4896000e+04
   5.4897000e+04
   5.4898000e+04
   5.4899000e+04
   5.4961000e+04
   5.4962000e+04
   5.4963000e+04
   5.4964000e+04
   5.4965000e+04
   5.5025000e+04
   5.5090000e+04
   5.5475000e+04
   5.5529000e+04
   5.5593000e+04
   5.5732000e+04
   5.5858000e+04
   5.5859000e+04
   5.5860000e+04
   5.5923000e+04
   5.6039000e+04
   5.6040000e+04
   5.6099000e+04
   5.6100000e+04
   5.6102000e+04
   5.6109000e+04
   5.6110000e+04
   5.6114000e+04
   5.6174000e+04
   5.6175000e+04
   5.6239000e+04
   5.6240000e+04
   5.6303000e+04
   5.6304000e+04
   5.6365000e+04
   5.6368000e+04
   5.6369000e+04
   5.6416000e+04
   5.6430000e+04
   5.6550000e+04
   5.6551000e+04
   5.6615000e+04
   5.8398000e+04
   5.8414000e+04
   5.8462000e+04
   5.8463000e+04
   5.8527000e+04
   5.8533000e+04
   5.8534000e+04
   5.8539000e+04
   5.8540000e+04
   5.8598000e+04
   5.8603000e+04
   5.8604000e+04
   5.8607000e+04
   5.8668000e+04
   5.8669000e+04
   5.8670000e+04
   5.8671000e+04
   5.8675000e+04
   5.8725000e+04
   5.8739000e+04
   5.8996000e+04
   5.8997000e+04
   5.9125000e+04
   5.9624000e+04
   5.9625000e+04
   5.9637000e+04
   6.0133000e+04
   6.0134000e+04
   6.0135000e+04
   6.0206000e+04
   6.0210000e+04
   6.0270000e+04
   6.0271000e+04
   6.0335000e+04
   6.0336000e+04
   6.0400000e+04
   6.0454000e+04
   6.0462000e+04
   6.0463000e+04
   6.0464000e+04
   6.0518000e+04
   6.0526000e+04
   6.0527000e+04
   6.0582000e+04
   6.0583000e+04
   6.0647000e+04
   6.0711000e+04
   6.0712000e+04
   6.0776000e+04
   6.2121000e+04
   6.2246000e+04
   6.2310000e+04
   6.2445000e+04
   6.2687000e+04
   6.2693000e+04
   6.2702000e+04
   6.2707000e+04
   6.2708000e+04
   6.2765000e+04
   6.2766000e+04
   6.2771000e+04
   6.3221000e+04
   6.3669000e+04
   6.3733000e+04
   6.4228000e+04
   6.4229000e+04
   6.4241000e+04
   6.4242000e+04
   6.4291000e+04
   6.4292000e+04
   6.4305000e+04
   6.4306000e+04
   6.4487000e+04
   6.4744000e+04
   6.4804000e+04
   6.4809000e+04
   6.4869000e+04
   6.4933000e+04
   6.6340000e+04
   6.6405000e+04
   6.6539000e+04
   6.6540000e+04
   6.6716000e+04
   6.6734000e+04
   6.6738000e+04
   6.6788000e+04
   6.6797000e+04
   6.6847000e+04
   6.6861000e+04
   6.6930000e+04
   6.6932000e+04
   6.6994000e+04
   6.6995000e+04
   6.6996000e+04
   6.7059000e+04
   6.7060000e+04
   6.7061000e+04
   6.7122000e+04
   6.7123000e+04
   6.7124000e+04
   6.7190000e+04
   6.7317000e+04
   6.8018000e+04
   6.8019000e+04
   6.8082000e+04
   6.8145000e+04
   6.8149000e+04
   6.8150000e+04
   6.8213000e+04
   6.8273000e+04
   6.8274000e+04
   6.8275000e+04
   6.8276000e+04
   6.8277000e+04
   6.8337000e+04
   6.8338000e+04
   6.8339000e+04
   6.8340000e+04
   6.8384000e+04
   6.8387000e+04
   6.8772000e+04
   6.8776000e+04
   6.8836000e+04
   6.8837000e+04
   6.8901000e+04
   6.8965000e+04
   7.0567000e+04
   7.0635000e+04
   7.0766000e+04
   7.0883000e+04
   7.0884000e+04
   7.1009000e+04
   7.1026000e+04
   7.1088000e+04
   7.1156000e+04
   7.1220000e+04
   7.1285000e+04
   7.1286000e+04
   7.1350000e+04
   7.1413000e+04
   7.1414000e+04
   7.2415000e+04
   7.2868000e+04
   7.2933000e+04
   7.2997000e+04
   7.4977000e+04
   7.4978000e+04
   7.5041000e+04
   7.5042000e+04
   7.5120000e+04
   7.5446000e+04
   7.5511000e+04
   7.5512000e+04
   7.6022000e+04
   7.9154000e+04
   7.9157000e+04
   7.9158000e+04
   7.9222000e+04
   7.9285000e+04
   7.9607000e+04
   7.9608000e+04
   7.9670000e+04
   7.9671000e+04
   8.3253000e+04
   8.3318000e+04
   8.3766000e+04
   8.3767000e+04
