   2.6451979e+01
   2.9054565e+01
   2.9237838e+01
   2.4239590e+01
   2.4940426e+01
   3.5021527e+01
   2.5931346e+01
   3.0022418e+01
   4.6795434e+01
   2.3710582e+01
   4.3391079e+01
   6.1012187e+01
   2.7928845e+01
   3.4318961e+01
   5.3893308e+01
   5.6479552e+01
   3.8959895e+01
   5.7309004e+01
   3.4563445e+01
   6.5380972e+01
   4.8861242e+01
   5.7805484e+01
   6.0812938e+01
   3.3789254e+01
   4.9229754e+01
   6.6696416e+01
   3.9918722e+01
   3.0316103e+01
   6.2609657e+01
   3.9706465e+01
   3.3235031e+01
   3.0011531e+01
   2.3623756e+01
   3.4522478e+01
   5.6938000e+01
   3.8540115e+01
   3.0094404e+01
   3.4431589e+01
   5.5267845e+01
   4.2060007e+01
   4.4373821e+01
   2.6849840e+01
   3.0495300e+01
   3.0159487e+01
   3.0991506e+01
   2.3029482e+01
   5.5560492e+01
   4.9982131e+01
   5.2009186e+01
   3.6117911e+01
   2.9446538e+01
   2.9931806e+01
   2.9974885e+01
   4.7773573e+01
   3.2087852e+01
   5.6503255e+01
   6.6679450e+01
   4.0141524e+01
   2.9817347e+01
   2.4621402e+01
   2.2973226e+01
   2.2547470e+01
   3.8406428e+01
   4.9787088e+01
   3.7794352e+01
   3.4440203e+01
   5.4277079e+01
   4.9474610e+01
   2.9413715e+01
   3.5727256e+01
   5.2131828e+01
   3.0828873e+01
   4.7953154e+01
   2.2901778e+01
   3.8512430e+01
   3.8368643e+01
   1.9920946e+01
   4.7685012e+01
   6.1618397e+01
   4.6479500e+01
   4.8839103e+01
   2.7260432e+01
   3.8876236e+01
   3.8492680e+01
   2.6660107e+01
   2.5576609e+01
   4.3299011e+01
   4.5312821e+01
   3.8322106e+01
   3.7901083e+01
   2.9530277e+01
   3.0373775e+01
   2.7364655e+01
   3.3934738e+01
   2.5036518e+01
   2.7397150e+01
   3.1694346e+01
   4.2871657e+01
   2.0317143e+01
   4.8715851e+01
   5.2846259e+01
   2.1361564e+01
   3.5150816e+01
   5.8522414e+01
   6.5284523e+01
   5.3348766e+01
   2.1836647e+01
   3.5847865e+01
   2.5324243e+01
   5.0375697e+01
   2.9038605e+01
   3.4849228e+01
   4.9295115e+01
   3.8583541e+01
   3.0871562e+01
   2.0225621e+01
   2.5419275e+01
   5.2137775e+01
   5.3375593e+01
   3.6581308e+01
   4.1980301e+01
   4.5968788e+01
   4.0398216e+01
   2.1123320e+01
   6.8400201e+01
   5.5668401e+01
   4.4117655e+01
   4.0929087e+01
   5.7463261e+01
   4.5918823e+01
   3.7458275e+01
   4.9016624e+01
   3.2301272e+01
   4.8752859e+01
   5.1059739e+01
   2.3075903e+01
   3.5800727e+01
   3.1147966e+01
  -5.3871389e+01
   3.4359058e+01
   2.4204442e+01
   3.2667055e+01
   3.9141401e+01
   4.8414489e+01
   5.4343736e+01
   6.0163586e+01
   4.2211628e+01
   2.5378694e+01
   2.3272278e+01
   2.0119092e+01
   3.4367447e+01
   2.5158950e+01
   4.0216814e+01
   4.2149162e+01
   2.7713138e+01
   3.1230317e+01
   2.6509646e+01
   2.2955647e+01
   2.3443241e+01
   3.9690691e+01
   3.7969601e+01
   3.0343135e+01
   3.1237667e+01
   3.4085507e+01
   2.1444975e+01
   2.9244033e+01
   4.5473191e+01
   2.8131548e+01
   5.6524265e+01
   2.1697232e+01
   2.8173379e+01
   4.3581256e+01
   6.2889669e+01
   5.2246778e+01
   3.7939845e+01
   6.3986749e+01
   4.1177934e+01
   6.9821914e+01
   5.2489225e+01
   4.9286940e+01
   4.7210074e+01
   6.6135360e+01
   4.3427796e+01
   2.8574617e+01
   2.0135945e+01
   2.1776970e+01
   4.7189216e+01
   2.5184768e+01
   6.6731925e+01
   6.4988069e+01
   3.4205214e+01
   3.1050885e+01
   3.1295007e+01
   2.0794201e+01
   3.8864331e+01
   3.0890085e+01
   3.4448253e+01
   2.7463101e+01
   3.5291067e+01
   6.7384227e+01
   4.8294475e+01
   2.7529103e+01
   7.2244455e+01
   7.9052921e+01
   4.7415369e+01
   4.9676056e+01
   6.6030798e+01
   7.3934421e+01
   5.8911176e+01
   4.1528706e+01
   5.9750756e+01
   4.4187094e+01
   5.0172806e+01
   7.8648658e+01
   3.9487362e+01
   3.4433748e+01
   3.0846113e+01
   4.0543232e+01
   5.7837206e+01
   3.6098438e+01
   3.5774874e+01
   6.6970844e+01
   3.1994340e+01
   5.1302267e+01
   4.3994933e+01
   3.2191218e+01
   2.6713780e+01
   5.0666171e+01
   2.5037009e+01
   3.9681161e+01
   4.0825169e+01
   3.7715988e+01
   6.9136716e+01
   5.4647029e+01
   4.7692802e+01
   5.5713583e+01
   4.9298703e+01
   4.9357228e+01
   2.3294524e+01
   5.9616751e+01
   4.3391640e+01
   2.4614384e+01
   2.0094146e+01
   6.5196481e+01
   6.0945181e+01
   2.9150417e+01
   4.0865108e+01
   4.9799233e+01
   4.3397865e+01
   6.1504332e+01
   3.6744709e+01
   5.2308149e+01
   5.2453927e+01
   4.3270346e+01
   6.5959305e+01
   3.8938564e+01
   3.7194956e+01
   5.5967174e+01
   3.4025980e+01
   2.6259070e+01
   3.5950416e+01
   3.0581881e+01
   3.4286766e+01
   3.8862165e+01
   2.1892916e+01
   5.3401740e+01
   5.9312746e+01
   2.9642591e+01
   2.5243573e+01
   2.1120706e+01
   3.6747174e+01
   3.8896178e+01
   2.8366773e+01
   3.3097428e+01
   4.2341623e+01
   2.7758743e+01
   4.0755432e+01
   3.1087887e+01
   2.8162126e+01
   4.7725697e+01
   2.9104397e+01
   2.6559954e+01
   4.4148456e+01
   2.9017357e+01
   4.5427764e+01
   3.4814715e+01
   3.3207183e+01
   3.6492766e+01
   2.8752970e+01
   5.3183309e+01
   2.6962681e+01
   4.8912015e+01
   2.2020110e+01
   3.1863336e+01
   3.7339450e+01
   4.7058991e+01
   3.2595437e+01
   3.2009792e+01
   4.2590815e+01
   6.2825729e+01
   3.3241575e+01
   4.0778943e+01
   4.2183745e+01
   4.4124167e+01
   1.9834865e+01
   5.7017634e+01
   4.1503316e+01
   3.6368454e+01
   6.0636747e+01
   3.8047765e+01
   5.5011888e+01
   5.8519121e+01
   3.3644179e+01
   5.0324904e+01
   3.6853780e+01
   5.2905232e+01
   3.1167472e+01
   4.4935349e+01
   3.4624604e+01
   2.6349418e+01
   5.5732614e+01
   4.3681513e+01
   2.4817179e+01
   3.2358142e+01
   3.0447929e+01
   4.1488667e+01
   4.2775917e+01
   3.1690513e+01
   4.8812590e+01
   3.7144692e+01
   6.7613978e+01
   5.4413894e+01
   3.4116559e+01
   3.5240407e+01
   4.7797212e+01
   3.4769555e+01
   5.0237512e+01
   6.3173491e+01
   3.2509596e+01
   3.6667019e+01
   7.2145375e+01
   3.8392946e+01
   3.7554590e+01
   2.7451945e+01
   4.5365275e+01
   6.8237827e+01
   4.5736331e+01
   3.9152993e+01
   6.8554454e+01
   3.0433511e+01
   4.6380825e+01
   4.1242544e+01
   5.0229848e+01
   4.3395672e+01
   2.3619194e+01
   2.5029459e+01
   4.1952840e+01
   2.3798819e+01
   2.4785712e+01
   4.0752526e+01
   6.0790633e+01
   2.8389510e+01
   4.0631256e+01
   4.0585657e+01
   5.3251935e+01
   5.3158989e+01
   5.2088951e+01
   3.7863872e+01
   5.5755860e+01
   3.4931765e+01
   2.7132404e+01
   3.0473388e+01
   4.4019055e+01
   3.6059583e+01
   4.1639888e+01
   3.1450648e+01
   3.0771594e+01
   2.9415476e+01
   3.2433736e+01
   6.7004847e+01
   6.2543750e+01
   2.2349879e+01
   2.1122465e+01
   4.2887586e+01
   3.8845363e+01
   6.6689650e+01
   5.9299198e+01
   3.9462597e+01
   5.1668934e+01
   5.8003294e+01
   6.8398550e+01
   4.6811436e+01
   3.5337234e+01
   4.7561524e+01
   7.1916232e+01
   2.8911442e+01
   5.5529380e+01
   5.6570620e+01
   4.7396260e+01
   5.7482697e+01
   1.8504710e+01
   1.4381421e+01
   2.0213520e+01
   2.2705102e+01
   1.8219104e+01
   5.1166602e+01
   3.4446116e+01
   4.2379254e+01
   2.7349889e+01
   3.8833304e+01
   2.7658738e+01
   3.4437654e+01
   2.4337454e+01
   3.2548575e+01
   2.6045862e+01
   3.1618036e+01
   3.3189744e+01
   3.4548842e+01
   3.1796337e+01
   1.7881499e+01
   4.4863922e+01
   3.2720163e+01
   3.6893078e+01
   4.0173021e+01
   3.7530958e+01
   4.1575043e+01
   4.2272760e+01
   2.7103294e+01
   2.5913605e+01
   3.9789489e+01
   2.3893719e+01
   4.4611845e+01
   6.4178690e+01
   4.7014324e+01
   2.0503900e+01
   3.1939375e+01
   2.1700280e+01
   2.4048631e+01
   3.1734680e+01
   5.0801287e+01
   4.7479434e+01
   2.7760306e+01
   2.6461799e+01
   5.5656470e+01
   5.3953978e+01
   3.6617401e+01
   2.6376946e+01
   2.2989880e+01
   5.1827042e+01
   6.8945273e+01
   5.0652020e+01
   5.2800825e+01
   5.0891810e+01
   3.2785654e+01
   3.6869556e+01
   2.5866018e+01
   3.5593026e+01
   3.9114400e+01
   4.4812944e+01
   4.0613746e+01
   4.4443872e+01
   4.9875976e+01
   4.4596555e+01
   3.9653929e+01
   3.5098222e+01
   3.7937071e+01
   3.6782485e+01
   2.8543520e+01
   3.2635858e+01
   2.9962692e+01
   2.4689098e+01
   3.0732477e+01
   4.6891391e+01
   3.1716913e+01
   4.1718492e+01
   2.9589727e+01
   3.2149264e+01
   4.6531915e+01
   5.3883076e+01
   3.5523643e+01
   4.1256532e+01
   2.7790250e+01
   3.3221177e+01
   3.9453617e+01
   2.2705947e+01
   3.3175832e+01
   3.1066602e+01
   4.2941107e+01
   3.4999763e+01
   4.2666237e+01
   3.2382610e+01
   4.0886519e+01
   5.2043968e+01
   3.5822199e+01
   5.1664519e+01
   3.6015300e+01
   3.9390977e+01
   4.1139372e+01
   6.3611070e+01
   5.1971917e+01
   5.5771712e+01
   4.6162572e+01
   4.1655713e+01
   4.4185184e+01
   3.1485687e+01
   5.0962633e+01
   3.9913810e+01
   2.3337893e+01
   3.5267105e+01
   3.4416875e+01
   1.8491297e+01
   2.5303374e+01
   5.2454554e+01
   6.0328259e+01
   3.2226661e+01
   3.9846508e+01
   4.4090687e+01
   4.4261581e+01
   4.7964577e+01
   5.1892227e+01
   4.1004120e+01
   4.2244041e+01
   1.8611207e+01
   6.9988655e+01
   5.0158244e+01
   4.8828581e+01
   6.3706952e+01
   7.1992067e+01
   4.2205304e+01
   7.9929111e+01
   5.4750715e+01
   1.6858008e+01
   6.1326236e+01
   6.9969962e+01
   4.6449460e+01
   5.7520007e+01
   3.9356166e+01
   5.3799461e+01
   4.2905613e+01
   2.8496686e+01
   2.4637138e+01
   2.6810907e+01
   3.7178515e+01
   3.6835387e+01
   2.8534894e+01
   2.5640639e+01
   5.5239151e+01
   5.3790222e+01
   3.1022011e+01
   2.5801076e+01
   3.9619931e+01
   2.8647889e+01
   5.6930198e+01
   4.4989822e+01
   2.2260155e+01
   4.5295642e+01
   5.8487709e+01
   4.4737078e+01
   4.0404017e+01
   5.4352146e+01
   5.2907704e+01
   3.4188054e+01
   5.5843809e+01
   5.1653343e+01
   2.4702799e+01
   2.5844183e+01
   2.8215391e+01
   3.2016250e+01
   4.6838611e+01
   3.4233301e+01
   4.1836271e+01
   3.5869058e+01
   1.8792037e+01
   2.0395840e+01
   3.3132138e+01
   3.1747823e+01
   3.0004125e+01
   1.7140431e+01
   3.0740848e+01
   3.5696005e+01
   2.9210140e+01
   2.6182785e+01
   2.3948168e+01
   3.0911369e+01
   4.2149351e+01
   4.0842709e+01
   2.8030850e+01
   3.6414027e+01
   4.6666107e+01
   4.6132897e+01
   2.7381818e+01
   4.4056868e+01
   3.6402332e+01
   3.0376710e+01
   2.1053559e+01
   3.9370483e+01
   3.0390324e+01
   4.0949498e+01
   4.5586694e+01
   6.3270356e+01
   5.2148625e+01
   5.1309991e+01
   2.9537414e+01
   4.0132621e+01
   6.0575796e+01
   6.0571060e+01
   2.9034335e+01
   4.1893575e+01
   5.3813696e+01
   6.5043547e+01
   7.4688257e+01
   6.3798831e+01
   2.5582013e+01
   6.1446569e+01
   2.0186391e+01
   3.5320413e+01
   6.3558186e+01
   7.0681283e+01
   8.1759342e+01
   7.8612443e+01
   5.0361490e+01
   3.4575295e+01
   2.7368915e+01
   6.2152032e+01
   7.0501111e+01
   6.0891770e+01
   6.4783956e+01
   5.1952717e+01
   2.7942183e+01
   3.1299479e+01
   6.6667748e+01
   6.8873449e+01
   5.9632577e+01
   2.3607634e+01
   5.3326076e+01
   3.6502820e+01
   5.5692562e+01
   5.2675312e+01
   4.5934787e+01
   3.1310536e+01
   3.7168349e+01
   2.8694630e+01
   2.7349140e+01
   3.1650635e+01
   2.4616281e+01
   3.5508056e+01
   6.0130545e+01
   2.7026375e+01
   5.2975544e+01
   6.6626828e+01
   4.9024091e+01
   2.8359196e+01
   3.9846809e+01
   2.0084983e+01
   4.2274465e+01
   2.2401361e+01
   3.6292828e+01
   6.1587908e+01
   4.7441247e+01
   3.8784414e+01
   4.8922402e+01
   4.9112553e+01
   4.6856394e+01
   7.7823901e+01
   3.0122772e+01
   4.1924361e+01
   2.9197955e+01
   5.4164657e+01
   5.1963946e+01
   5.6346596e+01
   5.6982836e+01
   4.9329707e+01
   5.0019304e+01
   5.2014238e+01
   3.6328815e+01
   5.0432332e+01
   7.4068294e+01
   4.0173401e+01
   3.7897703e+01
   4.4714206e+01
   2.8040201e+01
   8.1778786e+01
   4.2334225e+01
   3.9567099e+01
   5.2894161e+01
   3.2063478e+01
   6.8028580e+01
   6.7005109e+01
   2.5418205e+01
   2.6257266e+01
   3.2061930e+01
   8.0959566e+01
   5.4983564e+01
   3.6320756e+01
   2.0966551e+01
   2.6721496e+01
   3.2879108e+01
   5.6407626e+01
   3.0506983e+01
   4.9860600e+01
   4.4757627e+01
   6.2742889e+01
   5.3224453e+01
   2.9933409e+01
   4.3877079e+01
   4.0813804e+01
   3.6343285e+01
   3.6127870e+01
   3.7404538e+01
   3.1604018e+01
   2.7092436e+01
   2.9328879e+01
   3.5317678e+01
   2.9316439e+01
   2.6211878e+01
   4.4332192e+01
   4.3284847e+01
   3.9037579e+01
   4.6783129e+01
   3.7015359e+01
   4.0970804e+01
   5.3583574e+01
   2.4185858e+01
   4.9240525e+01
   5.2588570e+01
   4.8906843e+01
   5.6305544e+01
   2.3422229e+01
   3.5261088e+01
   2.6371825e+01
   4.3199057e+01
   3.6038171e+01
   2.8968502e+01
   3.7997036e+01
   3.2628512e+01
   4.6746074e+01
   2.9067973e+01
   4.3787063e+01
   3.7122599e+01
   3.2002590e+01
   2.6612630e+01
   2.9684318e+01
   3.0385102e+01
   3.0212395e+01
   2.9436960e+01
   2.6192289e+01
   3.1978724e+01
   2.8426223e+01
   3.4128348e+01
   2.6629847e+01
   2.3607044e+01
   3.1121853e+01
   3.2971378e+01
   4.0387855e+01
   2.0486457e+01
   3.3132068e+01
   2.9386259e+01
   4.4718937e+01
   4.1408111e+01
   3.8241220e+01
   2.0829284e+01
   3.1076197e+01
   4.9835784e+01
   2.9891126e+01
   2.2700627e+01
   3.6570175e+01
   4.5237348e+01
   4.6656449e+01
   2.1998504e+01
   3.8329965e+01
   4.3214687e+01
   7.1675584e+01
   6.0829653e+01
   3.3102494e+01
   2.2713920e+01
   2.1966634e+01
   2.4980956e+01
   4.6517718e+01
   5.5377850e+01
   5.1812421e+01
   5.9732163e+01
   2.9091198e+01
   2.4494250e+01
   3.4646837e+01
   4.2099294e+01
   5.2661129e+01
   4.6024119e+01
   3.0977459e+01
   3.4107999e+01
   2.9484074e+01
   3.9901157e+01
   5.7532433e+01
   6.6929693e+01
   3.2204933e+01
   3.1122059e+01
   4.4353745e+01
   6.7621278e+01
   5.4429102e+01
   5.4816568e+01
   2.4079018e+01
   4.7203971e+01
   4.4907822e+01
   2.7092142e+01
   2.9043914e+01
   3.0580715e+01
   3.4789361e+01
   3.6181169e+01
   4.0339738e+01
   4.6780718e+01
   3.4202564e+01
   6.3493446e+01
   3.8187625e+01
   4.1986278e+01
   7.6079185e+01
   4.9442072e+01
   3.8025111e+01
   4.1799412e+01
   6.0860405e+01
   5.4221652e+01
   4.8390365e+01
   4.0536248e+01
   3.2527494e+01
   7.1339969e+01
   5.4919280e+01
   2.9729820e+01
   4.8601029e+01
   1.7244299e+01
   4.2800574e+01
   2.7082392e+01
   5.0747203e+01
   4.5697987e+01
   5.2993212e+01
   2.1014441e+01
   3.6291086e+01
   3.1451101e+01
   4.2068943e+01
   3.1711516e+01
   5.0993017e+01
   2.7249100e+01
   2.6129213e+01
   3.5604086e+01
   5.4044001e+01
   2.4477617e+01
   3.3900571e+01
   3.6080483e+01
   1.4583290e+01
   2.5681803e+01
   2.0348385e+01
   1.9147863e+01
   5.8946671e+01
   4.9135341e+01
   2.7458197e+01
   2.5351515e+01
   3.8519512e+01
   1.8502950e+01
   4.1997967e+01
   4.7202506e+01
   3.8440278e+01
   5.4179136e+01
   3.2079200e+01
   4.1928894e+01
   2.7951945e+01
   2.8443493e+01
   4.3858640e+01
   3.3767739e+01
   4.7269986e+01
   3.0434475e+01
   2.6446248e+01
   3.8844416e+01
   3.0550035e+01
   2.7230210e+01
   4.0084966e+01
   3.3529044e+01
   2.4479149e+01
   2.0358986e+01
   4.3216559e+01
   5.6416256e+01
   6.1388128e+01
   5.0260836e+01
   2.5560047e+01
   2.9114439e+01
   2.4668994e+01
   3.7390529e+01
   3.2520599e+01
   3.1469904e+01
   2.3263093e+01
   4.0799087e+01
   4.5784885e+01
   1.7050808e+01
   2.1736160e+01
   1.9874931e+01
   2.7162710e+01
   3.8913287e+01
   5.1202187e+01
   1.9844162e+01
   4.5651238e+01
   4.1120234e+01
   2.7794305e+01
   4.2473553e+01
   2.3759094e+01
   2.4978184e+01
   3.3589599e+01
   2.3145871e+01
   2.7506759e+01
   3.0987830e+01
   2.5423741e+01
   3.8358949e+01
   5.3476309e+01
   2.8839062e+01
   4.3983498e+01
   4.4456858e+01
   5.0865767e+01
   4.8611233e+01
   3.6112966e+01
   5.0751396e+01
   6.5780069e+01
   3.9243749e+01
   5.1210497e+01
   2.1191484e+01
   3.4583507e+01
   5.1332421e+01
   2.2975473e+01
   3.4027760e+01
   6.0382276e+01
   7.8767801e+01
   3.4861215e+01
   3.5558045e+01
   5.0297597e+01
   3.6412395e+01
   3.6385727e+01
   2.8260208e+01
   2.5466047e+01
   3.2082465e+01
   4.2006115e+01
   2.2415303e+01
   2.0305815e+01
   2.9776799e+01
   7.0062192e+01
   3.6424760e+01
   2.4154731e+01
   4.9544799e+01
   1.9752416e+01
   4.4805112e+01
   3.8807898e+01
   2.1554609e+01
   3.8487236e+01
   4.3741969e+01
   2.9074443e+01
   3.5586589e+01
   2.5662382e+01
   7.1390424e+01
   6.3359994e+01
   4.1410388e+01
   4.1466067e+01
   6.0666772e+01
   6.7189261e+01
   7.2165268e+01
   6.7927379e+01
   4.8271659e+01
   2.5294055e+01
   4.8876026e+01
   1.9818392e+01
   7.1830177e+01
   6.1626378e+01
   4.2953546e+01
   5.2828313e+01
   3.3940262e+01
   3.7612943e+01
   4.5603764e+01
   5.0792407e+01
   5.4610436e+01
   2.9070593e+01
   2.5680148e+01
   3.0493588e+01
   2.2146465e+01
   2.1132142e+01
   2.9190674e+01
   3.3661826e+01
   4.2391970e+01
   3.3574765e+01
   4.4780382e+01
   2.3110476e+01
   2.3273043e+01
   2.5965084e+01
   3.2334162e+01
   2.2205738e+01
   2.0776918e+01
   4.0662124e+01
   5.3336932e+01
   2.2856340e+01
   3.0870510e+01
   4.0491262e+01
   3.0587720e+01
   1.4475064e+01
   2.6446080e+01
   4.2951363e+01
   4.7016263e+01
   4.3902070e+01
   3.7159743e+01
   4.0513299e+01
   4.3762542e+01
   3.1562639e+01
   3.4984399e+01
   2.4211616e+01
   1.6818696e+01
   5.6941271e+01
   4.5813316e+01
   4.7628812e+01
   2.4850037e+01
   2.5512709e+01
   2.4652062e+01
   5.8944793e+01
   4.5986244e+01
   3.9416591e+01
   4.5447147e+01
   4.1291193e+01
   3.5426939e+01
   3.5679415e+01
   3.8416254e+01
   3.4142533e+01
   3.9752669e+01
   2.6389355e+01
   2.2634022e+01
   4.5608424e+01
   4.1289998e+01
   5.3183173e+01
   4.8520133e+01
   4.1573321e+01
   6.4508241e+01
   2.6292044e+01
   2.7016228e+01
   2.6688684e+01
   2.3607849e+01
   2.1559131e+01
   4.0991648e+01
   3.0172396e+01
   4.5220342e+01
   2.2028632e+01
   2.2063997e+01
   2.9247304e+01
   2.9763498e+01
   5.1697844e+01
   2.2227804e+01
   3.9101601e+01
   5.4882587e+01
   6.4511524e+01
   5.4780859e+01
   5.0364248e+01
   7.5329349e+01
   6.2679136e+01
   4.3058998e+01
   5.8134196e+01
   2.6112288e+01
   6.7023806e+01
   3.0993821e+01
   3.0546186e+01
   5.8529516e+01
   3.4646924e+01
   5.9621257e+01
   7.0304501e+01
   4.2174016e+01
   2.4603247e+01
   2.6887534e+01
   3.8680297e+01
   7.1342426e+01
   1.7984091e+01
   2.3173476e+01
   3.1598391e+01
   5.4443947e+01
   3.9955476e+01
   2.7613124e+01
   4.7371976e+01
   2.1632815e+01
   3.6332392e+01
   4.7748401e+01
   1.5623690e+01
   3.2281035e+01
   5.2219287e+01
   4.4534093e+01
   1.5382576e+01
   2.7095788e+01
   1.7699170e+01
   3.9198500e+01
   5.0098168e+01
   3.5200585e+01
   3.7224593e+01
   2.3123003e+01
   1.7381478e+01
   2.6337063e+01
   4.2328292e+01
   3.9531561e+01
   1.7203136e+01
   4.9936105e+01
   3.9946389e+01
   4.4382891e+01
   2.0212742e+01
   2.1760450e+01
   3.4106813e+01
   5.1757262e+01
   2.0401897e+01
   3.1866346e+01
   2.9721946e+01
   2.4817640e+01
   1.4653107e+01
   2.6838788e+01
   1.7582181e+01
   5.1100779e+01
   4.4262011e+01
   3.5524432e+01
   3.3073964e+01
   4.7590562e+01
   5.8155380e+01
   2.9979639e+01
   5.4260991e+01
   4.2097306e+01
   3.5669367e+01
   6.6736101e+01
   6.5041130e+01
   3.8824030e+01
   6.1324669e+01
   4.9811668e+01
   3.2236069e+01
   6.4811846e+01
   5.0301548e+01
   3.6419214e+01
   2.9062647e+01
   2.0848863e+01
   3.8625377e+01
   2.3866368e+01
   4.6648776e+01
   4.5669277e+01
   5.5400780e+01
   3.9957430e+01
   4.2805724e+01
   4.2668838e+01
   3.4978655e+01
   2.1167087e+01
   2.0906815e+01
   2.5284952e+01
   3.2705923e+01
   6.7106407e+01
   3.8099645e+01
   5.5135370e+01
   6.2164205e+01
   4.4975241e+01
   4.4984185e+01
   3.1579888e+01
   4.9869243e+01
   4.0251064e+01
   5.0092577e+01
   3.5618296e+01
   1.6109664e+01
   3.6007453e+01
   2.1843971e+01
   2.6601193e+01
   2.4066701e+01
   2.5715440e+01
   3.3036136e+01
   2.1938839e+01
   2.3919590e+01
   3.5462212e+01
   2.7101843e+01
   3.3961507e+01
   3.1093304e+01
   2.4356909e+01
   2.7636344e+01
   3.4264298e+01
   4.8454346e+01
   2.1189606e+01
   3.4944033e+01
   3.3612784e+01
   3.1413438e+01
   3.4524742e+01
   4.5998899e+01
   1.9474595e+01
   4.8347771e+01
   4.2941991e+01
   4.5229201e+01
   3.1613549e+01
   2.9645856e+01
   1.8179579e+01
   3.7751285e+01
   2.6121304e+01
   3.8179979e+01
   2.0854066e+01
   3.3357939e+01
   3.2505720e+01
   5.0774309e+01
   6.0478713e+01
   6.3403714e+01
   5.3132026e+01
   5.9192282e+01
   2.0934253e+01
   2.8313010e+01
   3.0186228e+01
   4.7041480e+01
   2.1081552e+01
   2.8208819e+01
   3.3000738e+01
   2.5175877e+01
   1.9044278e+01
   2.3270519e+01
   1.9020140e+01
   3.3316871e+01
   1.9374941e+01
   1.4953566e+01
   2.7847769e+01
   2.4483729e+01
   2.6760103e+01
   1.8934415e+01
   2.7023849e+01
   3.2654568e+01
   4.7357738e+01
   3.9009491e+01
   2.9945877e+01
   3.5165322e+01
   3.2826843e+01
   4.0896913e+01
   2.9520803e+01
   3.8152403e+01
   1.8921382e+01
   2.8751257e+01
   3.9017696e+01
   3.6660392e+01
   1.8493393e+01
   2.4675623e+01
   3.5271692e+01
   2.7540693e+01
   2.6762764e+01
   3.3806391e+01
   2.8515477e+01
   2.1082584e+01
   2.4414231e+01
   2.5556688e+01
   2.5072868e+01
   2.3993888e+01
   2.9191432e+01
   3.4207005e+01
   1.3050494e+01
   1.8828394e+01
   4.2742374e+01
   2.9791639e+01
   3.0200974e+01
   2.7106650e+01
   2.2495961e+01
   2.6321614e+01
   4.5491126e+01
   4.1970317e+01
   4.8241629e+01
   4.6561141e+01
   4.6191332e+01
   5.1424832e+01
   4.1735468e+01
   4.2703513e+01
   4.3608015e+01
   3.6589560e+01
   4.5996869e+01
   3.9063185e+01
   2.9685013e+01
   4.2804226e+01
   4.2706405e+01
   3.3519552e+01
   3.4200348e+01
   4.4249904e+01
   4.4572915e+01
   3.3840670e+01
   3.8463352e+01
   2.9711631e+01
   3.5149164e+01
   4.8391259e+01
   4.5362323e+01
   4.2054974e+01
   3.9011327e+01
   3.5104219e+01
   2.3856762e+01
   2.0984195e+01
   2.1731602e+01
   2.6606237e+01
   2.1192152e+01
   1.9298150e+01
   2.2921456e+01
   2.3118950e+01
   2.0136039e+01
   2.1095596e+01
   1.2402006e+01
   2.3116169e+01
   2.1439671e+01
   2.1692363e+01
   2.8155620e+01
   3.3162313e+01
   4.0683984e+01
   2.7369752e+01
   2.8407292e+01
   3.7101369e+01
   3.8182938e+01
   3.5506293e+01
   5.1751318e+01
   1.7932041e+01
   1.5577710e+01
   1.8851070e+01
   2.5757189e+01
   1.9741179e+01
   2.5328769e+01
   2.6340239e+01
   2.4209031e+01
   2.9290548e+01
   2.8561693e+01
   4.0143848e+01
   3.1933008e+01
   2.0971429e+01
   2.2023014e+01
   3.7307315e+01
   3.8243333e+01
   3.8204117e+01
   3.1524039e+01
   4.6140402e+01
   3.1965674e+01
   2.5211116e+01
   4.3414543e+01
   2.4248312e+01
   3.2145713e+01
   2.8240545e+01
   4.0846982e+01
