187 187 187 187 187 187 187 187 187 187 187 187 187 187 187 187 187 187 187 187 187 187 187 187 186 185 178 194 206 211 215 217 217 191 197 206 199 182 185 186 187 187 187 187 187 187 187 187 187 187 187 187 187 187 187 187 187 187 187 187 187 187 187 187 
187 187 187 187 187 187 187 187 187 187 187 187 187 187 187 187 187 187 187 187 187 186 178 157 172 212 237 251 253 254 254 255 222 199 254 253 251 188 145 213 207 181 186 187 187 187 187 187 187 187 187 187 187 187 187 187 187 187 187 187 187 187 187 187 
187 187 187 187 187 187 187 187 187 187 187 187 187 187 187 187 187 187 187 191 207 155 50 41 250 255 255 232 74 183 254 220 13 72 255 255 255 255 255 218 87 49 105 166 191 187 187 187 187 187 187 187 187 187 187 187 187 187 187 187 187 187 187 187 
187 187 187 187 187 187 187 187 187 187 187 187 187 187 187 187 186 179 195 241 253 164 0 4 203 255 251 81 0 0 99 77 0 40 255 252 251 255 255 208 0 0 0 89 241 191 180 186 187 187 187 187 187 187 187 187 187 187 187 187 187 187 187 187 
187 187 187 187 187 187 187 187 187 187 187 187 187 187 187 183 146 65 24 150 171 32 0 0 25 151 83 0 0 0 153 219 45 112 247 47 44 251 255 255 163 37 0 47 137 28 65 155 190 187 187 187 187 187 187 187 187 187 187 187 187 187 187 187 
187 187 187 187 187 187 187 187 187 187 187 187 187 186 167 89 13 0 0 0 0 0 0 0 0 0 0 0 0 70 253 255 130 18 46 0 0 141 253 255 255 250 80 0 0 0 0 135 236 202 187 187 187 187 187 187 187 187 187 187 187 187 187 187 
187 187 187 187 187 187 187 187 187 187 187 187 183 137 39 0 0 0 146 134 0 98 45 0 0 0 0 36 234 251 255 236 18 0 7 50 0 0 34 111 225 255 103 0 0 0 46 249 254 246 158 183 187 187 187 187 187 187 187 187 187 187 187 187 
187 187 187 187 187 187 187 187 187 187 187 178 106 13 0 0 0 0 116 73 0 238 252 199 127 16 0 0 59 102 232 72 0 0 157 253 79 0 0 0 14 79 6 0 0 56 220 255 246 90 13 106 178 187 187 187 187 187 187 187 187 187 187 187 
187 187 187 187 187 187 187 187 187 187 197 139 4 27 49 20 14 35 149 204 100 252 255 255 255 214 44 0 0 0 55 0 53 191 255 255 167 0 0 0 0 0 0 0 61 249 255 175 37 0 0 4 173 197 187 187 187 187 187 187 187 187 187 187 
187 187 187 187 187 187 187 187 187 198 241 254 241 252 255 252 250 255 255 255 255 255 255 255 255 255 250 103 0 0 0 30 251 255 255 255 164 0 64 64 0 0 0 39 231 254 129 1 0 0 0 0 54 132 171 187 187 187 187 187 187 187 187 187 
187 187 187 187 187 187 187 187 196 241 254 255 255 255 255 255 255 255 255 255 255 255 220 160 199 254 255 145 0 0 0 8 223 255 255 255 101 0 239 252 29 0 0 206 255 239 0 0 0 18 39 0 0 1 72 173 187 187 187 187 187 187 187 187 
187 187 187 187 187 187 187 193 238 254 255 255 255 255 229 109 42 62 157 221 255 255 93 0 0 94 207 44 0 0 0 0 43 247 255 255 95 0 116 145 2 0 16 250 255 248 6 0 53 227 204 0 0 0 1 83 178 187 187 187 187 187 187 187 
187 187 187 187 187 187 184 190 254 255 255 254 128 113 27 0 0 0 0 6 221 255 221 21 0 0 0 0 6 19 0 0 0 172 255 255 110 0 2 38 40 17 22 253 255 240 16 6 231 255 250 24 0 0 0 4 106 183 187 187 187 187 187 187 
187 187 187 187 187 186 137 13 78 196 253 182 0 0 0 0 0 0 0 0 145 255 255 106 0 0 0 38 192 224 18 0 0 95 255 255 191 116 226 254 255 249 161 44 46 16 0 0 198 255 255 164 6 0 0 0 13 137 186 187 187 187 187 187 
187 187 187 187 187 185 136 0 0 0 27 6 0 0 0 61 168 104 0 0 25 234 255 59 0 0 0 215 255 255 183 0 0 150 255 255 255 255 255 255 255 255 249 26 0 0 0 0 131 255 255 255 182 11 0 0 0 42 183 187 187 187 187 187 
187 187 187 187 190 236 249 15 0 0 0 6 28 72 167 251 255 254 116 0 0 127 255 143 2 0 0 59 251 255 254 39 88 255 255 255 255 254 192 242 255 255 255 221 191 206 197 58 84 255 255 255 255 193 9 75 232 233 236 190 187 187 187 187 
187 187 187 187 213 253 255 142 0 0 41 225 253 255 252 254 255 255 247 16 0 129 255 255 86 0 0 32 241 255 164 0 22 246 255 203 232 136 0 38 202 173 135 184 255 255 255 163 0 180 255 255 255 255 55 0 154 255 253 213 187 187 187 187 
187 187 187 193 242 255 255 254 39 0 204 255 255 192 21 79 252 255 255 40 0 211 255 255 225 151 181 245 255 255 171 11 73 243 111 0 6 140 180 223 53 0 0 0 46 123 254 224 91 168 255 238 252 202 8 0 11 213 255 242 193 187 187 187 
187 187 187 215 254 255 255 255 46 89 254 255 255 212 2 0 196 255 255 46 77 254 255 202 204 251 254 255 255 255 254 247 255 234 0 0 124 255 255 255 164 9 196 139 0 0 245 255 255 255 255 111 29 5 0 0 0 19 196 254 214 186 187 187 
187 187 191 241 251 232 255 255 185 238 255 255 255 255 63 5 219 255 255 182 229 255 228 17 0 23 215 255 255 255 255 255 255 186 0 0 216 255 255 255 248 117 255 237 6 0 216 255 255 255 255 151 0 0 0 0 0 11 173 255 212 182 187 187 
187 187 207 252 91 15 192 255 255 255 255 255 225 94 4 48 137 175 176 92 237 255 113 0 0 114 255 255 255 255 255 255 255 185 0 0 164 247 251 255 255 255 255 255 140 23 204 255 255 255 227 16 0 0 0 11 139 238 255 255 175 157 187 187 
187 187 231 191 0 0 6 238 255 243 175 147 22 0 0 0 0 0 0 0 101 255 166 0 0 170 255 255 218 254 255 255 255 162 0 0 41 255 255 255 255 255 255 255 255 253 239 59 142 226 40 0 0 0 0 172 255 255 255 255 183 105 186 187 
187 184 75 6 45 9 29 250 235 32 66 200 235 186 133 17 0 12 81 88 100 255 251 42 0 182 255 245 11 199 255 255 217 16 0 0 37 254 255 255 255 252 240 255 255 255 239 44 125 168 0 0 0 0 0 164 255 255 252 244 130 50 178 187 
187 157 15 61 255 247 137 96 75 171 254 255 255 255 255 251 249 251 255 255 255 255 255 86 0 172 255 211 0 77 253 255 83 0 0 0 2 192 254 255 238 62 3 129 255 255 255 255 255 254 68 0 0 0 0 79 255 229 33 0 1 108 184 187 
186 122 0 67 255 255 156 0 77 247 171 248 255 255 255 255 255 255 255 255 255 255 189 7 0 171 255 226 0 0 99 255 171 97 42 25 0 0 39 43 14 0 0 0 248 255 253 255 255 255 115 0 57 7 6 156 255 137 0 0 75 254 224 187 
185 82 0 2 233 255 185 0 13 39 0 154 255 199 200 255 255 242 243 255 255 253 33 0 0 110 255 238 0 0 51 255 255 255 255 253 221 25 0 0 0 72 182 187 226 152 35 191 255 255 59 47 253 240 242 255 255 112 0 0 116 255 237 188 
180 50 0 17 240 253 76 0 0 0 0 146 255 138 0 89 94 8 9 103 231 195 0 0 0 48 255 254 38 0 126 255 255 200 87 192 255 128 0 0 5 221 255 252 32 0 0 29 253 255 209 203 255 255 255 255 255 134 0 0 145 255 246 186 
184 46 0 120 255 236 0 0 0 0 39 232 255 220 0 0 0 0 0 3 30 12 0 0 0 39 255 255 123 0 132 253 244 18 0 9 213 226 68 77 175 255 255 247 16 0 0 43 254 255 255 227 119 134 70 121 254 156 0 59 251 255 189 171 
206 227 11 77 255 232 0 0 107 201 248 255 255 196 0 0 120 242 233 247 237 20 0 22 108 194 255 255 254 193 0 52 253 147 10 0 153 255 255 255 255 255 255 255 208 119 70 172 255 255 250 62 0 0 7 65 210 25 0 128 255 255 237 186 
211 254 60 0 205 163 0 0 218 255 255 254 255 233 47 0 167 255 255 255 255 150 97 238 255 255 188 213 255 243 3 91 255 255 215 111 230 255 255 255 252 173 134 240 255 255 255 255 255 235 78 0 8 129 241 255 185 0 0 66 255 255 254 211 
215 254 101 62 147 9 0 0 236 255 107 124 255 255 247 26 2 189 255 255 255 255 255 255 255 216 20 234 255 255 145 198 255 255 255 255 255 255 242 159 61 0 0 66 252 255 255 174 66 13 0 60 240 255 255 255 241 7 0 4 200 203 140 192 
202 149 115 253 252 47 16 16 187 223 20 77 253 253 253 92 16 114 253 253 253 253 253 253 219 43 20 229 253 253 247 97 221 253 253 253 253 253 139 16 16 16 16 16 173 253 233 26 16 16 16 116 253 232 244 253 253 109 16 16 16 16 16 139 
186 185 186 189 189 185 185 185 186 187 185 185 189 189 189 186 185 186 189 189 189 189 189 189 186 185 185 187 189 189 188 185 185 188 189 189 189 189 186 185 185 185 185 185 186 189 187 185 185 185 185 186 188 184 185 189 189 188 185 185 185 185 185 186 
187 187 187 187 187 187 187 187 187 187 187 187 187 187 187 187 187 187 187 187 187 187 187 187 187 187 187 187 187 187 187 187 187 187 187 187 187 187 187 187 187 187 187 187 187 187 187 187 187 187 187 187 187 187 187 187 187 187 187 187 187 187 187 187 
187 187 187 187 187 187 187 187 187 187 187 187 187 187 187 187 187 187 187 187 187 187 187 187 187 187 187 187 187 187 187 187 187 187 187 187 187 187 187 187 187 187 187 187 187 187 187 187 187 187 187 187 187 187 187 187 187 187 187 187 187 187 187 187 
187 187 187 187 187 187 187 187 187 187 187 187 187 187 187 187 187 187 187 187 187 187 187 187 187 187 187 187 187 187 187 187 187 187 187 187 187 187 187 187 187 187 187 187 187 187 187 187 187 187 187 187 187 187 187 187 187 187 187 187 187 187 187 187 
187 187 187 187 187 187 187 187 187 187 187 187 187 187 187 187 187 187 187 187 187 187 187 187 187 187 187 187 187 187 187 187 187 187 187 187 187 187 187 187 187 187 187 187 187 187 187 187 187 187 187 187 187 187 187 187 187 187 187 187 187 187 187 187 
187 187 187 187 187 187 187 187 187 187 187 187 187 187 187 187 187 187 187 187 187 187 187 187 187 187 187 187 187 187 187 187 187 187 187 187 187 187 187 187 187 187 187 187 187 187 187 187 187 187 187 187 187 187 187 187 187 187 187 187 187 187 187 187 
187 187 187 187 187 187 187 187 187 187 187 187 187 187 187 187 187 187 187 187 187 187 187 187 187 187 187 187 187 187 187 187 187 187 187 187 187 187 187 187 187 187 187 187 187 187 187 187 187 187 187 187 187 187 187 187 187 187 187 187 187 187 187 187 
187 187 187 187 187 187 187 187 187 187 187 187 187 187 187 187 187 187 187 187 187 187 187 187 187 187 187 187 187 187 187 187 187 187 187 187 187 187 187 187 187 187 187 187 187 187 187 187 187 187 187 187 187 187 187 187 187 187 187 187 187 187 187 187 
187 187 187 187 187 187 187 187 187 187 187 187 187 187 187 187 187 187 187 187 187 187 187 187 187 187 187 187 187 187 187 187 187 187 187 187 187 187 187 187 187 187 187 187 187 187 187 187 187 187 187 187 187 187 187 187 187 187 187 187 187 187 187 187 
187 187 187 187 187 187 187 187 187 187 187 187 187 187 187 187 187 187 187 187 187 187 187 187 187 187 187 187 187 187 187 187 187 187 187 187 187 187 187 187 187 187 187 187 187 187 187 187 187 187 187 187 187 187 187 187 187 187 187 187 187 187 187 187 
187 187 187 187 187 187 187 187 187 187 187 187 187 187 187 187 187 187 187 187 187 187 187 187 187 187 187 187 187 187 187 187 187 187 187 187 187 187 187 187 187 187 187 187 187 187 187 187 187 187 187 187 187 187 187 187 187 187 187 187 187 187 187 187 
187 187 187 187 187 187 187 187 187 187 187 187 187 187 187 187 187 187 187 187 187 187 187 187 187 187 187 187 187 187 187 187 187 187 187 187 187 187 187 187 187 187 187 187 187 187 187 187 187 187 187 187 187 187 187 187 187 187 187 187 187 187 187 187 
187 187 187 187 187 187 187 187 187 187 187 187 187 187 187 187 187 187 187 187 187 187 187 187 187 187 187 187 187 187 187 187 187 187 187 187 187 187 187 187 187 187 187 187 187 187 187 187 187 187 187 187 187 187 187 187 187 187 187 187 187 187 187 187 
187 187 187 187 187 187 187 187 187 187 187 187 187 187 187 187 187 187 187 187 187 187 187 187 187 187 187 187 187 187 187 187 187 187 187 187 187 187 187 187 187 187 187 187 187 187 187 187 187 187 187 187 187 187 187 187 187 187 187 187 187 187 187 187 
187 187 187 187 187 187 187 187 187 187 187 187 187 187 187 187 187 187 187 187 187 187 187 187 187 187 187 187 187 187 187 187 187 187 187 187 187 187 187 187 187 187 187 187 187 187 187 187 187 187 187 187 187 187 187 187 187 187 187 187 187 187 187 187 
187 187 187 187 187 187 187 187 187 187 187 187 187 187 187 187 187 187 187 187 187 187 187 187 187 187 187 187 187 187 187 187 187 187 187 187 187 187 187 187 187 187 187 187 187 187 187 187 187 187 187 187 187 187 187 187 187 187 187 187 187 187 187 187 
187 187 187 187 187 187 187 187 187 187 187 187 187 187 187 187 187 187 187 187 187 187 187 187 187 187 187 187 187 187 187 187 187 187 187 187 187 187 187 187 187 187 187 187 187 187 187 187 187 187 187 187 187 187 187 187 187 187 187 187 187 187 187 187 
187 187 187 187 187 187 187 187 187 187 187 187 187 187 187 187 187 187 187 187 187 187 187 187 187 187 187 187 187 187 187 187 187 187 187 187 187 187 187 187 187 187 187 187 187 187 187 187 187 187 187 187 187 187 187 187 187 187 187 187 187 187 187 187 
187 187 187 187 187 187 187 187 187 187 187 187 187 187 187 187 187 187 187 187 187 187 187 187 187 187 187 187 187 187 187 187 187 187 187 187 187 187 187 187 187 187 187 187 187 187 187 187 187 187 187 187 187 187 187 187 187 187 187 187 187 187 187 187 
187 187 187 187 187 187 187 187 187 187 187 187 187 187 187 187 187 187 187 187 187 187 187 187 187 187 187 187 187 187 187 187 187 187 187 187 187 187 187 187 187 187 187 187 187 187 187 187 187 187 187 187 187 187 187 187 187 187 187 187 187 187 187 187 
187 187 187 187 187 187 187 187 187 187 187 187 187 187 187 187 187 187 187 187 187 187 187 187 187 187 187 187 187 187 187 187 187 187 187 187 187 187 187 187 187 187 187 187 187 187 187 187 187 187 187 187 187 187 187 187 187 187 187 187 187 187 187 187 
187 187 187 187 187 187 187 187 187 187 187 187 187 187 187 187 187 187 187 187 187 187 187 187 187 187 187 187 187 187 187 187 187 187 187 187 187 187 187 187 187 187 187 187 187 187 187 187 187 187 187 187 187 187 187 187 187 187 187 187 187 187 187 187 
187 187 187 187 187 187 187 187 187 187 187 187 187 187 187 187 187 187 187 187 187 187 187 187 187 187 187 187 187 187 187 187 187 187 187 187 187 187 187 187 187 187 187 187 187 187 187 187 187 187 187 187 187 187 187 187 187 187 187 187 187 187 187 187 
187 187 187 187 187 187 187 187 187 187 187 187 187 187 187 187 187 187 187 187 187 187 187 187 187 187 187 187 187 187 187 187 187 187 187 187 187 187 187 187 187 187 187 187 187 187 187 187 187 187 187 187 187 187 187 187 187 187 187 187 187 187 187 187 
187 187 187 187 187 187 187 187 187 187 187 187 187 187 187 187 187 187 187 187 187 187 187 187 187 187 187 187 187 187 187 187 187 187 187 187 187 187 187 187 187 187 187 187 187 187 187 187 187 187 187 187 187 187 187 187 187 187 187 187 187 187 187 187 
187 187 187 187 187 187 187 187 187 187 187 187 187 187 187 187 187 187 187 187 187 187 187 187 187 187 187 187 187 187 187 187 187 187 187 187 187 187 187 187 187 187 187 187 187 187 187 187 187 187 187 187 187 187 187 187 187 187 187 187 187 187 187 187 
187 187 187 187 187 187 187 187 187 187 187 187 187 187 187 187 187 187 187 187 187 187 187 187 187 187 187 187 187 187 187 187 187 187 187 187 187 187 187 187 187 187 187 187 187 187 187 187 187 187 187 187 187 187 187 187 187 187 187 187 187 187 187 187 
187 187 187 187 187 187 187 187 187 187 187 187 187 187 187 187 187 187 187 187 187 187 187 187 187 187 187 187 187 187 187 187 187 187 187 187 187 187 187 187 187 187 187 187 187 187 187 187 187 187 187 187 187 187 187 187 187 187 187 187 187 187 187 187 
187 187 187 187 187 187 187 187 187 187 187 187 187 187 187 187 187 187 187 187 187 187 187 187 187 187 187 187 187 187 187 187 187 187 187 187 187 187 187 187 187 187 187 187 187 187 187 187 187 187 187 187 187 187 187 187 187 187 187 187 187 187 187 187 
187 187 187 187 187 187 187 187 187 187 187 187 187 187 187 187 187 187 187 187 187 187 187 187 187 187 187 187 187 187 187 187 187 187 187 187 187 187 187 187 187 187 187 187 187 187 187 187 187 187 187 187 187 187 187 187 187 187 187 187 187 187 187 187 
187 187 187 187 187 187 187 187 187 187 187 187 187 187 187 187 187 187 187 187 187 187 187 187 187 187 187 187 187 187 187 187 187 187 187 187 187 187 187 187 187 187 187 187 187 187 187 187 187 187 187 187 187 187 187 187 187 187 187 187 187 187 187 187 
187 187 187 187 187 187 187 187 187 187 187 187 187 187 187 187 187 187 187 187 187 187 187 187 187 187 187 187 187 187 187 187 187 187 187 187 187 187 187 187 187 187 187 187 187 187 187 187 187 187 187 187 187 187 187 187 187 187 187 187 187 187 187 187 
