187 187 187 187 187 187 187 187 187 187 187 187 187 187 187 187 187 187 187 187 187 187 187 187 187 187 187 187 187 187 187 187 187 187 187 187 187 187 187 187 187 187 187 187 187 187 187 187 187 187 187 187 187 187 187 187 187 187 187 187 187 187 187 187 
187 187 187 187 187 187 187 187 187 187 187 187 187 187 187 187 187 187 187 187 187 187 187 187 187 187 187 187 187 187 187 187 187 187 187 187 187 187 187 187 187 187 187 187 187 187 187 187 187 187 187 187 187 187 187 187 187 187 187 187 187 187 187 187 
187 187 187 187 187 187 187 187 187 187 187 187 187 187 187 187 187 187 187 187 187 187 187 187 187 187 187 187 187 187 187 187 187 187 187 187 187 187 187 187 187 187 187 187 187 187 187 187 187 187 187 187 187 187 187 187 187 187 187 187 187 187 187 187 
187 187 187 187 187 187 187 187 187 187 187 187 187 187 187 187 187 187 187 187 187 187 187 187 187 187 187 187 187 187 187 187 187 187 187 187 187 187 187 187 187 187 187 187 187 187 187 187 187 187 187 187 187 187 187 187 187 187 187 187 187 187 187 187 
187 187 187 187 187 187 187 187 187 187 187 187 187 187 187 187 187 187 187 187 187 187 187 187 187 187 187 187 187 187 187 187 187 187 187 187 187 187 187 187 187 187 187 187 187 187 187 187 187 187 187 187 187 187 187 187 187 187 187 187 187 187 187 187 
187 187 187 187 187 187 187 187 187 187 187 187 187 187 187 187 187 187 187 187 187 187 187 187 187 187 187 187 187 187 187 187 187 187 187 187 187 187 187 187 187 187 187 187 187 187 187 187 187 187 187 187 187 187 187 187 187 187 187 187 187 187 187 187 
187 187 187 187 187 187 187 187 187 187 187 187 187 187 187 187 187 187 187 187 187 187 187 187 187 187 187 186 186 186 186 186 186 187 187 187 187 187 187 187 187 187 187 187 187 187 187 187 187 187 187 187 187 187 187 187 187 187 187 187 187 187 187 187 
187 187 187 187 187 187 187 187 187 187 187 187 187 187 187 187 187 187 187 187 187 187 187 187 187 188 188 188 188 188 188 189 189 188 187 187 187 186 187 187 187 187 187 187 187 187 187 187 187 187 187 187 187 187 187 187 187 187 187 187 187 187 187 187 
187 187 187 187 187 187 187 187 187 187 187 187 187 187 187 187 187 187 187 187 186 187 188 187 187 184 185 185 185 185 186 184 184 186 185 185 186 188 188 188 187 186 186 187 187 187 187 187 187 187 187 187 187 187 187 187 187 187 187 187 187 187 187 187 
187 187 187 187 187 187 187 187 187 187 187 187 187 187 187 187 187 187 186 187 187 186 184 186 186 187 189 186 189 187 187 187 188 187 188 186 187 186 186 185 186 187 188 187 187 187 187 187 187 187 187 187 187 187 187 187 187 187 187 187 187 187 187 187 
187 187 187 187 187 187 187 187 187 187 187 187 187 187 187 187 185 187 189 184 185 187 189 185 188 187 185 187 186 187 187 187 186 187 189 186 187 187 186 189 187 187 183 186 188 187 187 187 187 187 187 187 187 187 187 187 187 187 187 187 187 187 187 187 
187 187 187 187 187 187 187 187 187 187 187 187 187 187 187 185 190 186 185 189 189 188 187 187 186 188 187 188 189 187 187 187 188 187 187 188 186 185 188 184 187 187 189 186 187 185 188 187 187 187 187 187 187 187 187 187 187 187 187 187 187 187 187 187 
187 187 187 187 187 187 187 187 187 187 187 187 187 187 186 189 184 187 187 187 186 187 187 185 188 187 184 186 187 185 186 186 187 187 187 186 187 187 187 187 187 187 185 189 187 188 185 187 187 187 187 187 187 187 187 187 187 187 187 187 187 187 187 187 
187 187 187 187 187 187 187 187 187 187 187 187 187 186 189 184 186 190 184 188 189 186 186 190 186 188 188 187 188 189 189 188 184 185 186 184 186 186 188 187 184 188 185 184 190 186 188 185 185 188 187 187 187 187 187 187 187 187 187 187 187 187 187 187 
187 187 187 187 187 187 187 187 187 187 187 187 185 189 185 188 186 185 185 188 184 187 186 184 186 191 180 190 189 180 186 186 197 190 185 194 188 188 187 184 187 187 187 189 185 186 187 187 186 186 188 187 187 187 187 187 187 187 187 187 187 187 187 187 
187 187 187 187 187 187 187 187 187 187 187 185 190 183 186 187 187 188 187 188 185 187 189 192 188 176 193 174 182 188 184 189 174 184 187 180 185 186 186 193 193 186 189 186 186 189 187 187 187 186 186 187 187 187 187 187 187 187 187 187 187 187 187 187 
187 187 187 187 187 187 187 187 187 187 187 187 187 186 189 187 186 188 185 189 190 189 186 184 181 196 176 204 185 187 185 185 200 178 185 187 186 186 184 182 180 185 190 186 186 188 186 189 186 189 183 189 186 187 187 187 187 187 187 187 187 187 187 187 
187 187 187 187 187 187 187 187 187 187 186 190 184 188 187 187 186 186 188 188 183 183 184 186 178 199 170 185 194 182 185 185 178 199 188 187 187 189 190 187 188 185 183 192 188 186 184 188 185 186 188 184 189 186 187 187 187 187 187 187 187 187 187 187 
187 187 187 187 187 187 187 187 187 186 190 180 189 186 186 188 185 190 190 186 186 192 182 200 191 179 183 194 185 188 181 206 177 180 187 185 187 187 185 185 183 182 187 183 186 192 189 187 187 187 187 187 186 187 187 187 187 187 187 187 187 187 187 187 
187 187 187 187 187 187 187 187 187 186 189 182 189 186 188 186 191 186 189 181 185 186 186 183 190 186 181 191 177 182 182 191 181 185 191 181 187 181 189 178 197 196 182 188 182 178 183 186 188 189 186 189 183 189 186 187 187 187 187 187 187 187 187 187 
187 187 187 187 187 187 187 187 187 189 183 189 187 188 186 186 184 167 195 178 188 187 186 181 188 182 183 190 194 192 182 185 185 183 195 181 186 197 187 186 184 186 190 186 185 201 184 188 186 189 186 188 187 186 187 187 187 187 187 187 187 187 187 187 
187 187 187 187 187 187 187 187 187 190 182 189 187 186 188 188 182 190 201 181 189 189 188 180 187 196 183 185 187 184 191 186 190 181 187 188 187 186 186 185 189 184 185 188 185 183 185 189 187 186 187 186 188 184 189 187 187 187 187 187 187 187 187 187 
187 187 187 187 187 187 187 187 186 189 182 189 185 188 187 188 189 188 183 176 188 183 186 192 187 186 187 187 188 187 187 187 186 188 187 188 185 189 186 188 185 182 182 187 186 188 184 190 185 187 188 187 188 185 188 187 187 187 187 187 187 187 187 187 
187 187 187 187 187 187 187 187 188 185 185 188 189 187 187 190 183 183 180 209 181 177 190 186 185 183 189 184 185 189 185 187 185 187 187 185 187 185 186 187 186 193 197 184 188 188 186 185 189 185 186 185 187 186 187 186 187 187 187 187 187 187 187 187 
187 187 187 187 187 187 187 187 190 182 189 188 186 186 188 181 181 188 186 178 191 192 187 187 189 190 186 192 186 185 188 189 186 184 187 188 188 188 190 187 187 182 185 179 181 187 185 184 191 185 187 188 189 185 186 188 187 187 187 187 187 187 187 187 
187 187 187 187 187 187 187 186 190 180 188 187 187 186 188 182 204 182 187 188 183 182 191 186 187 185 187 184 187 186 185 190 183 190 188 188 186 184 184 188 185 192 192 193 196 189 187 188 185 192 187 187 186 188 182 189 187 187 187 187 187 187 187 187 
187 187 187 187 187 187 187 186 190 182 189 187 187 188 184 192 179 181 188 188 185 187 185 188 187 185 184 187 187 186 187 187 184 191 183 186 187 187 188 186 188 186 174 183 183 186 184 180 178 188 186 187 187 187 182 190 186 187 187 187 187 187 187 187 
187 187 187 187 187 187 187 186 191 180 189 187 187 187 184 180 196 191 183 184 182 189 192 181 184 195 189 186 187 187 188 188 189 185 187 187 187 189 189 191 182 194 195 182 190 184 189 195 188 188 187 187 186 188 184 190 186 187 187 187 187 187 187 187 
187 187 187 187 187 187 187 186 191 182 187 188 187 186 187 187 182 183 189 186 194 187 182 191 185 181 182 191 186 188 187 184 187 185 188 186 191 185 180 183 190 184 187 188 178 191 185 185 190 187 186 189 187 187 183 190 186 187 187 187 187 187 187 187 
187 187 187 187 187 187 187 186 191 180 189 188 187 187 189 187 188 187 187 188 181 185 193 185 183 182 177 192 183 187 186 189 185 188 185 187 185 186 189 187 183 182 182 186 191 187 188 187 184 185 187 186 189 187 182 191 186 187 187 187 187 187 187 187 
187 187 187 187 187 187 187 186 190 182 190 187 187 187 186 186 186 186 187 186 187 187 182 185 191 193 190 187 187 189 188 185 187 188 186 185 184 179 181 184 189 190 188 188 186 187 186 188 188 187 188 188 187 189 182 190 186 187 187 187 187 187 187 187 
187 187 187 187 187 187 187 186 190 183 185 187 186 187 187 186 187 188 187 189 187 188 187 187 186 183 185 186 186 185 185 185 190 186 187 190 189 194 193 190 187 187 187 185 184 186 187 187 186 186 185 187 185 186 183 190 186 187 187 187 187 187 187 187 
187 187 187 187 187 187 187 186 191 183 187 187 187 187 186 187 186 185 189 186 186 187 186 187 187 187 189 189 185 188 191 184 184 189 186 186 188 185 186 184 189 186 186 189 190 186 185 187 187 187 188 186 188 187 183 190 186 187 187 187 187 187 187 187 
187 187 187 187 187 187 187 186 190 181 188 187 186 187 187 187 188 186 187 186 184 187 187 189 190 189 188 186 186 189 184 189 188 183 189 185 189 186 182 181 183 187 188 185 187 188 187 186 188 186 188 188 187 187 184 189 186 187 187 187 187 187 187 187 
187 187 187 187 187 187 187 186 191 182 189 186 188 188 187 186 186 188 188 189 190 189 188 186 185 185 179 190 187 187 190 183 187 188 183 189 183 185 197 197 198 181 188 189 186 186 185 187 187 187 186 188 187 188 184 190 186 187 187 187 187 187 187 187 
187 187 187 187 187 187 187 186 191 180 188 188 185 187 187 189 189 187 186 186 185 184 186 184 184 184 184 189 184 189 186 187 187 185 187 187 186 182 182 176 178 183 187 176 191 187 191 187 186 189 188 185 186 188 183 189 186 187 187 187 187 187 187 187 
187 187 187 187 187 187 187 186 191 181 188 187 186 186 187 182 184 185 185 182 186 188 184 187 192 187 191 185 186 186 188 187 189 188 186 184 192 188 182 190 183 192 194 195 170 203 176 184 191 183 188 189 187 188 184 190 186 187 187 187 187 187 187 187 
187 187 187 187 187 187 187 186 191 182 188 187 189 186 188 188 188 185 189 201 184 183 187 187 186 186 187 186 187 185 187 187 186 187 187 186 188 186 191 190 181 181 190 188 179 186 184 183 189 187 184 187 186 188 183 190 186 187 187 187 187 187 187 187 
187 187 187 187 187 187 187 186 190 182 188 188 186 187 187 187 186 185 184 178 179 186 187 191 186 185 185 189 186 185 188 187 184 188 186 185 188 185 186 183 191 189 182 185 187 185 186 196 183 185 185 188 185 186 184 190 186 187 187 187 187 187 187 187 
187 187 187 187 187 187 187 187 189 184 186 188 187 187 187 186 187 188 184 181 195 195 188 183 190 189 188 186 186 190 186 187 188 186 188 187 186 189 188 188 188 188 179 180 188 193 186 180 186 189 187 188 187 189 182 190 187 187 187 187 187 187 187 187 
187 187 187 187 187 187 187 187 187 185 187 186 187 186 187 186 188 187 188 194 180 180 184 186 186 186 184 187 187 186 187 187 186 186 187 187 187 187 186 186 188 189 196 205 177 180 189 185 189 187 187 187 188 188 183 189 187 187 187 187 187 187 187 187 
187 187 187 187 187 187 187 187 186 189 186 187 187 187 187 187 189 186 186 185 175 188 198 184 191 186 187 187 186 187 187 187 186 187 187 186 188 187 186 190 186 183 175 176 192 189 182 181 189 185 187 187 186 186 187 187 187 187 187 187 187 187 187 187 
187 187 187 187 187 187 187 187 186 191 181 188 187 187 186 186 182 182 189 183 202 191 164 192 192 183 192 187 188 186 186 186 189 186 187 187 187 188 186 189 181 188 189 187 185 182 198 184 188 188 187 187 187 184 189 187 187 187 187 187 187 187 187 187 
187 187 187 187 187 187 187 187 187 188 183 188 186 187 187 185 196 189 175 189 181 178 196 184 176 187 185 180 191 187 190 186 189 186 187 188 186 192 178 184 197 182 188 188 187 184 186 186 185 185 190 185 189 184 189 187 187 187 187 187 187 187 187 187 
187 187 187 187 187 187 187 187 187 187 186 187 187 188 186 188 181 178 204 172 188 190 190 183 180 209 173 183 193 180 187 183 193 184 187 186 189 173 208 173 187 187 186 187 186 187 191 186 188 187 187 187 184 188 187 187 187 187 187 187 187 187 187 187 
187 187 187 187 187 187 187 187 187 187 190 182 189 187 188 186 188 186 177 201 176 175 177 188 186 186 185 185 193 186 187 176 200 176 185 187 190 179 192 182 187 187 188 184 188 187 186 187 187 187 186 189 183 189 186 187 187 187 187 187 187 187 187 187 
187 187 187 187 187 187 187 187 187 187 187 188 185 187 186 188 186 186 190 183 179 199 202 177 188 187 187 187 184 187 193 180 196 184 188 188 185 189 185 187 188 187 184 187 188 185 185 187 187 185 188 184 189 187 187 187 187 187 187 187 187 187 187 187 
187 187 187 187 187 187 187 187 187 187 186 188 185 188 189 186 188 187 186 189 189 182 177 196 176 180 184 188 188 186 187 184 188 184 187 187 187 186 188 180 176 183 185 189 184 187 185 191 187 188 186 187 187 187 187 187 187 187 187 187 187 187 187 187 
187 187 187 187 187 187 187 187 187 187 187 186 189 183 186 188 187 188 188 186 185 187 187 182 193 196 190 180 177 187 187 188 188 187 186 189 184 184 185 190 210 183 190 189 188 188 188 185 186 187 183 189 186 187 187 187 187 187 187 187 187 187 187 187 
187 187 187 187 187 187 187 187 187 187 187 187 186 189 185 186 187 187 186 186 189 187 187 187 187 180 181 191 201 182 181 176 181 186 182 181 184 192 185 184 173 186 187 185 184 187 186 187 188 184 189 187 187 187 187 187 187 187 187 187 187 187 187 187 
187 187 187 187 187 187 187 187 187 187 187 187 187 186 189 186 185 188 187 187 187 187 186 187 186 187 188 186 184 181 196 198 193 183 193 196 185 188 188 186 188 186 186 187 188 187 187 189 184 189 186 187 187 187 187 187 187 187 187 187 187 187 187 187 
187 187 187 187 187 187 187 187 187 187 187 187 187 187 187 188 187 185 186 187 187 188 187 187 190 187 186 188 186 187 184 184 184 189 185 183 186 187 185 186 187 188 188 189 187 187 187 185 188 187 187 187 187 187 187 187 187 187 187 187 187 187 187 187 
187 187 187 187 187 187 187 187 187 187 187 187 187 187 187 187 187 188 188 184 188 186 186 185 185 188 186 189 186 187 187 186 187 186 187 187 186 187 188 187 188 187 186 186 187 185 186 188 187 187 187 187 187 187 187 187 187 187 187 187 187 187 187 187 
187 187 187 187 187 187 187 187 187 187 187 187 187 187 187 187 187 186 187 188 185 187 186 187 188 186 188 187 187 187 188 187 187 186 189 186 189 187 186 187 186 187 187 186 186 188 187 187 187 187 187 187 187 187 187 187 187 187 187 187 187 187 187 187 
187 187 187 187 187 187 187 187 187 187 187 187 187 187 187 187 187 187 187 187 187 188 187 188 185 188 188 188 186 187 187 186 189 188 185 187 185 187 186 187 186 188 183 188 188 186 187 187 187 187 187 187 187 187 187 187 187 187 187 187 187 187 187 187 
187 187 187 187 187 187 187 187 187 187 187 187 187 187 187 187 187 187 187 187 187 187 186 187 188 184 185 186 185 189 187 188 187 187 189 188 187 187 186 186 185 188 188 187 186 187 187 187 187 187 187 187 187 187 187 187 187 187 187 187 187 187 187 187 
187 187 187 187 187 187 187 187 187 187 187 187 187 187 187 187 187 187 187 187 187 187 187 187 187 187 188 188 188 184 187 182 184 186 184 186 186 188 188 187 187 187 187 187 187 187 187 187 187 187 187 187 187 187 187 187 187 187 187 187 187 187 187 187 
187 187 187 187 187 187 187 187 187 187 187 187 187 187 187 187 187 187 187 187 187 187 187 187 187 187 187 186 186 187 187 188 188 187 187 187 187 186 187 187 187 187 187 187 187 187 187 187 187 187 187 187 187 187 187 187 187 187 187 187 187 187 187 187 
187 187 187 187 187 187 187 187 187 187 187 187 187 187 187 187 187 187 187 187 187 187 187 187 187 187 187 187 187 187 187 187 187 187 187 187 187 187 187 187 187 187 187 187 187 187 187 187 187 187 187 187 187 187 187 187 187 187 187 187 187 187 187 187 
187 187 187 187 187 187 187 187 187 187 187 187 187 187 187 187 187 187 187 187 187 187 187 187 187 187 187 187 187 187 187 187 187 187 187 187 187 187 187 187 187 187 187 187 187 187 187 187 187 187 187 187 187 187 187 187 187 187 187 187 187 187 187 187 
187 187 187 187 187 187 187 187 187 187 187 187 187 187 187 187 187 187 187 187 187 187 187 187 187 187 187 187 187 187 187 187 187 187 187 187 187 187 187 187 187 187 187 187 187 187 187 187 187 187 187 187 187 187 187 187 187 187 187 187 187 187 187 187 
187 187 187 187 187 187 187 187 187 187 187 187 187 187 187 187 187 187 187 187 187 187 187 187 187 187 187 187 187 187 187 187 187 187 187 187 187 187 187 187 187 187 187 187 187 187 187 187 187 187 187 187 187 187 187 187 187 187 187 187 187 187 187 187 
187 187 187 187 187 187 187 187 187 187 187 187 187 187 187 187 187 187 187 187 187 187 187 187 187 187 187 187 187 187 187 187 187 187 187 187 187 187 187 187 187 187 187 187 187 187 187 187 187 187 187 187 187 187 187 187 187 187 187 187 187 187 187 187 
187 187 187 187 187 187 187 187 187 187 187 187 187 187 187 187 187 187 187 187 187 187 187 187 187 187 187 187 187 187 187 187 187 187 187 187 187 187 187 187 187 187 187 187 187 187 187 187 187 187 187 187 187 187 187 187 187 187 187 187 187 187 187 187 
