187 187 187 187 187 187 187 187 187 187 187 187 187 187 187 187 187 187 187 187 187 187 187 187 187 187 187 187 187 187 187 187 187 187 187 187 187 187 187 187 187 187 187 187 187 187 187 187 187 187 187 187 187 187 187 187 187 187 187 187 187 187 187 187 
187 187 187 187 187 187 187 187 187 187 187 187 187 187 187 187 187 187 187 187 187 187 187 187 187 187 187 187 187 187 187 187 187 187 187 187 187 187 187 187 187 187 187 187 187 187 187 187 187 187 187 187 187 187 187 187 187 187 187 187 187 187 187 187 
187 187 187 187 187 187 187 187 187 187 187 187 187 187 187 187 187 187 187 187 187 187 187 187 187 187 187 187 187 187 187 187 187 187 187 187 187 187 187 187 187 187 187 187 187 187 187 187 187 187 187 187 187 187 187 187 187 187 187 187 187 187 187 187 
187 187 187 187 187 187 187 187 187 187 187 187 187 187 187 187 187 187 187 187 187 187 187 187 187 187 187 187 187 187 187 187 187 187 187 187 187 187 187 187 187 187 187 187 187 187 187 187 187 187 187 187 187 187 187 187 187 187 187 187 187 187 187 187 
187 187 187 187 187 187 187 187 187 187 187 187 187 187 187 187 187 187 187 187 187 187 187 187 187 187 187 187 187 187 187 187 187 187 187 187 187 187 187 187 187 187 187 187 187 187 187 187 187 187 187 187 187 187 187 187 187 187 187 187 187 187 187 187 
187 187 187 187 187 187 187 187 187 187 187 187 187 187 187 187 187 187 187 187 187 187 187 187 187 187 187 187 187 187 187 187 187 187 187 187 187 187 187 187 187 187 187 187 187 187 187 187 187 187 187 187 187 187 187 187 187 187 187 187 187 187 187 187 
187 187 187 187 187 187 187 187 187 187 187 187 187 187 187 187 187 187 187 187 187 187 187 187 187 188 188 187 187 188 187 187 187 187 187 187 188 187 187 187 187 187 187 187 187 187 187 187 187 187 187 187 187 187 187 187 187 187 187 187 187 187 187 187 
187 187 187 187 187 187 187 187 187 187 187 187 187 187 187 187 187 187 187 187 187 187 188 188 189 188 188 188 188 188 187 187 187 187 188 187 188 188 188 188 188 187 187 187 187 187 187 187 187 187 187 187 187 187 187 187 187 187 187 187 187 187 187 187 
187 187 187 187 187 187 187 187 187 187 187 187 187 187 187 187 187 187 187 187 188 189 188 186 179 172 173 177 179 179 179 180 180 180 181 177 177 178 183 187 188 188 188 187 188 187 187 187 187 187 187 187 187 187 187 187 187 187 187 187 187 187 187 187 
187 187 187 187 187 187 187 187 187 187 187 187 187 187 187 187 187 187 188 189 186 182 179 176 186 207 201 194 192 195 194 196 195 193 192 200 197 196 187 177 178 180 185 188 188 188 188 187 187 188 187 188 187 187 187 187 187 187 187 187 187 187 187 187 
187 187 187 187 187 187 187 187 187 187 187 187 187 187 187 187 187 188 187 175 176 185 188 190 198 166 178 192 180 186 186 176 184 190 189 176 189 175 199 190 192 194 178 178 178 179 182 183 182 183 182 183 187 187 187 187 187 187 187 187 187 187 187 187 
187 187 187 187 187 187 187 187 187 187 187 187 187 187 187 187 188 187 171 194 199 192 194 187 186 191 179 192 181 183 191 177 185 180 189 186 180 184 184 189 190 193 196 188 201 195 187 187 191 187 189 192 178 187 187 187 187 187 187 187 187 187 187 187 
187 187 187 187 187 187 187 187 187 187 187 187 187 187 187 188 186 175 193 196 178 187 183 176 191 186 188 184 189 186 185 185 189 188 176 191 181 188 189 176 186 180 181 187 184 183 191 190 185 195 189 190 193 185 188 187 187 187 187 187 187 187 187 187 
187 187 187 187 187 187 187 187 187 187 187 187 187 187 188 188 174 197 181 175 192 183 182 188 184 186 180 187 190 184 190 184 190 185 194 185 186 188 189 190 188 191 181 188 180 192 181 183 175 184 184 174 188 186 187 187 187 187 187 187 187 187 187 187 
187 187 187 187 187 187 187 187 187 187 187 187 187 187 189 178 181 205 187 189 188 171 190 194 183 192 197 187 189 188 187 183 182 193 193 189 187 192 187 183 191 187 191 190 188 193 183 185 197 184 188 192 181 180 192 186 186 187 187 187 187 187 187 187 
187 187 187 187 187 187 187 187 187 187 187 187 187 188 180 185 190 185 184 166 190 195 198 178 185 185 178 186 178 193 182 187 186 185 183 182 182 185 186 185 191 185 185 185 176 186 183 187 178 189 187 186 192 179 188 189 186 187 187 187 187 187 187 187 
187 187 187 187 187 187 187 187 187 187 187 187 188 184 179 198 186 200 179 202 189 163 184 184 186 179 185 193 189 187 191 187 189 184 187 187 186 190 189 185 181 175 174 186 190 193 192 194 190 181 188 182 189 187 177 192 186 186 187 187 187 187 187 187 
187 187 187 187 187 187 187 187 187 187 187 188 188 179 205 175 190 165 192 171 205 184 197 182 182 181 187 184 185 186 186 189 184 187 189 187 187 184 179 179 186 194 211 197 187 184 189 179 193 183 191 197 186 190 179 188 188 186 187 187 187 187 187 187 
187 187 187 187 187 187 187 187 187 187 187 188 185 185 188 186 178 197 166 189 174 191 184 185 180 193 188 187 186 187 188 187 188 186 188 184 183 190 191 187 196 197 151 175 182 183 184 183 184 183 183 177 187 199 186 178 194 186 186 187 187 187 187 187 
187 187 187 187 187 187 187 187 187 187 187 186 181 187 181 184 187 182 183 196 179 185 173 195 184 188 175 185 189 186 188 189 185 180 183 190 191 185 185 189 188 191 182 184 190 189 188 186 190 186 186 188 182 182 189 184 191 187 186 187 187 187 187 187 
187 187 187 187 187 187 187 187 187 187 188 182 187 201 186 188 198 177 200 177 204 174 202 178 180 201 189 185 188 187 186 186 188 192 191 186 187 186 188 185 188 188 187 188 187 186 188 185 189 186 187 188 188 186 186 186 180 191 186 187 187 187 187 187 
187 187 187 187 187 187 187 187 187 188 186 180 199 172 180 182 193 188 187 183 174 197 185 183 180 190 181 187 187 186 189 187 190 183 190 188 187 184 187 186 186 195 177 184 189 187 188 184 186 187 185 187 186 188 185 190 180 192 186 186 187 187 187 187 
187 187 187 187 187 187 187 187 187 188 183 189 188 185 201 174 188 176 189 172 199 176 181 192 186 184 188 179 188 187 188 187 183 189 184 186 185 185 189 184 188 194 177 184 193 190 185 187 186 190 185 190 186 188 188 188 179 192 186 186 187 187 187 187 
187 187 187 187 187 187 187 187 188 187 179 192 191 177 179 182 188 188 195 197 187 185 181 194 187 195 197 183 186 189 188 185 191 187 182 189 185 187 186 188 184 187 190 174 183 189 187 186 185 188 187 187 186 188 187 186 183 191 186 187 187 187 187 187 
187 187 187 187 187 187 187 187 188 180 188 188 191 184 189 199 184 176 188 165 177 198 190 181 177 183 183 183 188 188 186 184 181 184 192 187 189 185 187 187 188 186 193 192 183 187 187 186 182 191 186 187 187 188 187 187 183 191 186 187 187 187 187 187 
187 187 187 187 187 187 187 188 187 176 201 191 166 194 193 177 187 174 187 187 185 185 183 188 190 188 186 185 187 185 185 187 189 191 186 186 184 187 187 187 186 185 192 182 187 194 183 190 182 190 185 186 187 188 187 186 182 192 186 187 187 187 187 187 
187 187 187 187 187 187 187 188 184 184 188 182 182 188 172 172 192 179 188 201 186 188 185 193 180 185 186 185 186 187 189 191 191 184 182 185 186 186 185 188 187 186 189 192 183 189 188 189 183 191 185 187 187 187 187 186 180 192 186 187 187 187 187 187 
187 187 187 187 187 187 187 188 181 190 192 198 187 181 206 199 190 192 187 161 198 186 174 201 184 192 188 187 187 189 189 188 181 184 190 189 189 187 187 186 186 184 183 185 185 188 185 187 184 189 185 186 187 188 184 193 178 192 186 187 187 187 187 187 
187 187 187 187 187 187 188 187 177 209 175 163 181 184 180 172 190 178 191 189 189 174 188 183 176 188 182 184 186 188 183 184 185 187 189 186 188 192 186 190 190 190 189 185 185 189 183 190 184 192 186 187 188 185 183 195 173 192 187 186 187 187 187 187 
187 187 187 187 187 187 187 185 183 173 194 190 197 188 195 194 185 168 206 169 202 177 199 186 184 197 193 183 188 187 186 186 187 190 190 187 186 184 182 184 184 186 185 189 186 190 185 190 182 186 186 188 185 180 191 186 183 188 186 187 187 187 187 187 
187 187 187 187 187 187 188 182 188 196 166 190 186 182 186 177 185 199 159 182 185 185 184 186 189 179 185 187 184 186 188 191 189 187 185 185 185 186 190 188 185 186 186 186 186 186 185 185 182 194 183 180 182 198 179 193 184 187 187 187 187 187 187 187 
187 187 187 187 187 187 188 180 191 190 195 179 179 192 172 189 202 173 202 187 194 183 178 185 182 187 188 185 188 188 186 192 185 183 188 187 188 187 185 187 194 191 186 189 185 189 190 192 190 185 180 191 200 179 182 192 183 187 187 187 187 187 187 187 
187 187 187 187 187 188 187 178 192 181 188 186 179 188 190 184 186 183 186 170 191 188 190 190 186 188 186 191 187 189 181 188 184 186 186 186 187 187 186 185 182 184 189 190 188 185 187 184 180 189 200 182 178 183 200 179 188 187 187 187 187 187 187 187 
187 187 187 187 187 188 188 174 205 190 182 190 188 192 182 182 190 183 187 187 183 190 181 195 182 186 186 184 187 186 184 191 185 186 188 188 186 186 188 188 186 185 183 185 184 186 186 187 192 187 183 179 189 180 196 182 187 187 187 187 187 187 187 187 
187 187 187 187 187 188 188 178 185 199 166 186 182 173 198 166 199 177 182 189 177 196 176 187 188 191 183 187 185 187 189 188 185 187 187 185 186 189 187 188 187 188 188 187 187 187 186 188 186 187 185 186 188 192 184 187 187 187 187 187 187 187 187 187 
187 187 187 187 187 187 188 183 177 206 175 197 184 173 188 184 182 188 183 193 183 187 191 186 185 189 182 189 185 187 186 189 186 186 187 188 186 188 188 187 188 188 186 188 188 186 187 186 187 185 186 190 186 186 180 187 187 186 187 187 187 187 187 187 
187 187 187 187 187 187 188 186 176 186 199 170 194 184 202 188 183 183 191 192 180 187 178 186 191 180 186 188 187 193 186 190 188 184 189 192 184 187 188 184 185 185 186 187 187 185 188 186 184 185 190 186 187 184 185 188 187 187 187 187 187 187 187 187 
187 187 187 187 187 187 188 186 177 197 191 160 201 177 179 191 187 193 172 185 188 186 191 194 179 187 187 191 181 192 182 184 188 184 188 184 184 188 187 189 188 190 189 187 185 187 186 193 183 191 177 191 183 189 188 187 187 187 187 187 187 187 187 187 
187 187 187 187 187 187 189 185 175 213 177 191 184 185 192 187 178 191 189 187 193 189 181 180 191 188 181 192 180 190 180 192 185 185 188 188 183 190 184 182 189 180 188 186 183 189 186 176 194 182 198 187 195 179 189 187 187 187 187 187 187 187 187 187 
187 187 187 187 187 187 188 187 171 203 172 181 180 179 187 180 190 190 185 178 180 191 191 188 180 195 182 190 187 176 192 186 185 186 188 187 188 191 187 186 186 186 194 190 179 188 195 186 189 189 180 188 182 185 188 187 187 187 187 187 187 187 187 187 
187 187 187 187 187 187 188 188 174 202 198 177 190 188 193 177 180 180 188 189 192 177 192 186 173 189 186 191 189 184 189 186 182 191 186 181 183 182 188 190 189 177 181 194 165 201 174 194 175 181 179 190 181 189 187 187 187 187 187 187 187 187 187 187 
187 187 187 187 187 187 187 188 179 186 192 181 186 187 181 194 192 194 184 195 174 196 186 180 199 187 187 184 192 181 189 182 181 191 185 190 192 192 182 186 187 180 190 189 181 198 171 192 191 182 187 187 186 187 187 187 187 187 187 187 187 187 187 187 
187 187 187 187 187 187 187 188 183 185 187 200 172 199 181 178 183 173 183 185 193 187 180 197 182 185 175 193 174 182 191 196 189 188 194 175 188 189 180 196 186 190 184 191 176 203 172 193 202 169 189 184 187 188 187 187 187 187 187 187 187 187 187 187 
187 187 187 187 187 187 187 188 183 186 196 179 189 170 181 193 189 209 173 182 179 189 178 186 191 171 201 195 193 185 185 180 181 183 177 195 187 179 185 184 191 185 184 204 169 194 188 184 171 195 183 188 187 187 187 187 187 187 187 187 187 187 187 187 
187 187 187 187 187 187 187 188 186 179 190 189 182 187 199 180 191 173 188 183 194 192 183 185 195 190 185 174 186 182 188 191 188 193 185 181 189 196 192 173 194 185 183 184 176 187 184 187 205 176 186 188 187 187 187 187 187 187 187 187 187 187 187 187 
187 187 187 187 187 187 187 188 188 178 196 185 195 179 187 177 184 172 213 180 175 187 190 188 177 187 175 197 186 175 193 184 185 187 194 182 189 164 185 190 177 193 184 186 203 171 196 174 186 183 188 187 187 187 187 187 187 187 187 187 187 187 187 187 
187 187 187 187 187 187 187 187 188 185 181 195 188 177 184 199 189 175 179 184 185 185 196 185 185 188 192 185 187 189 179 194 184 179 187 189 182 204 191 189 184 183 184 190 184 174 192 196 175 189 187 187 187 187 187 187 187 187 187 187 187 187 187 187 
187 187 187 187 187 187 187 187 187 188 185 176 193 200 179 185 195 179 202 183 185 183 189 184 187 178 182 199 179 182 193 190 175 189 180 187 180 187 183 179 187 193 184 185 189 180 196 182 185 188 187 187 187 187 187 187 187 187 187 187 187 187 187 187 
187 187 187 187 187 187 187 187 187 187 188 186 174 197 182 167 195 185 193 173 175 193 183 181 195 205 181 184 182 179 191 181 194 192 187 185 195 184 182 194 189 185 173 188 189 194 187 180 189 187 187 187 187 187 187 187 187 187 187 187 187 187 187 187 
187 187 187 187 187 187 187 187 187 187 187 189 183 183 200 185 170 186 181 181 192 190 183 190 179 172 178 196 190 192 180 191 180 192 189 183 187 186 191 182 168 204 184 194 187 181 179 189 187 187 187 187 187 187 187 187 187 187 187 187 187 187 187 187 
187 187 187 187 187 187 187 187 187 187 187 188 188 178 188 196 196 177 189 199 183 196 175 182 192 184 193 180 188 179 187 182 191 175 186 185 183 195 183 187 195 172 174 203 179 183 189 187 187 187 187 187 187 187 187 187 187 187 187 187 187 187 187 187 
187 187 187 187 187 187 187 187 187 187 187 187 187 185 182 182 195 196 188 183 163 199 180 191 193 183 190 177 189 185 189 188 180 187 178 194 176 183 179 193 183 193 191 181 182 189 187 187 187 187 187 187 187 187 187 187 187 187 187 187 187 187 187 187 
187 187 187 187 187 187 187 187 187 187 187 187 187 187 186 182 178 183 192 200 187 184 186 177 181 177 187 182 184 197 172 189 187 186 186 192 189 192 193 180 183 202 173 186 188 187 187 187 187 187 187 187 187 187 187 187 187 187 187 187 187 187 187 187 
187 187 187 187 187 187 187 187 187 187 187 187 187 187 188 188 188 182 171 197 189 197 191 192 198 200 192 190 185 196 185 187 191 193 176 201 179 181 189 200 179 181 185 188 187 187 187 187 187 187 187 187 187 187 187 187 187 187 187 187 187 187 187 187 
187 187 187 187 187 187 187 187 187 187 187 187 187 187 187 187 188 189 186 180 169 176 180 180 171 175 179 179 180 178 182 180 180 182 179 183 183 188 178 179 187 188 187 187 187 187 187 187 187 187 187 187 187 187 187 187 187 187 187 187 187 187 187 187 
187 187 187 187 187 187 187 187 187 187 187 187 187 187 187 187 187 187 188 189 189 188 185 186 187 187 187 187 186 187 185 186 185 186 186 186 186 186 188 188 188 188 187 187 187 187 187 187 187 187 187 187 187 187 187 187 187 187 187 187 187 187 187 187 
187 187 187 187 187 187 187 187 187 187 187 187 187 187 187 187 187 187 187 187 187 188 188 189 188 188 188 188 187 188 188 188 188 188 187 188 187 188 187 187 187 187 187 187 187 187 187 187 187 187 187 187 187 187 187 187 187 187 187 187 187 187 187 187 
187 187 187 187 187 187 187 187 187 187 187 187 187 187 187 187 187 187 187 187 187 187 187 187 187 187 188 188 187 187 187 187 187 187 187 187 187 187 187 187 187 187 187 187 187 187 187 187 187 187 187 187 187 187 187 187 187 187 187 187 187 187 187 187 
187 187 187 187 187 187 187 187 187 187 187 187 187 187 187 187 187 187 187 187 187 187 187 187 187 187 187 187 187 187 187 187 187 187 187 187 187 187 187 187 187 187 187 187 187 187 187 187 187 187 187 187 187 187 187 187 187 187 187 187 187 187 187 187 
187 187 187 187 187 187 187 187 187 187 187 187 187 187 187 187 187 187 187 187 187 187 187 187 187 187 187 187 187 187 187 187 187 187 187 187 187 187 187 187 187 187 187 187 187 187 187 187 187 187 187 187 187 187 187 187 187 187 187 187 187 187 187 187 
187 187 187 187 187 187 187 187 187 187 187 187 187 187 187 187 187 187 187 187 187 187 187 187 187 187 187 187 187 187 187 187 187 187 187 187 187 187 187 187 187 187 187 187 187 187 187 187 187 187 187 187 187 187 187 187 187 187 187 187 187 187 187 187 
187 187 187 187 187 187 187 187 187 187 187 187 187 187 187 187 187 187 187 187 187 187 187 187 187 187 187 187 187 187 187 187 187 187 187 187 187 187 187 187 187 187 187 187 187 187 187 187 187 187 187 187 187 187 187 187 187 187 187 187 187 187 187 187 
187 187 187 187 187 187 187 187 187 187 187 187 187 187 187 187 187 187 187 187 187 187 187 187 187 187 187 187 187 187 187 187 187 187 187 187 187 187 187 187 187 187 187 187 187 187 187 187 187 187 187 187 187 187 187 187 187 187 187 187 187 187 187 187 
187 187 187 187 187 187 187 187 187 187 187 187 187 187 187 187 187 187 187 187 187 187 187 187 187 187 187 187 187 187 187 187 187 187 187 187 187 187 187 187 187 187 187 187 187 187 187 187 187 187 187 187 187 187 187 187 187 187 187 187 187 187 187 187 
