187 187 187 187 187 187 187 187 187 187 187 187 187 187 187 187 187 187 187 187 187 187 187 187 187 187 187 187 187 187 188 184 187 187 187 187 187 187 187 187 187 187 187 187 187 187 187 187 187 187 187 187 187 187 187 187 187 187 187 187 187 187 187 187 
187 187 187 187 187 187 187 187 187 187 187 187 187 187 187 187 187 187 187 187 187 187 186 188 187 187 187 187 187 190 185 175 193 187 187 187 187 187 187 187 187 187 187 187 187 187 187 187 187 187 187 187 187 187 187 187 187 187 187 187 187 187 187 187 
187 187 187 187 187 187 187 187 187 187 187 187 187 187 187 187 187 187 187 186 185 185 183 191 187 187 187 187 187 198 153 200 188 187 187 187 187 187 187 187 187 187 187 187 187 187 187 187 187 187 187 187 187 187 187 187 187 187 187 187 187 187 187 187 
187 187 187 187 187 187 187 187 187 187 187 187 187 187 187 187 187 187 187 190 186 177 195 188 187 187 187 187 190 186 170 193 187 187 187 187 187 187 187 187 187 187 187 187 187 187 187 187 187 187 187 187 187 187 187 187 187 187 187 187 187 187 187 187 
187 187 187 187 187 187 187 187 187 187 187 187 187 187 187 187 187 187 187 187 190 192 188 187 187 187 187 187 196 158 197 188 187 187 187 187 187 187 187 187 187 187 187 187 187 187 187 187 187 187 187 187 187 187 187 187 187 187 187 187 187 187 187 187 
187 187 187 187 187 187 187 187 187 187 187 187 187 187 187 182 192 187 187 187 187 187 187 187 187 187 187 187 197 156 198 187 187 187 187 187 187 187 187 187 187 187 187 187 187 187 187 187 187 187 187 187 187 187 187 187 187 187 187 187 187 187 187 187 
187 187 187 187 187 187 187 187 187 187 187 187 187 187 191 168 191 192 187 187 187 187 187 187 187 187 187 187 196 160 198 187 187 187 187 187 187 187 187 187 187 187 187 187 187 187 187 187 187 187 187 187 187 187 187 187 187 187 187 187 187 187 187 187 
187 187 187 187 187 187 187 187 187 187 187 187 187 187 188 197 154 187 198 189 187 187 187 187 187 187 187 187 197 154 201 193 190 187 187 187 187 187 187 187 187 187 187 187 187 187 187 187 187 187 187 187 187 187 187 187 187 187 187 187 187 187 187 187 
187 187 187 187 187 187 187 187 187 187 186 189 187 187 187 189 198 163 159 194 200 198 193 187 187 187 187 187 189 191 151 176 178 187 187 187 187 187 187 187 187 187 187 187 187 187 187 187 187 187 187 187 187 187 187 187 187 187 187 187 187 187 187 187 
187 187 187 187 187 187 187 187 187 187 181 189 188 187 187 187 188 196 194 162 156 156 169 197 187 187 187 187 187 190 199 184 186 187 187 187 187 187 187 187 187 187 187 187 187 187 187 187 187 187 187 187 187 187 187 187 187 187 187 187 187 187 187 187 
187 187 187 187 187 187 187 187 187 188 182 183 189 187 187 187 187 187 188 194 198 202 175 177 191 187 187 187 187 187 187 189 188 187 187 187 187 187 187 187 187 187 187 187 187 187 187 187 187 187 187 187 187 187 187 187 187 187 187 187 187 187 187 187 
187 187 187 187 187 187 187 187 187 189 181 181 189 187 187 187 187 187 187 187 187 187 200 155 196 187 187 187 187 187 187 187 187 187 187 187 187 187 187 187 187 187 187 187 187 187 187 187 187 187 187 187 187 187 187 187 187 187 187 187 187 187 187 187 
187 187 187 187 187 187 187 187 187 190 182 181 189 187 187 187 187 187 187 187 187 187 200 159 198 187 187 187 187 187 187 187 187 187 187 187 187 187 187 187 187 187 187 187 187 187 187 187 187 187 187 187 187 187 187 187 187 187 187 187 187 187 187 187 
187 187 187 187 187 187 187 187 187 196 164 192 188 187 187 187 187 187 187 187 187 193 202 155 196 187 187 187 188 189 189 187 187 187 187 187 187 187 187 187 187 187 187 187 187 187 187 187 187 187 187 187 187 187 187 187 187 187 187 187 187 187 187 187 
187 187 187 187 187 187 187 187 190 193 155 197 187 187 187 187 187 187 188 194 198 175 151 191 189 187 187 196 187 181 183 197 189 187 187 187 187 187 187 187 187 187 187 187 187 187 187 187 187 187 187 187 187 187 187 187 187 187 187 187 187 187 187 187 
187 187 187 187 187 187 187 187 198 151 199 189 187 187 187 187 189 196 199 168 154 183 199 190 187 187 195 165 167 183 175 154 195 187 187 187 187 187 187 187 187 187 187 187 187 187 187 187 187 187 187 187 187 187 187 187 187 187 187 187 187 187 187 187 
187 187 187 187 187 187 187 192 169 187 191 187 187 187 189 198 189 160 155 187 199 190 187 187 187 187 194 163 203 190 194 192 158 187 187 187 187 187 187 187 187 187 187 187 187 187 187 187 187 187 187 187 187 187 187 187 187 187 187 187 187 187 187 187 
187 187 187 187 187 187 187 199 155 200 187 187 187 187 197 156 167 194 198 190 187 187 187 187 187 187 196 155 193 193 187 196 178 187 187 187 187 187 187 187 187 187 187 187 187 187 187 187 187 187 187 187 187 187 187 187 187 187 187 187 187 187 187 187 
187 187 187 187 187 187 188 198 158 196 187 187 187 193 167 188 196 188 187 187 187 187 187 187 187 187 189 198 154 182 195 188 194 187 187 187 187 187 187 187 187 187 187 187 187 187 187 187 187 187 187 187 187 187 187 187 187 187 187 187 187 187 187 187 
187 187 187 188 187 187 197 167 186 189 187 187 187 197 156 201 187 187 187 187 187 187 187 187 187 187 187 189 199 164 179 195 187 187 187 187 187 187 187 187 187 187 187 187 187 187 187 187 187 187 187 187 187 187 187 187 187 187 187 187 187 187 187 187 
187 187 187 189 187 192 182 165 197 187 187 187 187 198 158 200 187 187 187 187 187 187 187 187 187 187 187 187 188 199 164 181 191 187 187 187 187 187 187 187 187 187 187 187 187 187 187 187 187 187 187 187 187 187 187 187 187 187 187 187 187 187 187 187 
187 187 189 189 189 198 152 200 187 187 187 187 187 195 158 199 190 189 189 189 187 187 187 187 187 187 187 187 187 188 201 152 196 187 187 187 187 187 187 187 187 187 187 187 187 187 187 187 187 187 187 187 187 187 187 187 187 187 187 187 187 187 187 187 
187 187 185 193 201 155 193 190 187 187 187 187 190 198 196 173 186 181 181 181 196 189 187 187 187 187 187 187 187 187 196 166 193 187 187 187 187 187 187 187 187 187 187 187 187 187 187 187 187 187 187 187 187 187 187 187 187 187 187 187 187 187 187 187 
187 185 189 196 156 180 193 187 187 187 191 199 182 162 167 158 193 183 182 180 155 198 188 187 187 187 187 187 187 187 198 157 196 187 187 187 187 187 187 187 187 187 187 187 187 187 187 187 187 187 187 187 187 187 187 187 187 187 187 187 187 187 187 187 
187 188 194 162 197 195 187 187 187 195 186 151 175 196 202 197 158 201 190 194 187 162 198 187 187 187 187 187 187 188 201 156 196 187 187 187 187 187 187 187 187 187 187 187 187 187 187 187 187 187 187 187 187 187 187 187 187 187 187 187 187 187 187 187 
187 187 189 186 163 201 193 191 200 175 162 199 192 188 187 194 176 178 191 187 196 169 174 199 190 189 189 189 193 201 165 182 190 187 187 187 187 187 187 187 187 187 187 187 187 187 187 187 187 187 187 187 187 187 187 187 187 187 187 187 187 187 187 187 
187 187 187 195 182 152 170 182 153 175 198 188 187 187 187 187 200 155 196 187 187 197 174 158 183 181 181 182 170 152 181 195 187 187 187 187 187 187 187 187 187 187 187 187 187 187 187 187 187 187 187 187 187 187 187 187 187 187 187 187 187 187 187 187 
187 187 187 187 191 199 188 182 197 193 187 187 187 187 187 187 199 158 198 187 187 187 194 192 181 181 181 181 188 199 191 187 187 187 187 187 187 187 187 187 187 187 187 187 187 187 187 187 187 187 187 187 187 187 187 187 187 187 187 187 187 187 187 187 
187 187 187 187 187 187 188 189 187 187 187 187 187 187 187 187 199 158 198 187 187 187 187 194 199 198 197 196 192 188 187 187 187 187 187 187 187 187 187 187 187 187 187 187 187 187 187 187 187 187 187 187 187 187 187 187 187 187 187 187 187 187 187 187 
187 187 187 187 187 187 187 187 187 187 187 187 187 187 187 187 200 155 196 187 187 188 198 169 155 162 164 164 179 196 189 187 187 187 187 187 187 187 187 187 187 187 187 187 187 187 187 187 187 187 187 187 187 187 187 187 187 187 187 187 187 187 187 187 
187 191 196 198 198 197 193 188 187 187 187 187 187 187 188 198 176 177 191 187 188 199 164 179 203 196 196 196 181 155 197 187 187 187 187 187 187 187 187 187 187 187 187 187 187 187 187 187 187 187 187 187 187 187 187 187 187 187 187 187 187 187 187 187 
186 175 157 158 158 155 169 195 193 187 187 187 187 193 198 160 166 197 187 187 198 164 179 195 187 187 187 188 193 187 169 191 187 187 187 187 187 187 187 187 187 187 187 187 187 187 187 187 187 187 187 187 187 187 187 187 187 187 187 187 187 187 187 187 
186 191 198 199 199 200 190 155 175 197 187 187 196 176 153 192 196 187 187 194 169 179 195 187 187 187 187 187 187 197 165 194 187 187 187 187 187 187 187 187 187 187 187 187 187 187 187 187 187 187 187 187 187 187 187 187 187 187 187 187 187 187 187 187 
187 187 187 187 187 187 189 199 170 175 193 192 181 165 201 190 187 187 187 199 154 200 187 187 187 187 187 187 187 196 162 196 187 187 187 187 187 187 187 187 187 187 187 187 187 187 187 187 187 187 187 187 187 187 187 187 187 187 187 187 187 187 187 187 
187 187 187 187 187 187 187 187 201 155 197 199 151 201 187 187 187 187 190 183 176 191 189 195 196 190 187 187 187 199 155 200 187 187 187 187 187 187 187 187 187 187 187 187 187 187 187 187 187 187 187 187 187 187 187 187 187 187 187 187 187 187 187 187 
187 187 187 187 187 187 187 188 202 158 197 184 175 192 187 187 187 187 198 155 198 192 192 154 159 182 196 187 187 194 162 194 189 187 187 187 187 187 187 187 187 187 187 187 187 187 187 187 187 187 187 187 187 187 187 187 187 187 187 187 187 187 187 187 
187 187 187 187 187 187 187 198 164 179 196 181 183 190 187 187 187 188 194 160 196 197 153 203 201 165 175 192 187 188 194 154 198 187 187 187 187 187 187 187 187 187 187 187 187 187 187 187 187 187 187 187 187 187 187 187 187 187 187 187 187 187 187 187 
187 187 187 187 187 187 197 174 174 196 189 188 170 192 187 187 187 194 167 189 191 184 177 192 188 203 156 197 187 187 193 179 165 187 187 187 187 187 187 187 187 187 187 187 187 187 187 187 187 187 187 187 187 187 187 187 187 187 187 187 187 187 187 187 
187 190 192 194 197 201 169 165 198 187 187 198 156 199 187 187 188 198 153 199 189 184 176 192 187 200 158 198 187 187 187 195 190 187 187 187 187 187 187 187 187 187 187 187 187 187 187 187 187 187 187 187 187 187 187 187 187 187 187 187 187 187 187 187 
187 184 175 165 159 154 181 197 187 187 187 196 160 192 192 187 196 167 186 190 187 198 153 203 193 199 157 195 187 187 187 187 188 187 187 187 187 187 187 187 187 187 187 187 187 187 187 187 187 187 187 187 187 187 187 187 187 187 187 187 187 187 187 187 
187 187 191 195 197 198 191 187 187 187 187 188 198 154 193 202 193 158 198 187 187 193 180 153 183 155 191 189 187 187 187 187 187 187 187 187 187 187 187 187 187 187 187 187 187 187 187 187 187 187 187 187 187 187 187 187 187 187 187 187 187 187 187 187 
187 187 187 187 187 187 187 187 187 187 187 187 189 198 157 155 158 197 188 187 187 187 193 197 181 193 191 187 187 187 187 187 187 187 187 187 187 187 187 187 187 187 187 187 187 187 187 187 187 187 187 187 187 187 187 187 187 187 187 187 187 187 187 187 
187 187 189 191 188 187 187 187 187 187 187 187 187 189 201 203 202 190 187 187 187 187 187 187 189 188 187 187 187 188 189 188 187 187 187 187 187 187 187 187 187 187 187 187 187 187 187 187 187 187 187 187 187 187 187 187 187 187 187 187 187 187 187 187 
187 187 185 183 194 199 192 187 187 187 187 187 191 198 169 165 165 193 200 196 189 187 187 187 187 187 187 187 196 193 181 187 194 187 187 187 187 187 187 187 187 187 187 187 187 187 187 187 187 187 187 187 187 187 187 187 187 187 187 187 187 187 187 187 
187 187 187 186 167 153 177 200 196 191 191 199 187 151 187 198 194 163 156 158 186 198 188 187 187 187 187 196 168 160 184 162 171 187 187 187 187 187 187 187 187 187 187 187 187 187 187 187 187 187 187 187 187 187 187 187 187 187 187 187 187 187 187 187 
187 187 187 187 192 200 177 153 162 175 176 158 163 199 191 187 189 194 199 198 168 156 198 187 187 187 188 193 160 201 190 199 177 187 187 187 187 187 187 187 187 187 187 187 187 187 187 187 187 187 187 187 187 187 187 187 187 187 187 187 187 187 187 187 
187 187 187 187 187 187 192 198 197 184 184 197 195 188 187 187 187 187 187 188 196 181 177 190 187 187 189 181 183 190 187 187 193 187 187 187 187 187 187 187 187 187 187 187 187 187 187 187 187 187 187 187 187 187 187 187 187 187 187 187 187 187 187 187 
187 187 187 187 187 187 187 187 187 189 189 187 187 187 187 187 187 187 187 187 189 191 169 191 187 188 191 188 175 191 187 187 187 187 187 187 187 187 187 187 187 187 187 187 187 187 187 187 187 187 187 187 187 187 187 187 187 187 187 187 187 187 187 187 
187 187 187 187 187 187 187 187 187 187 187 187 187 187 187 187 187 187 187 187 195 164 194 194 198 188 183 169 172 191 187 187 187 187 187 187 187 187 187 187 187 187 187 187 187 187 187 187 187 187 187 187 187 187 187 187 187 187 187 187 187 187 187 187 
187 187 187 187 187 187 187 187 187 187 187 187 187 187 187 187 187 187 187 188 198 154 205 180 154 170 182 187 196 187 187 187 187 187 187 187 187 187 187 187 187 187 187 187 187 187 187 187 187 187 187 187 187 187 187 187 187 187 187 187 187 187 187 187 
187 187 187 187 187 187 188 192 190 187 187 187 187 187 187 187 187 187 187 195 168 188 196 157 202 192 189 188 187 187 190 196 195 187 187 187 187 187 187 187 187 187 187 187 187 187 187 187 187 187 187 187 187 187 187 187 187 187 187 187 187 187 187 187 
187 187 187 187 187 187 186 182 192 189 187 188 194 196 191 187 187 187 189 195 155 206 160 195 189 187 187 187 187 188 193 154 167 187 187 187 187 187 187 187 187 187 187 187 187 187 187 187 187 187 187 187 187 187 187 187 187 187 187 187 187 187 187 187 
187 187 187 187 187 187 187 187 182 193 193 194 163 154 181 192 187 189 198 153 194 201 155 199 187 187 187 187 187 197 159 198 196 187 187 187 187 187 187 187 187 187 187 187 187 187 187 187 187 187 187 187 187 187 187 187 187 187 187 187 187 187 187 187 
187 187 187 187 187 187 187 187 185 191 183 160 195 211 156 197 187 198 155 193 193 193 165 194 187 187 187 187 189 194 159 197 187 187 187 187 187 187 187 187 187 187 187 187 187 187 187 187 187 187 187 187 187 187 187 187 187 187 187 187 187 187 187 187 
187 187 187 187 187 187 187 187 187 187 179 192 203 194 159 195 188 188 168 195 192 169 189 189 187 187 187 187 199 157 193 188 187 187 187 187 187 187 187 187 187 187 187 187 187 187 187 187 187 187 187 187 187 187 187 187 187 187 187 187 187 187 187 187 
187 187 187 187 187 187 187 187 187 187 187 179 175 160 197 188 189 181 183 189 193 165 198 187 187 187 187 196 169 179 194 187 187 187 187 187 187 187 187 187 187 187 187 187 187 187 187 187 187 187 187 187 187 187 187 187 187 187 187 187 187 187 187 187 
187 187 187 187 187 187 187 187 187 187 187 187 188 192 189 187 192 184 181 189 192 165 194 189 187 187 192 182 165 197 187 187 187 187 187 187 187 187 187 187 187 187 187 187 187 187 187 187 187 187 187 187 187 187 187 187 187 187 187 187 187 187 187 187 
187 187 187 187 187 187 187 187 187 187 187 187 187 188 191 195 188 155 193 188 188 194 155 202 189 189 198 152 200 187 187 187 187 187 187 187 187 187 187 187 187 187 187 187 187 187 187 187 187 187 187 187 187 187 187 187 187 187 187 187 187 187 187 187 
187 187 187 187 187 187 187 187 187 187 187 187 187 187 185 179 178 191 191 187 187 193 180 155 195 199 155 192 190 187 187 187 187 187 187 187 187 187 187 187 187 187 187 187 187 187 187 187 187 187 187 187 187 187 187 187 187 187 187 187 187 187 187 187 
187 187 187 187 187 187 187 187 187 187 187 187 187 187 187 187 187 187 187 187 187 187 193 194 165 163 191 191 187 187 187 187 187 187 187 187 187 187 187 187 187 187 187 187 187 187 187 187 187 187 187 187 187 187 187 187 187 187 187 187 187 187 187 187 
187 187 187 187 187 187 187 187 187 187 187 187 187 187 187 187 187 187 187 187 187 187 187 188 192 193 189 187 187 187 187 187 187 187 187 187 187 187 187 187 187 187 187 187 187 187 187 187 187 187 187 187 187 187 187 187 187 187 187 187 187 187 187 187 
187 187 187 187 187 187 187 187 187 187 187 187 187 187 187 187 187 187 187 187 187 187 187 187 187 187 187 187 187 190 197 196 194 187 187 187 187 187 187 187 187 187 187 187 187 187 187 187 187 187 187 187 187 187 187 187 187 187 187 187 187 187 187 187 
187 187 187 187 187 187 187 187 187 187 187 187 187 187 187 187 187 187 187 187 187 187 187 187 187 187 187 187 189 190 170 168 174 187 187 187 187 187 187 187 187 187 187 187 187 187 187 187 187 187 187 187 187 187 187 187 187 187 187 187 187 187 187 187 
187 187 187 187 187 187 187 187 187 187 187 187 187 187 187 187 187 187 187 187 187 187 187 187 187 187 187 187 188 184 188 189 188 187 187 187 187 187 187 187 187 187 187 187 187 187 187 187 187 187 187 187 187 187 187 187 187 187 187 187 187 187 187 187 
