187 187 187 187 187 187 187 187 187 187 187 187 187 187 187 187 187 187 187 187 187 187 187 187 187 187 187 187 187 187 187 187 187 187 187 187 187 187 187 187 187 187 187 187 187 187 187 187 187 187 187 187 187 187 187 187 187 187 187 187 187 187 187 187 
187 187 187 187 187 187 187 187 187 187 187 187 187 187 187 187 187 187 187 187 187 187 187 187 187 187 187 187 187 187 187 187 187 187 187 187 187 187 187 187 187 187 187 187 187 187 187 187 187 187 187 187 187 187 187 187 187 187 187 187 187 187 187 187 
187 187 187 187 187 187 187 187 187 187 187 187 187 187 187 187 187 187 187 187 187 187 187 187 187 187 187 187 187 187 187 187 187 187 187 187 187 187 187 187 187 187 187 187 187 187 187 187 187 187 187 187 187 187 187 187 187 187 187 187 187 187 187 187 
187 187 187 187 187 187 187 187 187 187 187 187 187 187 187 187 187 187 187 187 187 187 187 187 187 187 187 187 187 187 187 187 187 187 187 187 187 187 187 187 187 187 187 187 187 187 187 187 187 187 187 187 187 187 187 187 187 187 187 187 187 187 187 187 
187 187 187 187 187 187 187 187 187 187 187 187 187 187 187 187 187 187 187 187 187 187 187 187 187 187 187 187 187 187 187 187 187 187 187 187 187 187 187 187 187 187 187 187 187 187 187 187 187 187 187 187 187 187 187 187 187 187 187 187 187 187 187 187 
187 187 187 187 187 187 187 187 187 187 187 187 187 187 187 187 187 187 187 187 187 187 187 187 187 187 187 187 187 187 187 187 187 187 187 187 187 187 187 187 187 187 187 187 187 187 187 187 187 187 187 187 187 187 187 187 187 187 187 187 187 187 187 187 
187 187 187 187 187 187 187 187 187 187 187 187 187 187 187 187 187 187 187 187 187 187 187 187 187 187 187 187 187 187 187 187 187 187 187 187 187 187 187 187 187 187 187 187 187 187 187 187 187 187 187 187 187 187 187 187 187 187 187 187 187 187 187 187 
187 187 187 187 187 187 187 187 187 187 187 187 187 187 187 187 187 187 187 187 187 187 187 187 187 187 187 187 187 187 187 187 187 187 187 187 187 187 187 187 187 187 187 187 187 187 187 187 187 187 187 187 187 187 187 187 187 187 187 187 187 187 187 187 
187 187 187 187 187 187 187 187 187 187 187 187 187 187 187 187 187 187 187 187 187 187 187 187 187 187 187 187 187 187 187 187 187 187 187 187 187 187 187 187 187 187 187 187 187 187 187 187 187 187 187 187 187 187 187 187 187 187 187 187 187 187 187 187 
187 187 187 187 187 187 187 187 187 187 187 187 187 187 187 187 187 187 187 187 187 187 187 187 187 187 187 187 187 187 187 187 187 187 187 187 187 187 187 187 187 187 187 187 187 187 187 187 187 187 187 187 187 187 187 187 187 187 187 187 187 187 187 187 
187 187 187 187 187 187 187 187 187 187 187 187 187 187 187 187 187 187 187 187 187 187 187 187 187 187 187 187 187 187 187 187 187 187 187 187 187 187 187 187 187 187 187 187 187 187 187 187 187 187 187 187 187 187 187 187 187 187 187 187 187 187 187 187 
187 187 187 187 187 187 187 187 187 187 187 187 187 187 187 187 187 187 187 187 187 187 187 187 187 187 187 187 187 187 187 187 187 187 187 187 187 187 187 187 187 187 187 187 187 187 187 187 187 187 187 187 187 187 187 187 187 187 187 187 187 187 187 187 
187 187 187 187 187 187 187 187 187 187 187 187 187 187 187 187 187 187 187 187 187 187 187 187 187 187 187 187 187 187 187 187 187 187 187 187 187 187 187 187 187 187 187 187 187 187 187 187 187 187 187 187 187 187 187 187 187 187 187 187 187 187 187 187 
187 187 187 187 187 187 187 187 187 187 187 187 187 187 187 187 187 187 187 187 187 187 187 187 187 187 187 187 187 187 187 187 187 187 187 187 187 187 187 187 187 187 187 187 187 187 187 187 187 187 187 187 187 187 187 187 187 187 187 187 187 187 187 187 
187 187 187 187 187 187 187 187 187 187 187 187 187 187 187 187 187 187 187 187 187 187 187 187 187 187 187 187 187 187 187 187 187 187 187 187 187 187 187 187 187 187 187 187 187 187 187 187 187 187 187 187 187 187 187 187 187 187 187 187 187 187 187 187 
187 187 187 187 187 187 187 187 187 187 187 187 187 187 187 187 187 187 187 187 187 187 187 187 188 188 187 187 187 187 187 187 187 187 187 187 187 187 187 187 187 187 187 187 187 187 187 187 187 187 187 187 187 187 187 187 187 187 187 187 187 187 187 187 
187 187 187 187 187 187 187 187 187 187 187 187 187 187 187 187 187 187 187 187 187 187 187 188 182 185 185 186 187 187 186 187 187 187 187 186 187 187 187 187 187 186 187 187 187 187 187 187 187 187 187 187 187 187 187 187 187 187 187 187 187 187 187 187 
187 187 187 187 187 187 187 187 187 187 187 187 187 187 187 187 187 187 187 187 187 187 188 182 192 188 185 186 188 186 186 187 183 184 190 187 186 187 187 187 189 189 188 186 187 187 187 187 187 187 187 187 187 187 187 187 187 187 187 187 187 187 187 187 
187 187 187 187 187 187 187 187 187 187 187 187 187 187 187 187 187 187 187 187 187 187 188 179 189 191 184 186 183 187 187 188 189 182 179 185 189 186 187 186 183 181 184 191 185 186 187 187 187 187 187 187 187 187 187 187 187 187 187 187 187 187 187 187 
187 187 187 187 187 187 187 187 187 187 187 187 187 187 187 187 187 187 187 187 187 188 187 189 186 194 181 182 199 185 182 187 187 197 191 180 190 189 191 184 194 187 195 182 194 190 187 186 187 187 187 187 187 187 187 187 187 187 187 187 187 187 187 187 
187 187 187 187 187 187 187 187 187 187 187 187 187 187 187 187 187 187 187 187 187 187 189 182 189 185 177 181 200 185 185 185 178 187 185 181 189 183 181 188 194 179 183 184 182 180 189 189 187 187 186 187 187 187 187 187 187 187 187 187 187 187 187 187 
187 187 187 187 187 187 187 187 187 187 187 187 187 187 187 187 187 187 187 187 187 188 184 172 191 194 184 200 174 169 193 182 188 184 189 190 179 192 188 172 178 179 198 180 190 190 181 187 185 189 191 185 186 187 187 187 187 187 187 187 187 187 187 187 
187 187 187 187 187 187 187 187 187 187 187 187 187 187 187 187 187 187 189 186 189 181 190 193 181 184 178 173 211 199 198 175 199 190 193 182 181 191 175 199 190 184 193 185 181 182 185 189 186 177 185 190 188 186 187 187 187 187 187 187 187 187 187 187 
187 187 187 187 187 187 187 187 187 187 187 187 187 187 187 187 187 187 180 184 186 176 189 184 189 187 188 186 172 174 178 173 185 172 181 180 195 190 186 195 177 189 182 180 203 187 182 196 175 195 186 178 185 190 186 187 187 187 187 187 187 187 187 187 
187 187 187 187 187 187 187 187 187 187 187 187 187 187 187 187 189 177 201 200 190 192 203 187 188 186 187 189 189 186 181 195 185 192 191 181 165 182 206 190 178 196 172 190 185 176 185 183 189 191 184 186 180 191 186 187 187 187 187 187 187 187 187 187 
187 187 187 187 187 187 187 187 187 187 187 187 187 187 187 186 186 185 180 168 181 177 167 193 185 181 189 190 181 189 191 181 193 184 180 199 185 179 179 184 190 179 176 209 188 181 199 182 180 192 191 182 185 187 186 187 187 187 187 187 187 187 187 187 
187 187 187 187 187 187 187 187 187 187 188 187 188 185 188 187 192 182 190 186 193 188 183 174 203 177 182 183 179 187 193 170 201 176 196 182 193 194 164 201 188 182 185 172 198 182 191 184 184 189 191 179 191 185 187 187 187 187 187 187 187 187 187 187 
187 187 187 187 187 187 187 187 187 187 183 186 185 188 185 185 188 169 198 197 173 186 194 186 168 200 185 191 196 185 191 173 197 190 188 190 181 193 164 202 182 190 186 189 177 195 187 178 187 188 194 189 184 193 185 187 187 187 187 187 187 187 187 187 
187 187 187 187 187 187 187 187 188 181 191 190 186 184 193 188 190 176 196 191 182 191 180 185 189 181 170 197 174 191 192 158 179 187 171 192 187 194 170 193 185 191 182 184 189 176 185 188 185 183 178 185 182 188 186 186 187 187 187 187 187 187 187 187 
187 187 187 187 187 187 187 187 183 190 189 182 186 186 186 182 189 180 185 184 195 187 190 189 186 192 182 191 194 184 166 200 199 175 198 173 186 180 160 207 187 191 184 187 176 199 189 191 190 184 191 185 190 188 190 186 186 187 187 187 187 187 187 187 
187 187 187 187 187 187 187 188 181 193 187 195 187 188 184 184 187 186 186 185 177 188 191 186 186 188 181 192 191 170 197 185 189 188 181 187 187 196 191 167 178 187 180 195 179 191 181 177 188 181 189 183 182 171 180 193 189 186 187 187 187 187 187 187 
187 187 187 187 187 187 187 187 183 192 182 185 185 176 190 189 190 184 189 188 186 182 180 181 184 188 190 173 189 175 184 194 183 187 188 170 194 186 174 204 177 190 189 182 185 184 189 191 190 185 188 175 202 199 186 181 184 189 186 187 187 187 187 187 
187 187 187 187 187 187 187 188 183 178 187 183 185 176 203 183 188 184 189 185 185 189 194 194 182 188 173 199 186 169 200 185 187 186 180 198 181 187 184 193 185 178 185 191 187 184 189 188 184 193 166 190 195 173 186 188 178 191 186 187 187 187 187 187 
187 187 187 187 187 187 187 189 176 198 186 191 196 174 206 175 192 191 187 188 174 191 181 180 193 178 195 188 188 193 169 196 191 185 186 188 182 198 181 192 189 178 207 192 174 178 195 175 187 176 199 190 193 188 184 180 194 186 187 187 187 187 187 187 
187 187 187 187 187 187 188 187 191 188 200 178 182 165 174 198 159 183 184 189 168 210 188 190 189 171 196 188 183 185 189 175 180 186 184 164 199 179 175 189 176 184 176 174 198 193 158 203 195 188 163 193 197 178 182 195 185 187 187 187 187 187 187 187 
187 187 187 187 187 186 188 181 183 169 178 190 180 198 192 182 190 209 187 178 202 174 183 184 190 171 197 195 192 186 189 188 184 199 187 189 168 196 190 184 189 187 189 186 186 185 182 178 189 178 194 161 188 180 182 181 190 186 187 187 187 187 187 187 
187 187 187 187 187 187 188 182 194 193 192 185 183 191 182 184 176 176 186 180 186 200 190 196 186 173 207 161 186 181 191 176 196 178 190 194 175 200 184 194 187 189 187 188 184 186 196 190 187 191 190 175 201 184 192 182 192 186 187 187 187 187 187 187 
187 187 187 187 187 188 187 185 187 187 184 190 181 187 181 192 187 190 186 186 187 173 185 172 186 190 165 198 193 186 185 183 189 192 179 180 164 197 183 185 185 191 185 182 189 180 182 163 188 180 187 171 196 188 177 183 190 186 187 187 187 187 187 187 
187 187 187 187 187 187 189 178 186 182 178 195 183 194 189 191 182 189 187 185 190 189 185 193 189 181 191 189 180 183 187 189 184 166 197 191 193 177 191 190 179 179 178 189 189 191 170 198 198 194 184 197 187 191 193 184 190 187 187 187 187 187 187 187 
187 187 187 187 187 187 189 179 191 202 199 182 191 189 183 184 187 189 176 198 180 185 186 189 181 184 188 190 189 193 187 187 186 189 188 186 188 189 178 182 186 193 200 185 187 186 180 185 181 172 187 181 188 181 180 189 186 187 187 187 187 187 187 187 
187 187 187 187 187 186 186 188 181 172 171 187 180 179 181 188 187 182 191 187 190 180 192 186 180 193 184 187 193 189 187 192 178 197 179 190 188 191 189 191 180 192 185 188 190 183 195 186 188 188 187 187 187 189 187 186 187 187 187 187 187 187 187 187 
187 187 187 187 187 187 187 187 188 189 190 178 196 188 186 188 184 188 185 185 187 189 187 183 194 183 190 181 186 180 178 182 171 192 181 196 178 183 187 187 177 192 175 184 182 192 184 187 187 187 187 187 187 187 187 187 187 187 187 187 187 187 187 187 
187 187 187 187 187 187 187 187 187 187 189 180 188 192 185 189 184 190 186 188 187 186 188 187 182 195 185 192 176 192 192 192 195 181 192 182 176 192 177 187 188 182 197 186 189 188 186 187 187 187 187 187 187 187 187 187 187 187 187 187 187 187 187 187 
187 187 187 187 187 187 187 187 187 187 186 188 184 183 186 185 187 186 187 187 187 187 187 187 184 183 184 185 188 189 182 189 188 191 178 185 193 186 192 190 187 177 201 179 185 189 186 187 187 187 187 187 187 187 187 187 187 187 187 187 187 187 187 187 
187 187 187 187 187 187 187 187 187 187 187 186 188 188 187 187 187 187 187 187 187 187 187 187 188 188 188 188 187 187 188 184 184 186 183 199 179 188 189 182 187 182 186 185 180 191 186 187 187 187 187 187 187 187 187 187 187 187 187 187 187 187 187 187 
187 187 187 187 187 187 187 187 187 187 187 187 187 187 187 187 187 187 187 187 187 187 187 187 187 187 187 187 186 187 187 188 187 188 185 187 186 194 188 181 183 193 187 187 192 186 187 187 187 187 187 187 187 187 187 187 187 187 187 187 187 187 187 187 
187 187 187 187 187 187 187 187 187 187 187 187 187 187 187 187 187 187 187 187 187 187 187 187 187 187 187 187 187 187 187 187 187 187 188 181 185 186 188 188 189 185 187 186 186 186 187 187 187 187 187 187 187 187 187 187 187 187 187 187 187 187 187 187 
187 187 187 187 187 187 187 187 187 187 187 187 187 187 187 187 187 187 187 187 187 187 187 187 187 187 187 187 187 187 187 187 187 187 187 188 185 185 183 185 187 187 187 187 187 187 187 187 187 187 187 187 187 187 187 187 187 187 187 187 187 187 187 187 
187 187 187 187 187 187 187 187 187 187 187 187 187 187 187 187 187 187 187 187 187 187 187 187 187 187 187 187 187 187 187 187 187 187 187 187 187 188 187 187 187 187 187 187 187 187 187 187 187 187 187 187 187 187 187 187 187 187 187 187 187 187 187 187 
187 187 187 187 187 187 187 187 187 187 187 187 187 187 187 187 187 187 187 187 187 187 187 187 187 187 187 187 187 187 187 187 187 187 187 187 187 187 187 187 187 187 187 187 187 187 187 187 187 187 187 187 187 187 187 187 187 187 187 187 187 187 187 187 
187 187 187 187 187 187 187 187 187 187 187 187 187 187 187 187 187 187 187 187 187 187 187 187 187 187 187 187 187 187 187 187 187 187 187 187 187 187 187 187 187 187 187 187 187 187 187 187 187 187 187 187 187 187 187 187 187 187 187 187 187 187 187 187 
187 187 187 187 187 187 187 187 187 187 187 187 187 187 187 187 187 187 187 187 187 187 187 187 187 187 187 187 187 187 187 187 187 187 187 187 187 187 187 187 187 187 187 187 187 187 187 187 187 187 187 187 187 187 187 187 187 187 187 187 187 187 187 187 
187 187 187 187 187 187 187 187 187 187 187 187 187 187 187 187 187 187 187 187 187 187 187 187 187 187 187 187 187 187 187 187 187 187 187 187 187 187 187 187 187 187 187 187 187 187 187 187 187 187 187 187 187 187 187 187 187 187 187 187 187 187 187 187 
187 187 187 187 187 187 187 187 187 187 187 187 187 187 187 187 187 187 187 187 187 187 187 187 187 187 187 187 187 187 187 187 187 187 187 187 187 187 187 187 187 187 187 187 187 187 187 187 187 187 187 187 187 187 187 187 187 187 187 187 187 187 187 187 
187 187 187 187 187 187 187 187 187 187 187 187 187 187 187 187 187 187 187 187 187 187 187 187 187 187 187 187 187 187 187 187 187 187 187 187 187 187 187 187 187 187 187 187 187 187 187 187 187 187 187 187 187 187 187 187 187 187 187 187 187 187 187 187 
187 187 187 187 187 187 187 187 187 187 187 187 187 187 187 187 187 187 187 187 187 187 187 187 187 187 187 187 187 187 187 187 187 187 187 187 187 187 187 187 187 187 187 187 187 187 187 187 187 187 187 187 187 187 187 187 187 187 187 187 187 187 187 187 
187 187 187 187 187 187 187 187 187 187 187 187 187 187 187 187 187 187 187 187 187 187 187 187 187 187 187 187 187 187 187 187 187 187 187 187 187 187 187 187 187 187 187 187 187 187 187 187 187 187 187 187 187 187 187 187 187 187 187 187 187 187 187 187 
187 187 187 187 187 187 187 187 187 187 187 187 187 187 187 187 187 187 187 187 187 187 187 187 187 187 187 187 187 187 187 187 187 187 187 187 187 187 187 187 187 187 187 187 187 187 187 187 187 187 187 187 187 187 187 187 187 187 187 187 187 187 187 187 
187 187 187 187 187 187 187 187 187 187 187 187 187 187 187 187 187 187 187 187 187 187 187 187 187 187 187 187 187 187 187 187 187 187 187 187 187 187 187 187 187 187 187 187 187 187 187 187 187 187 187 187 187 187 187 187 187 187 187 187 187 187 187 187 
187 187 187 187 187 187 187 187 187 187 187 187 187 187 187 187 187 187 187 187 187 187 187 187 187 187 187 187 187 187 187 187 187 187 187 187 187 187 187 187 187 187 187 187 187 187 187 187 187 187 187 187 187 187 187 187 187 187 187 187 187 187 187 187 
187 187 187 187 187 187 187 187 187 187 187 187 187 187 187 187 187 187 187 187 187 187 187 187 187 187 187 187 187 187 187 187 187 187 187 187 187 187 187 187 187 187 187 187 187 187 187 187 187 187 187 187 187 187 187 187 187 187 187 187 187 187 187 187 
187 187 187 187 187 187 187 187 187 187 187 187 187 187 187 187 187 187 187 187 187 187 187 187 187 187 187 187 187 187 187 187 187 187 187 187 187 187 187 187 187 187 187 187 187 187 187 187 187 187 187 187 187 187 187 187 187 187 187 187 187 187 187 187 
187 187 187 187 187 187 187 187 187 187 187 187 187 187 187 187 187 187 187 187 187 187 187 187 187 187 187 187 187 187 187 187 187 187 187 187 187 187 187 187 187 187 187 187 187 187 187 187 187 187 187 187 187 187 187 187 187 187 187 187 187 187 187 187 
187 187 187 187 187 187 187 187 187 187 187 187 187 187 187 187 187 187 187 187 187 187 187 187 187 187 187 187 187 187 187 187 187 187 187 187 187 187 187 187 187 187 187 187 187 187 187 187 187 187 187 187 187 187 187 187 187 187 187 187 187 187 187 187 
