187 187 187 187 187 187 187 187 187 187 187 187 187 187 187 187 187 187 187 187 187 187 187 187 187 187 187 187 187 187 187 187 187 187 187 187 187 187 187 187 187 187 187 187 187 187 187 187 187 187 187 187 187 187 187 187 187 187 187 187 187 187 187 187 
187 187 187 187 187 187 187 187 187 187 187 187 187 187 187 187 187 187 187 187 187 187 187 187 187 187 187 187 187 187 187 187 187 187 187 187 187 187 187 187 187 187 187 187 187 187 187 187 187 187 187 187 187 187 187 187 187 187 187 187 187 187 187 187 
187 187 187 187 187 187 187 187 187 187 187 187 187 187 187 187 187 187 187 187 187 187 187 187 187 187 187 187 187 187 187 187 187 187 187 187 187 187 187 187 187 187 187 187 187 187 187 187 187 187 187 187 187 187 187 187 187 187 187 187 187 187 187 187 
187 187 187 187 187 187 187 187 187 187 187 187 187 187 187 187 187 187 187 187 187 187 187 187 187 187 187 187 187 187 187 187 187 187 187 187 187 187 187 187 187 187 187 187 187 187 187 187 187 187 187 187 187 187 187 187 187 187 187 187 187 187 187 187 
187 187 187 187 187 187 187 187 187 187 187 187 187 187 187 187 187 187 187 187 187 187 187 187 187 187 187 187 187 187 187 187 187 187 187 187 187 187 187 187 187 187 187 187 187 187 187 187 187 187 187 187 187 187 187 187 187 187 187 187 187 187 187 187 
187 187 187 187 187 187 187 187 187 187 187 187 187 187 187 187 187 187 187 187 187 187 187 187 187 187 187 186 187 187 187 187 187 187 187 187 187 186 187 187 187 187 187 187 187 187 187 187 187 187 187 187 187 187 187 187 187 187 187 187 187 187 187 187 
187 187 187 187 187 187 187 187 187 187 187 187 187 187 187 187 187 187 187 187 187 187 187 186 186 186 187 187 187 186 186 187 187 187 187 187 186 186 186 186 186 187 187 187 187 187 187 187 187 187 187 187 187 187 187 187 187 187 187 187 187 187 187 187 
187 187 187 187 187 187 187 187 187 187 187 187 187 187 187 187 187 187 187 187 187 186 186 187 187 189 191 193 194 190 186 182 180 181 185 190 193 194 192 189 187 186 185 186 187 187 187 187 187 187 187 187 187 187 187 187 187 187 187 187 187 187 187 187 
187 187 187 187 187 187 187 187 187 187 187 187 187 187 187 187 187 187 187 186 186 187 188 192 193 178 165 163 166 175 182 185 187 186 181 174 167 163 168 185 194 191 188 187 186 186 187 187 187 187 187 187 187 187 187 187 187 187 187 187 187 187 187 187 
187 187 187 187 187 187 187 187 187 187 187 187 187 187 187 187 187 186 186 187 187 194 187 165 166 191 205 211 208 200 192 188 188 189 195 204 210 209 200 177 163 172 192 191 187 186 186 187 187 187 187 187 187 187 187 187 187 187 187 187 187 187 187 187 
187 187 187 187 187 187 187 187 187 187 187 187 187 187 187 187 186 186 187 194 185 162 177 207 209 183 175 167 169 172 178 181 181 180 175 169 166 172 177 201 211 193 168 169 194 190 186 186 186 187 187 187 187 187 187 187 187 187 187 187 187 187 187 187 
187 187 187 187 187 187 187 187 187 187 187 187 187 187 187 186 186 189 193 162 177 209 198 172 169 183 189 190 189 188 188 187 187 187 188 189 190 190 187 173 167 188 208 194 163 180 195 186 186 187 187 187 187 187 187 187 187 187 187 187 187 187 187 187 
187 187 187 187 187 187 187 187 187 187 187 187 187 186 187 185 193 184 162 202 204 171 172 189 189 188 188 188 187 187 187 186 186 186 187 187 188 188 188 189 191 179 165 194 207 180 166 195 188 185 187 187 187 187 187 187 187 187 187 187 187 187 187 187 
187 187 187 187 187 187 187 187 187 187 187 187 186 186 185 195 172 169 212 184 165 188 190 188 188 186 186 186 186 187 187 187 188 187 188 187 186 185 186 187 188 189 191 172 171 204 194 161 191 190 185 187 187 187 187 187 187 187 187 187 187 187 187 187 
187 187 187 187 187 187 187 187 187 187 187 187 186 186 196 164 186 209 164 180 192 188 188 186 186 187 187 187 187 189 189 191 190 190 189 188 188 188 188 186 185 187 188 190 189 162 195 205 163 187 191 185 187 187 187 187 187 187 187 187 187 187 187 187 
187 187 187 187 187 187 187 187 187 187 187 186 186 195 164 191 204 163 189 190 188 186 186 187 187 187 187 186 187 173 167 167 167 166 167 170 180 189 190 188 188 186 185 187 189 193 167 188 206 163 190 189 186 187 187 187 187 187 187 187 187 187 187 187 
187 187 187 187 187 187 187 187 187 187 186 186 193 172 184 205 163 190 189 187 186 187 187 187 187 187 187 188 179 207 199 200 199 200 201 202 193 177 167 182 191 187 187 186 186 188 193 170 187 207 158 194 187 186 187 187 187 187 187 187 187 187 187 187 
187 187 187 187 187 187 187 187 187 186 186 189 182 174 209 160 190 189 187 186 186 187 187 187 187 187 187 187 182 187 180 184 186 185 184 183 182 190 201 189 168 189 189 186 186 186 189 192 169 188 203 162 195 186 186 187 187 187 187 187 187 187 187 187 
187 187 187 187 187 187 187 187 187 186 187 194 160 212 166 189 189 187 185 186 188 188 188 186 186 187 187 188 189 182 184 185 187 187 187 186 186 187 183 184 203 173 179 190 186 189 176 183 194 163 202 188 172 192 186 186 187 187 187 187 187 187 187 187 
187 187 187 187 187 187 187 187 186 187 194 162 202 185 178 190 187 185 187 188 191 183 183 188 187 187 187 187 190 174 186 182 183 183 185 186 187 188 186 186 181 197 183 180 194 166 208 174 191 191 165 208 167 191 187 186 187 187 187 187 187 187 187 187 
187 187 187 187 187 187 187 187 186 188 185 176 204 165 192 187 186 187 190 189 166 187 190 184 188 187 187 188 191 174 209 200 200 203 198 188 183 186 187 188 188 181 196 181 163 197 189 170 192 190 179 183 203 163 194 187 186 187 187 187 187 187 187 187 
187 187 187 187 187 187 187 186 187 194 161 211 169 189 188 187 187 192 173 176 201 180 195 177 188 187 187 186 187 185 172 172 171 167 168 179 200 191 181 187 187 187 182 198 184 187 190 173 191 188 191 165 205 174 188 188 186 187 187 187 187 187 187 187 
187 187 187 187 187 187 187 186 188 188 173 201 171 190 188 190 184 166 198 192 181 183 201 170 189 187 187 186 187 186 188 189 188 189 191 189 169 176 202 184 187 187 187 184 185 185 192 173 192 186 188 186 178 203 166 192 187 186 187 187 187 187 187 187 
187 187 187 187 187 187 187 187 192 164 208 170 188 190 186 169 183 200 181 185 186 184 201 167 190 188 187 186 187 187 187 187 187 187 187 187 190 190 169 199 186 187 187 187 186 187 192 172 192 186 188 190 170 208 166 192 187 186 187 187 187 187 187 187 
187 187 187 187 187 187 186 187 193 165 208 167 192 174 174 202 186 183 187 186 188 186 194 170 191 188 187 187 187 187 187 187 187 187 186 186 189 180 171 159 192 186 186 187 187 187 191 171 192 187 186 188 182 183 191 176 190 186 187 187 187 187 187 187 
187 187 187 187 187 187 186 188 180 187 190 182 184 201 196 178 184 187 188 187 187 186 188 179 189 188 187 187 187 187 187 187 187 187 187 190 174 192 199 191 185 187 187 187 186 186 192 171 192 187 186 189 190 173 209 162 193 186 187 187 187 187 187 187 
187 187 187 187 187 187 187 191 165 205 174 188 190 171 174 189 192 187 188 187 188 186 184 188 185 187 187 187 187 187 187 187 187 187 187 190 177 198 197 188 183 186 186 186 187 187 192 172 192 187 186 188 190 168 209 166 193 187 186 187 187 187 187 187 
187 187 187 187 187 186 187 194 161 213 166 190 188 188 191 182 177 185 186 186 187 184 182 198 177 188 187 187 187 187 187 187 187 187 187 187 188 175 165 182 200 195 183 184 186 185 193 170 192 187 187 187 188 173 198 179 187 187 187 187 187 187 187 187 
187 187 187 187 187 187 187 194 165 208 169 188 187 187 189 174 199 181 186 186 190 193 178 202 169 189 188 187 187 187 187 187 187 187 186 187 187 188 191 188 172 172 190 201 188 182 192 170 192 187 187 186 188 183 186 189 178 189 187 187 187 187 187 187 
187 187 187 187 187 187 186 190 174 199 174 188 187 187 189 167 202 184 186 184 195 156 198 194 166 190 188 187 187 187 187 187 187 187 187 187 186 187 188 188 188 191 181 168 179 199 207 173 192 188 187 187 188 189 176 202 168 190 187 187 187 187 187 187 
187 187 187 187 187 187 186 187 180 189 180 187 187 188 190 168 199 186 187 184 188 183 169 217 172 190 188 187 187 187 187 187 187 187 187 187 187 187 186 186 187 188 188 190 188 171 175 178 188 186 187 187 187 191 170 207 164 192 187 187 187 187 187 187 
187 187 187 187 187 187 187 183 184 186 183 187 187 188 191 168 197 186 187 186 179 191 187 174 182 187 186 187 187 187 187 187 187 187 187 187 187 187 187 187 187 186 187 188 188 189 190 187 187 187 187 187 187 192 168 209 163 192 187 187 187 187 187 187 
187 187 187 187 187 187 187 183 184 185 183 187 187 188 191 170 196 185 187 187 178 190 188 189 187 187 186 187 187 187 187 187 187 187 187 187 187 187 187 187 187 187 187 186 186 187 188 187 187 186 187 187 187 192 168 210 162 192 187 187 187 187 187 187 
187 187 187 187 187 187 187 184 183 187 182 187 187 188 191 168 198 185 186 185 181 189 187 187 187 187 187 187 187 187 187 187 187 187 187 187 187 187 187 187 187 187 187 186 187 187 187 187 187 187 187 187 187 192 169 209 163 192 187 187 187 187 187 187 
187 187 187 187 187 187 186 189 177 192 179 188 187 188 190 167 201 185 186 183 191 182 187 186 187 187 187 187 187 187 187 187 187 187 187 187 187 187 187 187 187 186 188 188 187 186 186 187 187 187 187 187 187 190 172 205 165 192 187 187 187 187 187 187 
187 187 187 187 187 187 186 192 169 202 172 188 187 187 189 171 201 184 186 183 201 169 188 188 186 187 187 187 187 187 187 187 187 187 187 187 187 187 187 187 187 188 189 190 188 188 188 186 187 187 187 187 188 186 180 197 172 191 187 187 187 187 187 187 
187 187 187 187 187 187 187 195 163 210 168 189 187 186 188 181 192 182 186 186 196 171 192 188 186 187 187 187 187 187 187 187 187 186 187 187 187 187 186 187 187 181 185 164 174 188 190 187 187 187 187 187 188 179 190 186 180 189 187 187 187 187 187 187 
187 187 187 187 187 187 187 193 162 212 168 190 188 186 188 190 172 192 187 186 184 192 176 189 187 187 187 187 187 187 187 186 187 187 188 187 186 186 186 187 192 166 203 196 200 181 168 187 187 187 187 187 189 169 206 173 189 188 186 187 187 187 187 187 
187 187 187 187 187 187 186 190 170 200 179 186 189 186 187 189 170 201 183 186 186 193 169 188 188 186 187 187 187 187 186 187 188 189 189 188 187 187 187 191 174 194 183 185 182 184 211 176 188 188 184 188 190 168 212 164 193 186 186 187 187 187 187 187 
187 187 187 187 187 187 186 188 188 175 197 175 188 187 186 188 187 180 188 186 182 190 199 182 188 187 187 187 187 186 186 188 189 168 182 183 186 187 190 182 177 193 186 187 186 187 177 188 188 187 190 187 188 177 202 167 193 186 187 187 187 187 187 187 
187 187 187 187 187 187 186 187 193 160 214 165 190 189 185 188 189 169 203 177 199 179 173 190 187 187 187 186 187 187 190 184 171 196 199 178 188 192 179 177 197 182 188 188 181 202 169 190 188 186 186 188 174 197 179 184 189 186 187 187 187 187 187 187 
187 187 187 187 187 187 187 186 189 176 192 182 184 188 187 186 189 189 169 212 168 183 190 186 187 187 187 186 187 192 177 177 199 179 183 190 192 169 183 197 182 188 187 182 198 171 190 188 186 186 188 191 165 213 162 193 187 186 187 187 187 187 187 187 
187 187 187 187 187 187 187 185 187 194 161 211 165 191 188 185 187 188 182 176 187 188 187 187 187 187 187 188 192 169 188 194 181 191 167 173 173 199 188 183 188 187 183 191 185 180 188 187 185 187 189 176 191 188 176 191 186 187 187 187 187 187 187 187 
187 187 187 187 187 187 187 187 187 190 171 199 183 180 189 187 186 187 188 189 188 187 186 187 187 186 189 190 166 198 187 183 188 191 182 204 193 183 187 188 187 182 192 188 174 191 187 186 186 188 190 166 211 164 193 187 185 187 187 187 187 187 187 187 
187 187 187 187 187 187 187 187 185 187 195 158 213 165 191 188 186 187 187 188 186 187 187 187 186 188 184 168 203 183 185 187 187 187 184 183 186 186 186 187 181 196 188 173 192 186 187 186 188 192 165 202 184 177 190 186 187 187 187 187 187 187 187 187 
187 187 187 187 187 187 187 187 186 187 188 181 179 203 166 192 188 186 186 187 187 187 187 187 188 183 176 199 181 187 188 187 187 187 186 186 186 188 184 185 202 173 178 191 186 187 186 187 190 179 183 204 161 195 186 186 187 187 187 187 187 187 187 187 
187 187 187 187 187 187 187 187 187 186 187 194 161 202 183 174 191 187 186 186 187 187 187 187 188 176 211 184 182 187 187 187 187 186 187 184 183 189 202 188 167 189 189 186 186 186 187 189 188 162 213 164 191 188 186 187 187 187 187 187 187 187 187 187 
187 187 187 187 187 187 187 187 187 187 186 186 196 153 209 179 176 191 187 186 186 187 187 187 187 189 167 180 202 183 184 186 187 188 192 202 197 177 166 182 191 187 187 186 186 187 189 189 163 211 169 182 191 186 186 187 187 187 187 187 187 187 187 187 
187 187 187 187 187 187 187 187 187 187 186 186 187 194 159 211 177 175 192 188 187 186 187 187 187 186 190 187 166 196 195 181 185 183 188 158 178 188 190 188 188 187 185 186 188 190 187 163 207 184 173 194 186 186 187 187 187 187 187 187 187 187 187 187 
187 187 187 187 187 187 187 187 187 187 187 186 186 189 188 161 210 183 169 192 189 188 186 186 187 187 188 187 192 175 171 203 187 180 203 169 192 189 187 187 186 186 187 188 192 182 166 209 185 166 196 185 187 187 187 187 187 187 187 187 187 187 187 187 
187 187 187 187 187 187 187 187 187 187 187 187 186 186 190 189 158 205 193 162 186 190 188 188 186 186 186 187 188 189 190 168 182 201 188 174 190 187 185 186 187 188 189 191 167 177 212 174 171 196 186 186 187 187 187 187 187 187 187 187 187 187 187 187 
187 187 187 187 187 187 187 187 187 187 187 187 187 186 186 188 195 158 193 209 174 170 190 189 188 188 187 186 186 187 187 191 185 164 196 187 186 188 188 188 188 191 178 166 198 207 165 180 195 185 186 187 187 187 187 187 187 187 187 187 187 187 187 187 
187 187 187 187 187 187 187 187 187 187 187 187 187 187 186 186 187 196 168 171 208 199 168 171 187 190 188 188 188 187 187 187 188 191 179 181 190 188 189 189 177 165 186 211 189 162 188 192 186 186 187 187 187 187 187 187 187 187 187 187 187 187 187 187 
187 187 187 187 187 187 187 187 187 187 187 187 187 187 187 186 186 186 193 187 160 180 209 204 176 169 170 181 188 191 192 191 191 192 193 190 183 172 168 171 192 213 194 170 172 194 189 186 186 187 187 187 187 187 187 187 187 187 187 187 187 187 187 187 
187 187 187 187 187 187 187 187 187 187 187 187 187 187 187 187 187 186 186 188 194 184 162 172 198 213 205 188 176 169 166 166 165 165 168 172 185 200 211 207 185 165 172 191 191 187 186 186 187 187 187 187 187 187 187 187 187 187 187 187 187 187 187 187 
187 187 187 187 187 187 187 187 187 187 187 187 187 187 187 187 187 187 186 186 187 189 193 190 171 161 170 185 200 210 212 214 215 213 210 206 192 178 167 165 180 192 192 188 186 186 187 187 187 187 187 187 187 187 187 187 187 187 187 187 187 187 187 187 
187 187 187 187 187 187 187 187 187 187 187 187 187 187 187 187 187 187 187 187 186 186 187 188 191 194 192 183 170 163 161 160 160 161 162 165 175 186 192 193 190 187 186 186 186 187 187 187 187 187 187 187 187 187 187 187 187 187 187 187 187 187 187 187 
187 187 187 187 187 187 187 187 187 187 187 187 187 187 187 187 187 187 187 187 187 187 186 185 186 187 187 187 189 191 192 193 193 193 192 191 190 189 187 186 186 186 187 187 187 187 187 187 187 187 187 187 187 187 187 187 187 187 187 187 187 187 187 187 
187 187 187 187 187 187 187 187 187 187 187 187 187 187 187 187 187 187 187 187 187 187 187 187 187 187 186 187 187 187 187 187 187 187 187 187 187 186 186 187 187 187 187 187 187 187 187 187 187 187 187 187 187 187 187 187 187 187 187 187 187 187 187 187 
187 187 187 187 187 187 187 187 187 187 187 187 187 187 187 187 187 187 187 187 187 187 187 187 187 187 187 187 187 187 187 187 187 187 187 187 187 187 187 187 187 187 187 187 187 187 187 187 187 187 187 187 187 187 187 187 187 187 187 187 187 187 187 187 
187 187 187 187 187 187 187 187 187 187 187 187 187 187 187 187 187 187 187 187 187 187 187 187 187 187 187 187 187 187 187 187 187 187 187 187 187 187 187 187 187 187 187 187 187 187 187 187 187 187 187 187 187 187 187 187 187 187 187 187 187 187 187 187 
187 187 187 187 187 187 187 187 187 187 187 187 187 187 187 187 187 187 187 187 187 187 187 187 187 187 187 187 187 187 187 187 187 187 187 187 187 187 187 187 187 187 187 187 187 187 187 187 187 187 187 187 187 187 187 187 187 187 187 187 187 187 187 187 
187 187 187 187 187 187 187 187 187 187 187 187 187 187 187 187 187 187 187 187 187 187 187 187 187 187 187 187 187 187 187 187 187 187 187 187 187 187 187 187 187 187 187 187 187 187 187 187 187 187 187 187 187 187 187 187 187 187 187 187 187 187 187 187 
187 187 187 187 187 187 187 187 187 187 187 187 187 187 187 187 187 187 187 187 187 187 187 187 187 187 187 187 187 187 187 187 187 187 187 187 187 187 187 187 187 187 187 187 187 187 187 187 187 187 187 187 187 187 187 187 187 187 187 187 187 187 187 187 
