187 187 187 187 187 187 187 187 187 187 187 187 187 187 187 187 187 187 187 187 187 187 187 187 187 187 186 186 185 187 186 185 185 185 185 188 187 186 187 187 187 187 187 187 187 187 187 187 187 187 187 187 187 187 187 187 187 187 187 187 187 187 187 187 
187 187 187 187 187 187 187 187 187 187 187 187 187 187 187 187 187 187 187 187 187 187 186 188 185 188 197 186 188 182 183 187 187 187 180 190 180 189 187 188 187 186 187 187 187 187 187 187 187 187 187 187 187 187 187 187 187 187 187 187 187 187 187 187 
187 187 187 187 187 187 187 187 187 187 187 187 187 187 187 187 187 187 187 187 186 189 181 194 179 192 194 184 188 194 192 182 195 178 187 188 171 203 170 186 191 188 188 188 186 187 187 187 187 187 187 187 187 187 187 187 187 187 187 187 187 187 187 187 
187 187 187 187 187 187 187 187 187 187 187 187 187 187 187 187 187 186 187 186 184 193 174 200 174 196 185 182 173 185 189 174 174 193 196 178 207 182 193 190 180 185 183 189 187 187 187 187 187 187 187 187 187 187 187 187 187 187 187 187 187 187 187 187 
187 187 187 187 187 187 187 187 187 187 187 187 187 187 187 186 188 182 192 182 184 194 171 201 174 191 182 181 188 192 179 183 194 189 183 190 177 176 176 183 180 179 201 185 187 193 185 189 187 187 187 187 187 187 187 187 187 187 187 187 187 187 187 187 
187 187 187 187 187 187 187 187 187 187 187 187 187 187 187 184 194 174 197 179 184 194 171 201 174 196 190 202 176 173 196 190 187 177 194 179 191 191 191 200 183 191 166 191 190 193 183 184 187 186 187 187 187 187 187 187 187 187 187 187 187 187 187 187 
187 187 187 187 187 187 187 187 187 187 187 187 187 187 188 179 198 170 199 179 184 194 171 201 174 193 178 176 203 200 154 193 185 179 190 184 187 171 173 197 185 192 191 192 170 196 176 179 188 190 186 187 187 187 187 187 187 187 187 187 187 187 187 187 
187 187 187 187 187 187 187 187 187 187 187 187 185 189 187 178 199 170 199 179 184 194 171 201 174 195 173 173 184 171 187 193 182 183 197 163 189 180 203 166 188 197 161 189 187 183 188 174 198 185 178 191 186 187 187 187 187 187 187 187 187 187 187 187 
187 187 187 187 187 187 187 187 187 187 186 190 179 192 185 178 199 170 199 179 184 194 171 201 174 194 190 176 197 194 197 185 187 190 187 175 198 195 171 179 189 190 176 180 190 177 178 193 178 192 189 173 186 186 187 187 187 187 187 187 187 187 187 187 
187 187 187 187 187 187 187 187 187 187 182 196 173 193 185 178 199 170 199 179 184 194 171 201 174 193 180 192 192 190 172 175 192 172 202 193 168 199 183 194 196 173 187 185 194 199 184 194 176 192 174 197 186 190 186 187 187 187 187 187 187 187 187 187 
187 187 187 187 187 187 187 187 186 190 176 200 172 194 185 178 199 170 199 179 184 194 171 201 174 194 195 180 193 180 185 185 179 196 169 198 187 186 184 180 194 183 172 204 172 204 144 206 186 194 184 181 187 193 188 186 187 187 187 187 187 187 187 187 
187 187 187 187 187 187 187 187 185 192 173 201 172 194 185 178 199 170 199 179 184 194 171 201 174 193 184 187 184 172 192 186 207 173 180 196 172 193 192 168 188 193 199 154 187 173 182 193 181 181 180 186 189 183 178 193 187 187 187 187 187 187 187 187 
187 187 187 187 187 187 187 187 185 192 173 201 172 194 185 178 199 170 199 179 184 194 171 201 174 191 193 197 185 195 167 188 190 186 177 188 180 181 197 174 189 187 188 182 201 183 195 205 175 173 198 168 199 181 193 184 185 187 187 187 187 187 187 187 
187 187 187 187 187 187 188 184 186 192 173 201 172 194 185 178 199 170 199 179 184 194 171 201 174 191 186 168 179 180 211 183 173 201 176 173 195 179 181 184 186 194 174 188 186 167 188 162 210 159 201 175 179 189 174 199 189 184 187 187 187 187 187 187 
187 187 187 187 187 186 191 180 187 192 173 201 172 194 185 178 199 170 199 179 184 194 171 201 174 193 189 189 180 178 189 177 176 186 183 196 184 193 185 182 180 189 186 196 174 193 173 187 178 182 214 173 194 192 198 177 200 183 188 187 187 187 187 187 
187 187 187 187 187 183 195 177 187 192 173 201 172 194 185 178 199 170 199 179 184 194 171 201 174 194 192 202 187 185 196 191 202 182 198 179 186 187 192 195 193 159 194 199 192 190 174 202 188 176 184 192 169 168 172 180 171 185 186 187 187 187 187 187 
187 187 187 187 189 178 198 176 187 192 173 201 172 194 185 178 199 170 199 179 184 194 171 201 174 192 183 170 191 183 166 197 176 189 182 190 184 190 183 189 188 187 167 185 185 181 193 191 192 170 173 196 198 184 190 200 187 185 184 187 187 187 187 187 
187 187 187 186 192 174 200 176 187 192 173 201 172 194 185 178 199 170 199 179 184 194 171 201 174 195 170 202 174 202 183 187 176 194 190 188 170 173 193 166 183 196 199 172 186 155 202 162 186 196 177 188 194 192 169 198 180 184 191 190 187 187 187 187 
187 187 187 185 195 171 200 176 187 192 173 201 172 194 185 178 199 170 199 179 184 194 171 201 174 193 179 198 174 183 175 179 195 172 174 183 189 189 213 185 185 188 184 185 193 192 203 193 193 186 185 194 178 192 203 168 186 189 171 193 186 187 187 187 
187 187 187 183 197 171 200 176 187 192 173 201 172 194 185 178 199 170 199 179 184 194 171 201 174 193 180 190 180 185 192 181 195 187 209 189 181 191 169 174 186 199 178 188 185 177 185 181 188 190 179 182 187 175 165 189 199 185 194 194 188 186 187 187 
187 187 188 181 197 171 200 176 187 192 173 201 172 194 185 178 199 170 199 179 184 194 171 201 174 191 186 199 175 182 206 180 182 177 183 175 199 182 186 202 178 157 185 187 185 192 200 164 173 199 186 184 187 188 188 211 172 174 173 171 181 186 187 187 
187 187 189 180 197 171 200 176 187 192 173 201 172 194 185 178 199 170 199 179 184 194 171 201 174 194 178 175 186 197 177 180 189 180 192 181 192 182 189 184 190 194 206 191 179 183 165 192 183 174 174 194 169 190 176 176 195 185 195 202 195 187 187 187 
187 186 188 179 197 171 200 176 187 192 173 201 172 194 185 178 199 170 199 179 184 194 171 201 174 193 202 195 181 190 176 189 175 194 189 192 179 193 183 185 181 186 172 179 203 192 185 202 195 173 216 172 200 184 191 175 185 184 188 172 196 184 187 187 
187 186 188 179 197 171 200 176 187 192 173 201 172 194 185 178 199 170 199 179 184 194 171 201 174 193 184 168 183 193 195 184 187 198 172 187 187 172 185 181 196 157 184 197 173 195 152 189 190 182 182 183 190 182 186 195 180 194 185 202 174 191 187 187 
187 187 187 180 197 171 200 176 187 192 173 201 172 194 185 178 199 170 199 179 184 194 171 201 174 192 178 203 184 200 177 181 172 189 187 189 198 187 198 179 186 204 194 177 194 178 189 194 185 188 200 187 169 183 189 183 165 199 176 164 189 196 185 187 
187 187 186 180 197 171 200 176 187 192 173 201 172 194 185 178 199 170 199 179 184 194 171 201 174 197 192 179 182 169 194 183 191 171 186 174 188 181 166 191 190 179 168 187 204 175 191 173 187 160 182 187 178 197 190 184 187 190 189 174 186 187 186 187 
187 188 185 181 197 171 200 176 187 192 173 201 172 194 185 178 199 170 199 179 184 194 171 201 174 194 186 177 187 192 173 181 200 185 185 177 177 196 190 192 181 186 191 181 174 184 194 184 193 180 188 184 193 192 172 193 175 188 202 188 179 190 185 187 
187 188 184 181 197 171 200 176 187 192 173 201 172 194 185 178 199 170 199 179 184 194 171 201 174 191 184 197 188 199 171 193 182 190 198 187 205 176 193 186 191 182 197 170 202 190 188 179 205 182 173 185 195 196 165 193 185 177 171 205 181 186 185 186 
186 189 183 181 197 171 200 176 187 192 173 201 172 194 185 178 199 170 199 179 184 194 171 201 174 194 189 177 185 178 191 197 181 181 171 191 189 183 179 185 179 176 182 183 188 169 165 187 179 181 199 179 181 179 207 191 198 192 202 166 187 203 181 185 
186 190 183 181 197 171 200 176 187 192 173 201 172 194 185 178 199 170 199 179 184 194 171 201 174 193 177 184 193 187 189 176 188 182 191 179 176 175 193 175 195 190 175 187 199 201 198 182 165 196 199 193 184 179 172 178 177 174 192 185 188 190 184 186 
186 190 183 181 197 171 200 176 187 192 173 201 172 194 185 178 199 170 199 179 184 194 171 201 174 196 201 194 174 196 167 191 197 183 190 182 191 188 178 183 195 191 191 174 192 168 178 204 193 162 186 174 185 184 180 195 182 188 188 175 178 173 188 186 
186 190 183 181 197 171 200 176 187 192 173 201 172 194 185 178 199 170 199 179 184 194 171 201 174 194 184 171 180 180 207 180 186 191 176 188 182 191 179 181 195 180 183 195 190 189 190 176 183 183 199 177 206 165 198 182 191 184 181 190 191 189 187 186 
186 190 183 181 197 171 200 176 187 192 173 201 172 194 185 178 199 170 199 179 184 194 171 201 174 196 205 179 201 178 178 194 172 179 193 180 198 193 188 180 202 177 175 181 194 176 177 175 190 191 180 180 203 187 185 183 193 199 175 191 190 189 179 188 
186 190 183 181 197 171 200 176 187 192 173 201 172 194 185 178 199 170 199 179 184 194 171 201 174 191 174 181 197 183 193 171 192 197 189 193 183 169 200 179 180 199 206 170 199 176 193 193 197 190 192 184 170 172 202 198 162 189 183 187 179 184 185 186 
186 190 183 181 197 171 200 176 187 192 173 201 172 194 185 178 199 170 199 179 184 194 171 201 174 192 186 184 164 203 165 201 165 180 180 181 181 181 189 178 178 179 178 189 187 171 183 186 190 192 175 184 193 197 162 194 202 175 180 185 191 185 193 188 
186 189 183 181 197 171 200 176 187 192 173 201 172 194 185 178 199 170 199 179 184 194 171 201 174 191 184 196 197 174 189 182 178 193 191 184 193 188 176 209 195 178 185 176 180 182 199 186 161 183 183 189 175 179 180 185 174 172 194 194 175 182 193 187 
187 188 184 181 197 171 200 176 187 192 173 201 172 194 185 178 199 170 199 179 184 194 171 201 174 193 183 176 182 163 201 181 189 181 189 197 180 194 182 173 175 196 195 188 201 174 197 177 202 202 170 186 190 197 187 193 197 200 185 178 187 182 190 185 
187 188 185 181 197 171 200 176 187 192 173 201 172 194 185 178 199 170 199 179 184 194 171 201 174 193 185 199 180 196 189 191 187 183 182 182 184 184 202 181 172 174 186 173 188 199 177 191 178 180 187 189 199 190 175 167 176 179 180 196 180 180 189 187 
187 187 186 180 197 171 200 176 187 192 173 201 172 194 185 178 199 170 199 179 184 194 171 201 174 188 189 200 171 188 186 195 190 178 179 197 189 183 179 181 186 202 176 189 177 190 180 195 187 186 206 178 174 184 200 187 192 197 170 209 189 182 187 187 
187 187 187 180 197 171 200 176 187 192 173 201 172 194 185 178 199 170 199 179 184 194 171 201 174 198 195 174 170 196 178 194 156 197 186 186 192 172 187 200 181 188 180 205 171 199 156 191 186 177 185 192 181 174 180 190 170 192 179 183 181 190 187 187 
187 186 188 179 197 171 200 176 187 192 173 201 172 194 185 178 199 170 199 179 184 194 171 201 174 192 183 182 195 179 171 202 165 172 183 177 171 187 184 183 179 189 179 193 188 181 202 175 177 186 178 178 199 193 196 177 183 194 196 169 193 186 186 187 
187 186 188 179 197 171 200 176 187 192 173 201 172 194 185 178 199 170 199 179 184 194 171 201 174 196 187 178 191 175 198 196 188 195 208 196 190 188 171 191 186 171 189 153 191 185 176 162 202 196 186 174 171 189 183 198 178 166 189 173 188 189 187 187 
187 187 189 180 197 171 200 176 187 192 173 201 172 194 185 178 199 170 199 179 184 194 171 201 174 191 193 187 195 177 183 178 184 194 185 163 178 189 192 187 199 186 191 206 185 178 181 212 193 187 171 200 213 185 180 180 198 183 197 177 191 189 187 187 
187 187 188 181 197 171 200 176 187 192 173 201 172 194 185 178 199 170 199 179 184 194 171 201 174 196 183 184 185 186 205 187 187 173 190 189 181 196 203 190 177 167 172 173 205 191 181 191 156 199 177 182 176 184 195 179 192 183 181 206 179 188 187 187 
187 187 187 183 197 171 200 176 187 192 173 201 172 194 185 178 199 170 199 179 184 194 171 201 174 196 160 182 200 190 167 179 192 181 182 196 166 163 170 194 181 190 199 196 168 187 190 190 185 194 172 188 188 185 181 174 184 181 188 187 183 187 187 187 
187 187 187 185 195 171 200 176 187 192 173 201 172 194 185 178 199 170 199 179 184 194 171 201 174 193 184 175 187 173 205 190 187 181 183 193 204 191 195 185 161 191 185 171 185 189 184 173 185 185 198 171 194 189 187 189 180 170 193 193 184 187 187 187 
187 187 187 186 192 174 200 176 187 192 173 201 172 194 185 178 199 170 199 179 184 194 171 201 174 195 192 184 193 176 186 176 187 201 168 191 183 183 178 200 194 191 202 179 187 206 166 192 189 183 193 178 180 181 202 181 188 197 184 188 187 187 187 187 
187 187 187 187 189 178 198 176 187 192 173 201 172 194 185 178 199 170 199 179 184 194 171 201 174 190 182 188 194 184 194 192 176 185 197 181 172 199 170 184 174 190 175 185 139 196 185 181 203 178 189 200 174 182 187 182 183 186 181 186 187 187 187 187 
187 187 187 187 187 183 195 177 187 192 173 201 172 194 185 178 199 170 199 179 184 194 171 201 174 193 174 195 195 173 188 179 181 171 174 200 177 195 183 181 181 196 177 209 189 187 172 190 174 175 172 196 181 188 196 194 200 179 186 187 187 187 187 187 
187 187 187 187 187 186 191 180 187 192 173 201 172 194 185 178 199 170 199 179 184 194 171 201 174 198 185 170 184 179 194 202 192 191 206 160 183 174 195 175 180 198 167 202 185 190 207 172 196 202 201 180 209 158 182 158 184 190 186 187 187 187 187 187 
187 187 187 187 187 187 188 184 186 192 173 201 172 194 185 178 199 170 199 179 184 194 171 201 174 193 195 175 202 170 184 182 173 176 182 178 197 185 182 194 203 184 205 171 179 162 176 204 171 184 184 173 165 179 201 196 187 186 187 187 187 187 187 187 
187 187 187 187 187 187 187 187 185 192 173 201 172 194 185 178 199 170 199 179 184 194 171 201 174 193 181 175 187 199 177 190 201 183 197 183 192 182 188 188 187 178 179 174 184 203 190 195 163 192 190 194 179 190 201 177 185 187 187 187 187 187 187 187 
187 187 187 187 187 187 187 187 185 192 173 201 172 194 185 178 199 170 199 179 184 194 171 201 174 194 181 187 199 182 182 183 172 185 192 176 178 178 192 175 187 180 171 202 193 176 179 194 181 194 179 185 190 171 199 186 187 187 187 187 187 187 187 187 
187 187 187 187 187 187 187 187 186 190 176 200 172 194 185 178 199 170 199 179 184 194 171 201 174 195 180 180 177 190 188 190 203 170 194 198 183 199 177 195 188 180 191 171 191 189 183 177 184 205 163 189 189 193 187 186 187 187 187 187 187 187 187 187 
187 187 187 187 187 187 187 187 187 187 182 196 173 193 185 178 199 170 199 179 184 194 171 201 174 192 180 192 183 198 169 184 189 194 179 177 183 196 177 181 192 187 176 188 190 176 201 172 194 196 173 185 179 187 187 187 187 187 187 187 187 187 187 187 
187 187 187 187 187 187 187 187 187 187 186 190 179 192 185 178 199 170 199 179 184 194 171 201 174 194 198 193 192 171 188 190 179 201 180 186 193 176 195 179 174 181 197 203 174 174 193 186 194 175 184 190 189 186 187 187 187 187 187 187 187 187 187 187 
187 187 187 187 187 187 187 187 187 187 187 187 185 189 187 178 199 170 199 179 184 194 171 201 174 193 182 171 197 173 177 188 185 184 168 180 190 184 178 190 194 187 188 177 186 199 180 186 170 193 186 189 186 187 187 187 187 187 187 187 187 187 187 187 
187 187 187 187 187 187 187 187 187 187 187 187 187 187 188 179 198 170 199 179 184 194 171 201 174 194 185 200 177 184 195 184 192 193 182 194 195 165 208 168 175 180 197 190 170 191 162 197 186 187 188 187 187 187 187 187 187 187 187 187 187 187 187 187 
187 187 187 187 187 187 187 187 187 187 187 187 187 187 187 184 194 174 197 179 184 194 171 201 174 194 177 165 197 191 188 186 182 182 175 199 187 186 177 181 193 171 179 186 170 192 199 194 186 186 187 187 187 187 187 187 187 187 187 187 187 187 187 187 
187 187 187 187 187 187 187 187 187 187 187 187 187 187 187 186 188 182 192 182 184 194 171 201 174 196 177 186 186 180 185 176 195 181 193 185 185 202 183 186 191 186 194 183 194 182 181 187 186 187 187 187 187 187 187 187 187 187 187 187 187 187 187 187 
187 187 187 187 187 187 187 187 187 187 187 187 187 187 187 187 187 186 187 186 184 193 174 200 174 195 201 185 182 189 188 180 194 177 189 181 180 177 193 168 187 184 197 188 189 186 187 187 187 187 187 187 187 187 187 187 187 187 187 187 187 187 187 187 
187 187 187 187 187 187 187 187 187 187 187 187 187 187 187 187 187 187 187 187 186 189 181 194 179 190 186 186 188 181 195 181 186 197 185 179 190 180 190 183 187 186 188 186 187 187 187 187 187 187 187 187 187 187 187 187 187 187 187 187 187 187 187 187 
187 187 187 187 187 187 187 187 187 187 187 187 187 187 187 187 187 187 187 187 187 187 186 188 185 189 187 186 189 192 191 179 173 190 183 192 187 188 189 187 187 186 187 187 187 187 187 187 187 187 187 187 187 187 187 187 187 187 187 187 187 187 187 187 
187 187 187 187 187 187 187 187 187 187 187 187 187 187 187 187 187 187 187 187 187 187 187 187 187 187 187 187 186 186 183 188 187 187 186 187 187 187 187 187 187 187 187 187 187 187 187 187 187 187 187 187 187 187 187 187 187 187 187 187 187 187 187 187 
