187 187 187 187 187 187 187 187 187 187 187 187 187 187 187 187 187 187 187 187 187 187 187 187 187 187 187 187 187 187 187 187 187 187 187 187 187 187 187 187 187 187 187 187 187 187 187 187 187 187 187 187 187 187 187 187 187 187 187 187 187 187 187 187 
187 187 187 187 187 187 187 187 187 187 187 187 187 187 187 187 187 187 187 187 187 187 187 187 187 187 187 187 187 187 187 187 187 187 187 187 187 187 187 187 187 187 187 187 187 187 187 187 187 187 187 187 187 187 187 187 187 187 187 187 187 187 187 187 
187 187 187 187 187 187 187 187 187 187 187 187 187 187 187 187 187 187 187 187 187 187 187 187 187 187 187 187 187 187 187 187 187 187 187 187 187 187 187 187 187 187 187 187 187 187 187 187 187 187 187 187 187 187 187 187 187 187 187 187 187 187 187 187 
187 187 187 187 187 187 187 187 187 187 187 187 187 187 187 187 187 187 187 187 187 187 187 187 187 187 187 187 187 187 187 187 187 187 187 187 187 187 187 187 187 187 187 187 187 187 187 187 187 187 187 187 187 187 187 187 187 187 187 187 187 187 187 187 
187 187 187 187 187 187 187 187 187 187 187 187 187 187 187 187 187 187 187 187 187 187 187 187 187 187 187 187 187 187 187 187 187 187 187 187 187 187 187 187 187 187 187 187 187 187 187 187 187 187 187 187 187 187 187 187 187 187 187 187 187 187 187 187 
187 187 187 187 187 187 187 187 187 187 187 187 187 187 187 187 187 187 187 187 187 187 187 187 187 187 187 187 187 187 187 187 187 187 187 187 187 187 187 187 187 187 187 187 186 187 187 187 187 187 187 187 187 187 187 187 187 187 187 187 187 187 187 187 
187 187 187 187 187 187 187 187 187 187 187 187 187 187 187 187 187 187 187 187 187 187 187 187 187 187 187 187 187 187 187 187 187 187 187 187 187 187 187 187 187 187 187 188 187 187 187 187 187 187 187 187 187 187 187 187 187 187 187 187 187 187 187 187 
187 187 187 187 187 187 187 187 187 187 187 187 187 187 187 187 187 187 187 187 187 187 187 187 187 187 187 187 187 187 187 187 187 187 187 187 187 187 187 187 186 187 184 181 183 187 187 187 187 187 187 187 187 187 187 187 187 187 187 187 187 187 187 187 
187 187 187 187 187 187 187 187 187 187 187 187 187 187 187 187 187 187 187 187 187 187 187 187 187 187 187 187 187 187 187 187 187 187 187 187 187 187 187 187 187 190 176 208 178 189 187 187 187 187 187 187 187 187 187 187 187 187 187 187 187 187 187 187 
187 187 187 187 187 187 187 187 187 187 187 187 187 187 187 187 187 187 187 187 187 187 187 187 187 187 187 187 187 187 187 187 187 187 187 187 187 187 187 187 188 186 185 195 182 187 187 187 187 187 187 187 187 187 187 187 187 187 187 187 187 187 187 187 
187 187 187 187 187 187 187 187 187 187 187 187 187 187 187 187 187 187 187 187 187 187 187 187 187 187 187 187 187 187 187 187 187 187 187 187 187 187 187 187 181 199 166 190 186 183 188 187 187 187 187 187 187 187 187 187 187 187 187 187 187 187 187 187 
187 187 187 187 187 187 187 187 187 187 187 187 187 187 187 187 187 187 187 187 187 187 187 187 187 187 187 187 187 187 187 187 187 187 187 187 187 187 187 187 176 199 169 180 195 182 188 187 187 187 187 187 187 187 187 187 187 187 187 187 187 187 187 187 
187 187 187 187 187 187 187 187 187 187 187 187 187 187 187 187 187 187 187 187 187 187 187 187 187 187 187 187 187 187 187 187 187 187 187 187 187 187 187 189 175 211 177 190 199 183 186 187 187 187 187 187 187 187 187 187 187 187 187 187 187 187 187 187 
187 187 187 187 187 187 187 187 187 187 187 187 187 187 187 187 187 187 187 187 187 187 187 187 187 187 187 187 187 187 187 187 187 187 187 187 187 187 186 188 178 187 156 184 187 186 183 188 187 187 187 187 187 187 187 187 187 187 187 187 187 187 187 187 
187 187 187 187 187 187 187 187 187 187 187 187 187 187 187 187 187 187 187 187 187 187 187 187 186 186 186 187 186 187 186 186 186 187 187 186 187 187 188 188 182 200 186 184 188 186 183 188 187 187 187 187 187 187 187 187 187 187 187 187 187 187 187 187 
187 187 187 187 187 187 187 187 187 187 187 187 187 187 187 187 187 187 187 187 187 187 186 186 189 193 191 192 190 190 190 190 189 188 185 187 183 178 178 180 188 172 174 199 182 184 188 186 187 187 187 187 187 187 187 187 187 187 187 187 187 187 187 187 
187 187 187 187 187 187 187 187 187 187 187 187 187 187 187 187 187 187 187 187 186 186 188 193 187 176 168 177 178 177 183 178 180 186 191 182 193 201 198 193 191 189 173 191 189 181 193 183 187 187 187 187 187 187 187 187 187 187 187 187 187 187 187 187 
187 187 187 187 187 187 187 187 187 187 187 187 187 187 187 187 187 187 186 186 189 192 188 177 175 191 204 201 197 196 190 192 187 195 182 187 180 181 178 190 182 189 176 188 190 183 192 182 188 187 187 187 187 187 187 187 187 187 187 187 187 187 187 187 
187 187 187 187 187 187 187 187 187 187 187 187 187 187 187 187 187 186 189 193 186 176 175 189 201 191 158 181 175 166 192 168 191 187 170 183 188 179 183 191 191 180 178 196 187 186 188 184 188 187 187 187 187 187 187 187 187 187 187 187 187 187 187 187 
187 187 187 187 187 187 187 187 187 187 187 187 187 187 187 187 186 188 182 177 181 191 195 181 186 187 186 193 191 195 189 190 176 189 195 171 186 181 173 170 180 189 172 192 185 192 181 188 185 187 187 187 187 187 187 187 187 187 187 187 187 187 187 187 
187 187 187 187 187 187 187 187 187 187 187 187 187 187 187 187 187 189 186 181 204 169 179 191 185 191 192 190 195 189 192 181 194 190 187 195 194 193 192 201 186 188 185 177 189 199 176 193 182 188 187 187 187 187 187 187 187 187 187 187 187 187 187 187 
187 187 187 187 187 187 187 187 187 187 187 187 187 187 187 186 191 178 179 200 186 189 190 192 185 177 183 183 180 179 187 182 189 168 188 182 180 182 183 193 187 195 181 184 189 205 171 193 182 188 187 187 187 187 187 187 187 187 187 187 187 187 187 187 
187 187 187 187 187 187 187 187 187 187 187 187 187 187 187 187 186 190 186 172 182 194 176 190 190 180 187 187 175 190 186 182 195 181 193 174 186 180 181 177 174 182 173 182 169 179 177 191 185 187 187 187 187 187 187 187 187 187 187 187 187 187 187 187 
187 187 187 187 187 187 187 187 187 187 187 187 187 187 187 187 186 192 182 186 190 186 192 193 187 191 192 190 195 188 187 188 189 182 185 194 195 197 196 194 192 200 187 201 188 204 180 189 189 185 187 187 187 187 187 187 187 187 187 187 187 187 187 187 
187 187 187 187 187 187 187 187 187 187 187 187 187 187 187 187 186 191 181 191 186 185 177 188 176 182 189 181 182 185 187 182 183 190 186 183 180 178 179 189 187 184 180 190 180 190 185 182 192 182 188 187 187 187 187 187 187 187 187 187 187 187 187 187 
187 187 187 187 187 187 187 187 187 187 187 187 187 187 187 187 186 187 185 181 182 186 189 192 183 184 192 184 188 186 189 188 186 188 187 184 189 191 188 184 183 186 180 187 187 189 190 184 192 182 188 187 187 187 187 187 187 187 187 187 187 187 187 187 
187 187 187 187 187 187 187 187 187 187 187 187 187 187 187 187 187 187 188 190 192 187 185 189 186 189 187 186 182 191 186 181 187 183 189 181 184 180 185 184 189 182 184 187 182 184 189 184 190 183 188 187 187 187 187 187 187 187 187 187 187 187 187 187 
187 187 187 187 187 187 187 187 187 187 187 187 187 187 187 187 187 188 183 188 184 188 188 184 188 187 187 190 189 195 188 188 192 190 192 192 193 193 190 189 189 189 196 180 195 184 188 188 186 185 188 187 187 187 187 187 187 187 187 187 187 187 187 187 
187 187 187 187 187 187 187 187 187 187 187 187 187 187 187 187 186 189 184 187 187 185 193 176 189 182 182 181 181 180 185 182 182 180 178 181 182 182 183 188 185 187 175 167 199 181 189 189 182 186 187 187 187 187 187 187 187 187 187 187 187 187 187 187 
187 187 187 187 187 187 187 187 187 187 187 187 187 187 187 187 186 189 185 188 187 185 190 183 191 190 190 191 192 187 190 186 191 186 185 187 187 187 186 192 187 189 199 186 200 178 189 195 179 190 185 187 187 187 187 187 187 187 187 187 187 187 187 187 
187 187 187 187 187 187 187 187 187 187 187 187 187 187 187 187 189 182 184 188 186 188 187 188 189 188 188 188 189 188 186 189 183 199 178 202 182 190 184 183 182 183 174 170 185 181 189 190 180 193 182 188 187 187 187 187 187 187 187 187 187 187 187 187 
187 187 187 187 187 187 187 187 187 187 187 187 187 187 187 187 186 194 183 189 189 181 183 185 180 179 178 179 177 182 184 186 187 185 178 184 184 185 187 184 190 187 175 209 194 173 190 189 183 193 181 188 187 187 187 187 187 187 187 187 187 187 187 187 
187 187 187 187 187 187 187 187 187 187 187 187 187 187 187 186 179 201 176 179 190 189 187 189 192 193 192 193 188 203 177 190 187 188 188 189 188 183 189 186 194 183 171 204 191 177 194 187 188 187 184 188 187 187 187 187 187 187 187 187 187 187 187 187 
187 187 187 187 187 187 187 187 187 187 187 187 187 187 187 189 177 194 177 196 186 186 186 185 183 187 182 190 184 192 174 182 188 187 186 188 188 184 198 198 196 185 180 189 186 177 193 183 191 182 190 185 187 187 187 187 187 187 187 187 187 187 187 187 
187 187 187 187 187 187 187 187 187 187 187 187 187 187 185 192 188 187 178 191 187 189 192 193 192 191 192 184 189 184 190 194 182 187 182 180 183 183 174 161 169 189 177 184 198 167 196 179 192 182 193 181 188 187 187 187 187 187 187 187 187 187 187 187 
187 187 187 187 187 187 187 187 187 187 187 187 186 187 185 182 185 185 185 188 182 182 180 181 182 183 180 187 187 190 182 185 187 187 195 198 188 184 199 194 199 186 180 189 199 181 193 185 189 183 193 181 188 187 187 187 187 187 187 187 187 187 187 187 
187 187 187 187 187 187 187 187 187 187 187 187 187 188 186 191 195 179 188 191 192 179 190 185 186 186 180 190 185 185 193 177 180 195 178 183 182 178 197 182 188 187 178 200 173 182 190 186 187 185 190 184 187 187 187 187 187 187 187 187 187 187 187 187 
187 187 187 187 187 187 187 187 187 187 187 187 187 185 179 189 186 176 191 185 186 184 189 183 185 186 183 194 185 187 188 183 184 186 187 187 183 178 184 186 185 196 170 195 180 181 190 185 186 185 186 189 185 187 187 187 187 187 187 187 187 187 187 187 
187 187 187 187 187 187 187 187 187 187 187 188 182 200 181 192 185 184 188 185 191 188 187 185 189 190 188 182 185 189 184 190 182 185 194 188 187 189 193 183 182 201 171 183 189 189 184 188 188 187 186 191 183 187 187 187 187 187 187 187 187 187 187 187 
187 187 187 187 187 187 187 187 187 187 187 187 184 182 184 189 179 191 189 185 186 187 186 187 187 187 185 187 184 191 186 179 198 188 176 198 190 187 191 191 188 191 181 186 182 176 188 186 185 186 184 193 181 188 187 187 187 187 187 187 187 187 187 187 
187 187 187 187 187 187 187 187 187 187 187 187 191 184 197 184 179 190 186 187 188 189 186 190 187 189 183 189 181 193 184 182 189 184 183 175 185 185 183 182 182 198 174 183 192 195 182 185 184 197 178 194 181 188 187 187 187 187 187 187 187 187 187 187 
187 187 187 187 187 187 187 187 187 187 187 187 190 177 190 185 186 189 181 191 180 179 179 177 179 178 179 194 183 183 191 185 185 179 176 180 180 172 193 188 187 193 180 186 206 204 181 186 187 192 180 194 181 187 187 187 187 187 187 187 187 187 187 187 
187 187 187 187 187 187 187 187 187 187 187 187 187 186 187 180 190 187 192 174 193 198 190 194 195 190 193 180 197 181 184 186 190 196 193 192 192 199 189 180 189 189 178 181 165 170 180 185 185 187 183 193 182 187 187 187 187 187 187 187 187 187 187 187 
187 187 187 187 187 187 187 187 187 187 187 187 183 197 181 179 193 185 193 182 181 191 179 184 183 179 190 193 187 188 179 187 189 180 187 192 174 185 187 188 190 197 181 187 192 188 185 186 189 188 183 191 183 187 187 187 187 187 187 187 187 187 187 187 
187 187 187 187 187 187 187 187 187 187 187 188 179 196 182 187 181 185 190 187 188 188 191 188 190 190 181 184 189 185 183 189 187 190 186 183 179 178 186 184 185 181 184 185 189 187 181 192 186 188 185 189 185 187 187 187 187 187 187 187 187 187 187 187 
187 187 187 187 187 187 187 187 187 187 187 185 191 180 180 193 184 189 186 186 185 185 187 185 188 186 189 183 192 180 192 186 188 172 181 194 192 189 190 189 183 195 183 186 188 190 172 194 185 188 188 185 187 187 187 187 187 187 187 187 187 187 187 187 
187 187 187 187 187 187 187 187 187 187 187 181 202 185 180 193 185 185 184 186 184 188 183 186 184 184 183 181 192 182 186 182 195 186 186 181 187 185 183 189 186 186 180 187 189 188 177 197 183 190 188 182 188 187 187 187 187 187 187 187 187 187 187 187 
187 187 187 187 187 187 187 187 187 187 187 187 176 186 184 189 191 192 192 194 191 193 192 192 192 191 194 191 189 197 196 192 193 188 193 194 188 192 190 186 187 192 188 183 188 188 175 197 185 187 190 180 188 187 187 187 187 187 187 187 187 187 187 187 
187 187 187 187 187 187 187 187 187 187 187 187 192 183 187 185 182 182 181 181 181 181 181 181 181 181 181 180 181 177 177 178 180 181 180 181 182 182 184 184 187 182 184 187 187 188 176 195 186 186 193 180 189 187 187 187 187 187 187 187 187 187 187 187 
187 187 187 187 187 187 187 187 187 187 187 186 191 182 188 187 187 187 187 187 187 188 188 188 188 188 188 188 189 189 189 188 189 188 189 189 188 188 188 188 188 188 187 187 188 189 176 195 186 185 193 180 188 187 187 187 187 187 187 187 187 187 187 187 
187 187 187 187 187 187 187 187 187 187 187 187 186 192 181 188 187 187 187 187 187 187 187 187 187 187 187 187 187 187 187 187 187 187 187 187 187 187 187 187 187 186 188 187 187 188 178 195 186 184 193 181 188 187 187 187 187 187 187 187 187 187 187 187 
187 187 187 187 187 187 187 187 187 187 187 187 186 190 183 187 187 187 187 187 187 187 187 187 187 187 187 187 187 187 187 187 187 187 187 187 187 187 187 187 187 186 187 187 187 189 178 192 187 185 191 182 187 187 187 187 187 187 187 187 187 187 187 187 
187 187 187 187 187 187 187 187 187 187 187 187 187 185 192 181 188 187 187 187 187 187 187 187 187 187 187 187 187 187 187 187 187 187 187 187 187 187 187 187 187 187 187 187 187 188 183 191 187 184 191 184 187 187 187 187 187 187 187 187 187 187 187 187 
187 187 187 187 187 187 187 187 187 187 187 187 187 186 189 184 187 187 187 187 187 187 187 187 187 187 187 187 187 187 187 187 187 187 187 187 187 187 187 187 187 186 187 187 187 188 181 189 187 189 185 186 187 187 187 187 187 187 187 187 187 187 187 187 
187 187 187 187 187 187 187 187 187 187 187 187 187 187 186 192 180 188 187 187 187 187 187 187 187 187 187 187 187 187 187 187 187 187 187 187 187 187 187 187 187 187 188 187 187 189 181 189 189 190 181 188 187 187 187 187 187 187 187 187 187 187 187 187 
187 187 187 187 187 187 187 187 187 187 187 187 187 187 186 188 188 185 189 188 188 188 188 188 189 188 188 188 188 189 188 188 188 188 189 188 188 189 189 188 189 188 189 188 188 190 181 193 188 181 188 187 187 187 187 187 187 187 187 187 187 187 187 187 
187 187 187 187 187 187 187 187 187 187 187 187 187 187 187 185 192 178 182 181 181 181 181 181 181 181 181 181 181 181 181 181 182 181 181 181 182 182 182 182 182 182 182 182 183 184 181 188 184 188 187 187 187 187 187 187 187 187 187 187 187 187 187 187 
187 187 187 187 187 187 187 187 187 187 187 187 187 187 187 187 187 191 192 192 192 192 192 192 192 191 191 191 191 191 191 191 191 191 191 190 190 190 190 190 190 190 189 189 189 190 188 187 187 187 187 187 187 187 187 187 187 187 187 187 187 187 187 187 
187 187 187 187 187 187 187 187 187 187 187 187 187 187 187 187 186 186 186 186 186 186 186 186 186 186 186 186 186 186 186 186 186 186 186 186 186 186 186 186 186 186 186 186 186 186 186 187 187 187 187 187 187 187 187 187 187 187 187 187 187 187 187 187 
187 187 187 187 187 187 187 187 187 187 187 187 187 187 187 187 187 187 187 187 187 187 187 187 187 187 187 187 187 187 187 187 187 187 187 187 187 187 187 187 187 187 187 187 187 187 187 187 187 187 187 187 187 187 187 187 187 187 187 187 187 187 187 187 
187 187 187 187 187 187 187 187 187 187 187 187 187 187 187 187 187 187 187 187 187 187 187 187 187 187 187 187 187 187 187 187 187 187 187 187 187 187 187 187 187 187 187 187 187 187 187 187 187 187 187 187 187 187 187 187 187 187 187 187 187 187 187 187 
187 187 187 187 187 187 187 187 187 187 187 187 187 187 187 187 187 187 187 187 187 187 187 187 187 187 187 187 187 187 187 187 187 187 187 187 187 187 187 187 187 187 187 187 187 187 187 187 187 187 187 187 187 187 187 187 187 187 187 187 187 187 187 187 
187 187 187 187 187 187 187 187 187 187 187 187 187 187 187 187 187 187 187 187 187 187 187 187 187 187 187 187 187 187 187 187 187 187 187 187 187 187 187 187 187 187 187 187 187 187 187 187 187 187 187 187 187 187 187 187 187 187 187 187 187 187 187 187 
187 187 187 187 187 187 187 187 187 187 187 187 187 187 187 187 187 187 187 187 187 187 187 187 187 187 187 187 187 187 187 187 187 187 187 187 187 187 187 187 187 187 187 187 187 187 187 187 187 187 187 187 187 187 187 187 187 187 187 187 187 187 187 187 
