187 187 187 187 187 187 187 187 187 187 187 187 187 187 187 187 187 187 187 187 187 187 187 187 187 187 187 187 187 187 187 187 187 187 187 187 187 187 187 187 187 187 187 187 187 187 187 187 187 187 187 187 187 187 187 187 187 187 187 187 187 187 187 187 
187 187 187 187 187 187 187 187 187 187 187 187 187 187 187 187 187 187 187 187 187 187 187 187 187 187 187 187 187 187 187 187 187 187 187 187 187 187 187 187 187 187 187 187 187 187 187 187 187 187 187 187 187 187 187 187 187 187 187 187 187 187 187 187 
187 187 187 187 187 187 187 187 187 187 187 187 187 187 187 187 187 187 187 187 187 187 187 187 187 187 187 187 187 187 187 187 187 187 187 187 187 187 187 187 187 187 187 187 187 187 187 187 187 187 187 187 187 187 187 187 187 187 187 187 187 187 187 187 
187 187 187 187 187 187 187 187 187 187 187 187 187 187 187 187 187 187 187 187 187 187 187 187 187 187 187 187 187 187 187 187 187 187 187 187 187 187 187 187 187 187 187 187 187 187 187 187 187 187 187 187 187 187 187 187 187 187 187 187 187 187 187 187 
187 187 187 187 187 187 187 187 187 187 187 187 187 187 187 187 187 187 187 187 187 187 187 187 187 187 187 187 187 187 187 187 187 187 187 187 187 187 187 187 187 187 187 187 187 187 187 187 187 187 187 187 187 187 187 187 187 187 187 187 187 187 187 187 
187 187 187 187 187 187 187 187 187 187 187 187 187 187 187 187 187 187 187 187 187 187 187 187 187 187 187 187 187 187 187 187 187 187 187 187 187 187 187 187 187 187 187 187 187 187 187 187 187 187 187 187 187 187 187 187 187 187 187 187 187 187 187 187 
187 187 187 187 187 187 187 187 187 187 187 187 187 187 187 187 187 187 187 187 187 187 187 187 187 187 187 187 187 187 187 187 187 187 187 187 187 187 187 187 187 187 187 187 187 187 187 187 187 187 187 187 187 187 187 187 187 187 187 187 187 187 187 187 
187 187 187 187 187 187 187 187 187 187 187 187 187 187 187 187 187 187 186 184 186 188 185 187 187 187 187 187 187 187 187 187 187 187 187 187 187 187 187 187 187 187 187 187 187 187 187 187 187 187 187 187 187 187 187 187 187 187 187 187 187 187 187 187 
187 187 187 187 187 187 187 187 187 187 187 187 187 187 187 187 187 185 189 190 189 183 188 186 187 187 187 187 187 187 187 187 187 187 187 187 187 187 187 187 187 187 187 187 187 187 187 187 187 187 187 187 187 187 187 187 187 187 187 187 187 187 187 187 
187 187 187 187 187 187 187 187 187 187 187 187 187 187 187 186 186 190 185 186 188 184 189 185 187 187 187 187 187 187 187 187 187 187 187 187 187 187 187 187 187 187 187 187 187 187 187 187 187 187 187 187 187 187 187 187 187 187 187 187 187 187 187 187 
187 187 187 187 187 187 187 187 187 187 187 187 187 187 184 189 187 185 188 187 188 186 188 186 187 187 187 187 187 187 187 187 187 187 187 187 187 187 187 187 187 185 184 187 187 187 187 187 187 187 187 187 187 187 187 187 187 187 187 187 187 187 187 187 
187 187 187 187 187 187 187 187 187 187 187 187 187 185 188 186 185 190 185 186 189 185 187 190 186 187 187 187 187 187 187 187 187 187 187 187 187 187 187 187 187 185 194 184 187 187 185 185 189 184 188 187 187 187 187 187 187 187 187 187 187 187 187 187 
187 187 187 187 187 187 187 187 187 187 187 187 188 183 192 185 187 187 187 187 188 186 183 189 185 187 187 187 187 187 187 187 187 187 187 187 187 187 187 187 187 186 188 187 183 185 195 180 186 190 183 188 187 187 187 187 187 187 187 187 187 187 187 187 
187 187 187 187 187 187 187 187 187 187 187 187 181 194 183 186 188 186 187 187 187 186 186 190 185 187 187 187 187 187 187 187 187 187 187 187 187 187 187 187 187 186 186 186 186 185 185 192 185 186 189 183 188 187 187 187 187 187 187 187 187 187 187 187 
187 187 187 187 187 187 187 187 187 187 187 186 186 187 186 187 187 187 187 185 188 185 187 189 187 186 187 187 187 187 187 187 187 187 187 187 187 187 187 187 187 187 185 189 188 190 186 186 187 186 187 188 182 187 187 187 187 187 187 187 187 187 187 187 
187 187 187 187 187 187 187 187 187 187 188 180 194 183 186 188 187 187 185 188 187 186 187 185 186 189 187 186 187 187 187 187 187 187 187 187 187 187 187 187 188 187 186 187 191 186 186 188 187 187 186 188 191 180 188 187 187 187 187 187 187 187 187 187 
187 187 187 187 187 187 187 187 187 187 184 191 183 187 187 186 188 186 187 186 188 185 188 187 186 186 186 188 186 187 187 187 187 187 187 187 187 187 187 187 188 183 182 185 182 188 185 187 187 188 188 186 188 190 181 188 187 187 187 187 187 187 187 187 
187 187 187 187 187 187 187 187 187 188 182 192 184 187 188 187 185 188 186 186 189 185 187 186 186 188 186 188 186 187 187 187 187 187 187 187 187 187 187 187 175 194 190 188 189 187 187 186 186 187 186 187 185 190 183 187 187 187 187 187 187 187 187 187 
187 187 187 187 187 187 187 187 187 185 191 183 187 186 188 188 186 186 190 185 187 185 189 186 186 188 186 187 187 187 187 187 187 187 187 187 187 187 189 178 197 188 184 188 186 186 188 187 187 187 187 187 188 185 192 180 188 187 187 187 187 187 187 187 
187 187 187 187 187 187 187 187 187 182 192 184 188 184 189 186 188 186 186 187 188 186 187 186 187 186 188 186 187 187 187 187 186 187 187 187 187 188 185 190 185 185 187 189 186 186 185 188 188 187 187 188 187 186 192 181 188 187 187 187 187 187 187 187 
187 187 187 187 187 187 187 187 187 187 184 187 188 187 186 187 187 185 187 186 186 186 187 185 188 189 187 188 186 187 188 187 187 187 187 187 187 186 170 194 183 186 187 186 185 191 183 187 186 187 187 187 186 187 185 190 183 187 187 187 187 187 187 187 
187 187 187 187 187 187 187 187 186 189 182 187 188 186 186 190 186 189 187 187 187 186 189 187 187 188 187 186 182 188 189 188 189 185 188 189 181 183 197 188 187 187 188 187 187 187 188 184 188 187 188 186 187 187 184 194 179 188 187 187 187 187 187 187 
187 187 187 187 187 187 187 187 183 193 182 188 188 186 187 189 184 186 188 186 187 187 183 192 183 188 191 175 205 169 186 183 176 198 176 184 186 197 185 184 185 186 187 187 187 187 189 186 187 186 188 186 189 187 186 191 181 189 187 187 187 187 187 187 
187 187 187 187 187 187 187 188 183 191 186 185 188 186 185 190 181 188 187 187 186 186 186 186 190 178 181 189 187 189 201 174 194 189 189 181 194 182 184 188 188 187 186 188 188 184 187 190 180 185 188 185 188 187 187 188 184 188 187 187 187 187 187 187 
187 187 187 187 187 187 187 187 186 187 187 186 187 189 185 190 185 187 188 186 188 188 188 185 191 184 196 185 185 182 189 187 186 186 185 187 186 188 187 187 187 187 187 187 187 186 188 187 189 190 189 184 189 186 185 186 186 187 188 186 187 187 187 187 
187 187 187 187 187 187 187 185 191 183 187 188 186 185 188 189 183 187 187 186 185 187 187 186 175 195 184 186 188 187 186 188 186 188 186 187 186 186 187 186 188 188 185 188 185 187 186 187 186 187 187 183 189 187 186 188 186 186 188 186 187 187 187 187 
187 187 187 187 187 187 187 184 191 184 187 188 187 187 185 191 186 186 188 185 188 188 187 185 190 186 186 188 185 187 185 187 188 185 187 186 188 188 186 187 186 188 189 187 187 187 187 188 186 187 187 187 187 188 188 188 188 185 189 186 187 187 187 187 
187 187 187 187 187 187 188 184 189 187 187 187 186 187 183 190 186 186 188 185 186 188 188 181 191 186 187 188 186 190 186 185 187 188 187 186 186 185 186 187 186 188 184 188 186 187 186 187 187 188 187 187 187 188 184 188 187 184 189 186 187 187 187 187 
187 187 187 187 187 187 187 185 188 185 187 184 185 187 187 189 184 186 188 185 187 189 187 180 194 185 187 187 185 186 188 188 185 187 187 190 187 190 187 187 186 185 187 187 187 185 188 186 186 186 187 187 189 187 185 187 188 184 188 186 187 187 187 187 
187 187 187 187 187 187 187 188 184 187 187 187 190 187 186 188 185 188 188 186 186 187 185 189 187 186 187 189 185 187 185 191 187 185 187 186 185 186 187 187 188 187 188 188 187 187 188 187 188 187 189 185 185 187 187 187 187 186 188 186 187 187 187 187 
187 187 187 187 187 187 186 190 183 187 185 185 187 187 188 187 185 187 187 186 188 188 179 193 185 186 186 190 183 189 188 183 184 188 185 189 187 187 187 187 186 187 187 184 186 187 188 187 186 188 186 186 188 187 185 189 184 187 188 186 187 187 187 187 
187 187 187 187 187 187 185 191 182 186 191 185 187 187 169 194 184 190 186 186 187 188 182 193 185 186 188 189 185 188 185 188 187 189 188 187 184 186 187 185 187 187 187 186 188 187 186 187 187 187 187 188 186 190 187 186 182 189 188 186 187 187 187 187 
187 187 187 187 187 187 185 191 183 187 188 188 186 193 174 196 184 189 185 186 188 185 187 188 185 187 187 187 183 184 188 188 186 187 187 187 188 188 187 188 187 189 187 187 186 187 186 187 186 187 188 186 187 188 181 191 184 188 188 186 187 187 187 187 
187 187 187 187 187 187 185 190 183 186 187 185 185 190 185 191 185 188 186 187 188 183 189 188 186 186 188 188 189 188 191 180 187 187 186 188 184 187 187 187 186 186 188 186 188 187 187 187 187 188 186 188 186 190 184 188 182 188 187 186 187 187 187 187 
187 187 187 187 187 187 185 191 183 187 188 187 185 185 184 190 185 186 187 187 186 190 186 189 186 187 186 188 186 187 193 187 186 188 187 190 184 187 186 188 186 186 188 186 186 187 187 187 186 185 186 184 185 190 182 190 181 189 187 186 187 187 187 187 
187 187 187 187 187 187 186 189 184 187 187 187 187 187 186 190 185 188 186 187 185 186 186 187 187 186 188 188 184 181 184 185 187 186 184 185 188 187 186 184 188 186 187 187 187 187 186 186 187 188 190 188 186 192 183 191 181 189 188 186 187 187 187 187 
187 187 187 187 187 187 187 189 185 186 190 186 187 187 185 190 185 186 187 187 187 186 186 188 188 185 187 187 186 189 192 187 186 188 187 188 186 187 188 186 188 189 187 187 186 187 189 189 187 185 187 185 186 190 183 192 180 189 187 187 187 187 187 187 
187 187 187 187 187 188 188 184 187 186 186 186 186 189 183 192 184 186 186 187 187 188 187 185 189 186 186 189 184 188 184 186 187 186 188 185 187 188 187 187 186 185 186 186 188 188 184 182 189 185 188 187 186 188 182 193 178 189 187 187 187 187 187 187 
187 187 187 187 187 187 188 182 190 186 187 189 187 186 180 191 187 186 187 187 186 187 187 183 190 186 187 189 185 186 189 187 188 188 186 188 186 188 186 187 187 187 188 186 186 186 188 188 187 185 187 187 188 187 185 198 176 188 187 187 187 187 187 187 
187 187 187 187 187 187 188 182 193 185 187 185 188 188 183 191 187 186 186 188 185 187 189 182 190 186 186 187 189 182 191 187 188 187 188 189 187 188 188 186 186 188 188 185 187 187 187 187 189 185 188 187 187 185 190 185 184 187 187 187 187 187 187 187 
187 187 187 187 187 187 187 183 192 183 186 188 186 187 184 189 185 188 187 187 187 184 188 187 187 187 186 188 185 185 183 183 182 187 184 182 187 186 186 185 185 189 188 187 187 187 186 188 185 187 187 187 185 186 192 177 190 187 187 187 187 187 187 187 
187 187 187 187 187 187 187 186 190 183 189 187 186 186 189 185 186 186 187 187 187 183 190 185 187 187 186 187 185 192 196 201 189 186 191 202 156 201 188 185 189 188 182 187 187 187 187 189 183 188 187 188 186 186 192 181 188 187 187 187 187 187 187 187 
187 187 187 187 187 187 187 188 182 190 185 186 187 187 188 186 188 187 186 187 187 188 193 183 184 189 183 184 199 180 173 170 176 204 174 165 189 174 191 186 184 186 187 188 188 187 186 188 185 187 187 188 185 187 186 186 187 187 187 187 187 187 187 187 
187 187 187 187 187 187 187 188 179 198 182 185 187 188 185 187 185 187 186 187 189 177 192 183 189 184 200 195 163 193 186 190 187 174 183 199 184 189 171 205 184 186 188 186 187 187 187 188 185 189 186 187 183 196 175 190 187 187 187 187 187 187 187 187 
187 187 187 187 187 187 187 187 184 190 183 187 187 188 186 186 188 187 186 188 190 173 197 183 184 195 166 178 182 197 184 186 181 199 187 181 188 189 188 161 201 183 187 187 186 187 187 187 187 187 186 187 184 196 176 189 187 187 187 187 187 187 187 187 
187 187 187 187 187 187 187 187 189 180 191 186 186 187 188 187 187 187 185 188 188 183 193 184 182 204 175 191 182 196 184 185 192 177 185 186 187 186 188 183 180 197 178 187 186 190 186 187 186 187 187 186 188 187 184 188 187 187 187 187 187 187 187 187 
187 187 187 187 187 187 187 187 188 175 200 182 186 187 186 186 186 186 189 185 189 185 190 186 189 179 186 189 186 185 186 185 186 188 187 187 186 187 187 189 180 186 194 186 187 186 187 188 187 188 187 186 191 181 188 187 187 187 187 187 187 187 187 187 
187 187 187 187 187 187 187 187 187 182 194 183 186 187 187 185 188 187 185 187 187 175 198 182 192 168 191 189 186 187 187 187 187 187 187 187 187 187 187 187 189 187 171 186 187 187 185 189 185 188 186 187 196 177 189 187 187 187 187 187 187 187 187 187 
187 187 187 187 187 187 187 187 187 188 180 191 185 187 186 187 186 188 184 191 187 188 176 191 184 187 188 188 186 187 187 187 187 187 187 187 187 187 187 187 187 187 190 190 185 188 185 187 186 187 186 185 191 179 189 187 187 187 187 187 187 187 187 187 
187 187 187 187 187 187 187 187 187 187 181 195 183 186 186 188 185 187 186 186 186 190 179 194 188 178 188 188 186 187 187 187 187 187 187 187 187 187 187 186 187 189 171 201 183 188 186 195 192 189 187 181 190 186 188 187 187 187 187 187 187 187 187 187 
187 187 187 187 187 187 187 187 187 187 188 182 192 184 187 187 187 189 186 187 187 189 188 170 210 180 188 188 186 187 187 187 187 187 187 187 187 187 187 186 187 188 187 178 193 186 182 178 186 183 190 189 185 187 187 187 187 187 187 187 187 187 187 187 
187 187 187 187 187 187 187 187 187 187 187 181 193 183 188 185 188 189 189 189 181 169 189 185 174 180 189 187 186 187 187 187 187 187 187 187 187 187 187 187 187 187 188 181 182 182 188 185 181 178 177 197 179 188 187 187 187 187 187 187 187 187 187 187 
187 187 187 187 187 187 187 187 187 187 187 187 184 190 186 187 188 183 173 172 193 205 184 184 189 187 188 188 187 187 187 187 187 187 187 187 187 187 187 187 187 187 188 179 200 187 183 195 199 196 191 182 187 187 187 187 187 187 187 187 187 187 187 187 
187 187 187 187 187 187 187 187 187 187 187 188 180 195 185 183 174 188 204 199 188 167 187 187 187 187 187 187 187 187 187 187 187 187 187 187 187 187 187 187 187 187 188 186 195 185 191 181 177 180 185 187 187 187 187 187 187 187 187 187 187 187 187 187 
187 187 187 187 187 187 187 187 187 187 187 187 188 180 193 189 196 193 157 187 171 189 187 187 187 187 187 187 187 187 187 187 187 187 187 187 187 187 187 187 187 186 188 184 181 183 184 188 188 187 187 187 187 187 187 187 187 187 187 187 187 187 187 187 
187 187 187 187 187 187 187 187 187 187 187 187 187 186 189 172 182 191 183 188 189 188 188 188 187 187 187 187 187 187 187 187 187 187 187 187 187 187 187 187 187 187 187 187 188 187 187 188 187 187 187 187 187 187 187 187 187 187 187 187 187 187 187 187 
187 187 187 187 187 187 187 187 187 187 187 187 187 187 186 187 188 188 188 188 188 188 188 187 187 187 187 187 187 187 187 187 187 187 187 187 187 187 187 187 187 187 187 187 187 187 187 187 187 187 187 187 187 187 187 187 187 187 187 187 187 187 187 187 
187 187 187 187 187 187 187 187 187 187 187 187 187 187 188 187 187 187 188 188 187 186 187 187 187 187 187 187 187 187 187 187 187 187 187 187 187 187 187 187 187 187 187 187 187 187 187 187 187 187 187 187 187 187 187 187 187 187 187 187 187 187 187 187 
187 187 187 187 187 187 187 187 187 187 187 187 187 187 187 187 187 187 187 187 187 187 187 187 187 187 187 187 187 187 187 187 187 187 187 187 187 187 187 187 187 187 187 187 187 187 187 187 187 187 187 187 187 187 187 187 187 187 187 187 187 187 187 187 
187 187 187 187 187 187 187 187 187 187 187 187 187 187 187 187 187 187 187 187 187 187 187 187 187 187 187 187 187 187 187 187 187 187 187 187 187 187 187 187 187 187 187 187 187 187 187 187 187 187 187 187 187 187 187 187 187 187 187 187 187 187 187 187 
187 187 187 187 187 187 187 187 187 187 187 187 187 187 187 187 187 187 187 187 187 187 187 187 187 187 187 187 187 187 187 187 187 187 187 187 187 187 187 187 187 187 187 187 187 187 187 187 187 187 187 187 187 187 187 187 187 187 187 187 187 187 187 187 
187 187 187 187 187 187 187 187 187 187 187 187 187 187 187 187 187 187 187 187 187 187 187 187 187 187 187 187 187 187 187 187 187 187 187 187 187 187 187 187 187 187 187 187 187 187 187 187 187 187 187 187 187 187 187 187 187 187 187 187 187 187 187 187 
187 187 187 187 187 187 187 187 187 187 187 187 187 187 187 187 187 187 187 187 187 187 187 187 187 187 187 187 187 187 187 187 187 187 187 187 187 187 187 187 187 187 187 187 187 187 187 187 187 187 187 187 187 187 187 187 187 187 187 187 187 187 187 187 
187 187 187 187 187 187 187 187 187 187 187 187 187 187 187 187 187 187 187 187 187 187 187 187 187 187 187 187 187 187 187 187 187 187 187 187 187 187 187 187 187 187 187 187 187 187 187 187 187 187 187 187 187 187 187 187 187 187 187 187 187 187 187 187 
