187 187 187 187 187 187 187 187 187 187 187 187 187 187 187 187 187 187 187 187 187 187 187 187 187 187 187 187 187 187 187 187 187 187 187 187 187 187 187 187 187 187 187 187 187 187 187 187 187 187 187 187 187 187 187 187 187 187 187 187 187 187 187 187 
187 187 187 187 187 187 187 187 187 187 187 187 187 187 187 187 187 187 187 187 187 187 187 187 187 187 187 187 187 187 187 187 187 187 187 187 187 187 187 187 187 187 187 187 187 187 187 187 187 187 187 187 187 187 187 187 187 187 187 187 187 187 187 187 
187 187 187 187 187 187 187 187 187 187 187 187 187 187 187 187 187 187 187 187 187 187 187 187 187 187 187 187 187 187 187 187 187 187 187 187 187 187 187 187 187 187 187 187 187 187 187 187 187 187 187 187 187 187 187 187 187 187 187 187 187 187 187 187 
187 187 187 187 187 187 187 187 187 187 187 187 187 187 187 187 187 187 187 187 187 187 187 187 187 187 187 187 187 187 187 187 187 187 187 187 187 187 187 187 187 187 187 187 187 187 187 187 187 187 187 187 187 187 187 187 187 187 187 187 187 187 187 187 
187 187 187 187 187 187 187 187 187 187 187 187 187 187 187 187 187 187 187 187 187 187 187 187 187 187 187 187 187 187 187 187 187 187 187 187 187 187 187 187 187 187 187 187 187 187 187 187 187 187 187 187 187 187 187 187 187 187 187 187 187 187 187 187 
187 187 187 187 187 187 187 187 187 187 187 187 187 187 187 187 187 187 187 187 187 187 187 187 187 187 187 187 187 187 187 187 187 187 187 187 187 187 187 187 187 187 187 187 187 187 187 187 187 187 187 187 187 187 187 187 187 187 187 187 187 187 187 187 
187 187 187 187 187 187 187 187 187 187 187 187 187 187 187 187 187 187 187 187 187 187 187 187 187 187 187 187 187 187 187 187 187 187 187 187 187 187 187 187 187 187 187 187 187 187 187 187 187 187 187 187 187 187 187 187 187 187 187 187 187 187 187 187 
187 187 187 187 187 187 187 187 187 187 187 187 187 187 187 187 187 187 187 187 187 187 187 187 187 187 187 187 187 187 187 187 187 187 187 187 187 187 187 187 187 187 187 187 187 187 187 187 187 187 187 187 187 187 187 187 187 187 187 187 187 187 187 187 
187 187 187 187 187 187 187 187 187 187 187 187 187 187 187 187 187 187 187 187 187 187 187 187 187 187 187 187 187 187 187 187 187 187 187 187 187 187 187 187 187 187 187 187 187 187 187 187 187 187 187 187 187 187 187 187 187 187 187 187 187 187 187 187 
187 187 187 187 187 187 187 187 187 187 187 187 187 187 187 187 187 187 187 187 187 187 187 187 187 187 187 187 187 187 187 187 187 186 186 187 187 187 187 187 187 187 187 187 187 187 187 187 187 187 187 187 187 187 187 187 187 187 187 187 187 187 187 187 
187 187 187 187 187 187 187 187 187 187 187 187 187 187 187 187 187 187 187 187 187 187 187 187 187 188 203 155 77 49 33 29 218 247 241 231 153 155 187 186 187 187 187 187 187 187 187 187 187 187 187 187 187 187 187 187 187 187 187 187 187 187 187 187 
187 187 187 187 187 187 187 187 187 187 187 187 187 187 187 187 187 187 187 187 187 187 187 157 85 96 207 44 0 0 0 0 43 247 255 255 95 0 112 135 157 187 187 187 187 187 187 187 187 187 187 187 187 187 187 187 187 187 187 187 187 187 187 187 
187 187 187 187 187 187 187 187 187 187 187 187 187 187 187 187 187 187 187 187 186 204 218 22 0 0 0 0 6 19 0 0 0 172 255 255 110 0 2 38 42 72 149 187 187 187 187 187 187 187 187 187 187 187 187 187 187 187 187 187 187 187 187 187 
187 187 187 187 187 187 187 187 187 187 187 187 187 187 187 187 187 187 187 175 171 254 255 106 0 0 0 38 192 224 18 0 0 95 255 255 191 116 226 254 255 249 163 74 175 187 187 187 187 187 187 187 187 187 187 187 187 187 187 187 187 187 187 187 
187 187 187 187 187 187 187 187 187 187 187 187 187 187 187 187 187 187 142 22 25 234 255 59 0 0 0 215 255 255 183 0 0 150 255 255 255 255 255 255 255 255 249 26 22 142 187 187 187 187 187 187 187 187 187 187 187 187 187 187 187 187 187 187 
187 187 187 187 187 187 187 187 187 187 187 187 187 187 187 187 187 218 117 0 0 127 255 143 2 0 0 59 251 255 254 39 88 255 255 255 255 254 192 242 255 255 255 221 191 208 216 187 187 187 187 187 187 187 187 187 187 187 187 187 187 187 187 187 
187 187 187 187 187 187 187 187 187 187 187 187 187 187 187 187 222 255 247 16 0 129 255 255 86 0 0 32 241 255 164 0 22 246 255 203 232 136 0 38 202 173 135 184 255 255 255 206 187 187 187 187 187 187 187 187 187 187 187 187 187 187 187 187 
187 187 187 187 187 187 187 187 187 187 187 187 187 187 187 142 252 255 255 40 0 211 255 255 225 151 181 245 255 255 171 11 73 243 111 0 6 140 180 223 53 0 0 0 46 123 254 224 179 186 187 187 187 187 187 187 187 187 187 187 187 187 187 187 
187 187 187 187 187 187 187 187 187 187 187 187 187 187 142 5 196 255 255 46 77 254 255 202 204 251 254 255 255 255 254 247 255 234 0 0 124 255 255 255 164 9 196 139 0 0 245 255 254 207 187 187 187 187 187 187 187 187 187 187 187 187 187 187 
187 187 187 187 187 187 187 187 187 187 187 187 187 194 66 5 219 255 255 182 229 255 228 17 0 23 215 255 255 255 255 255 255 186 0 0 216 255 255 255 248 117 255 237 6 0 216 255 255 249 193 187 187 187 187 187 187 187 187 187 187 187 187 187 
187 187 187 187 187 187 187 187 187 187 187 187 187 101 4 48 137 175 176 92 237 255 113 0 0 114 255 255 255 255 255 255 255 185 0 0 164 247 251 255 255 255 255 255 140 23 204 255 255 255 222 187 187 187 187 187 187 187 187 187 187 187 187 187 
187 187 187 187 187 187 187 187 187 187 187 187 148 2 0 0 0 0 0 0 101 255 166 0 0 170 255 255 218 254 255 255 255 162 0 0 41 255 255 255 255 255 255 255 255 253 239 59 142 226 42 149 187 187 187 187 187 187 187 187 187 187 187 187 
187 187 187 187 187 187 187 187 187 187 187 187 224 186 133 17 0 12 81 88 100 255 251 42 0 182 255 245 11 199 255 255 217 16 0 0 37 254 255 255 255 252 240 255 255 255 239 44 125 168 0 54 187 187 187 187 187 187 187 187 187 187 187 187 
187 187 187 187 187 187 187 187 187 187 187 202 254 255 255 251 249 251 255 255 255 255 255 86 0 172 255 211 0 77 253 255 83 0 0 0 2 192 254 255 238 62 3 129 255 255 255 255 255 254 68 1 157 187 187 187 187 187 187 187 187 187 187 187 
187 187 187 187 187 187 187 187 187 187 187 228 255 255 255 255 255 255 255 255 255 255 189 7 0 171 255 226 0 0 99 255 171 97 42 25 0 0 39 43 14 0 0 0 248 255 253 255 255 255 115 0 120 186 187 187 187 187 187 187 187 187 187 187 
187 187 187 187 187 187 187 187 187 187 185 174 255 199 200 255 255 242 243 255 255 253 33 0 0 110 255 238 0 0 51 255 255 255 255 253 221 25 0 0 0 72 182 187 226 152 35 191 255 255 59 47 248 188 187 187 187 187 187 187 187 187 187 187 
187 187 187 187 187 187 187 187 187 187 155 146 255 138 0 89 94 8 9 103 231 195 0 0 0 48 255 254 38 0 126 255 255 200 87 192 255 128 0 0 5 221 255 252 32 0 0 29 253 255 209 203 255 203 187 187 187 187 187 187 187 187 187 187 
187 187 187 187 187 187 187 187 187 187 144 232 255 220 0 0 0 0 0 3 30 12 0 0 0 39 255 255 123 0 132 253 244 18 0 9 213 226 68 77 175 255 255 247 16 0 0 43 254 255 255 227 119 165 187 187 187 187 187 187 187 187 187 187 
187 187 187 187 187 187 187 187 187 187 231 255 255 196 0 0 120 242 233 247 237 20 0 22 108 194 255 255 254 193 0 52 253 147 10 0 153 255 255 255 255 255 255 255 208 119 70 172 255 255 250 62 0 77 187 187 187 187 187 187 187 187 187 187 
187 187 187 187 187 187 187 187 187 186 241 254 255 233 47 0 167 255 255 255 255 150 97 238 255 255 188 213 255 243 3 91 255 255 215 111 230 255 255 255 252 173 134 240 255 255 255 255 255 235 78 0 8 137 186 187 187 187 187 187 187 187 187 187 
187 187 187 187 187 187 187 187 187 187 102 124 255 255 247 26 2 189 255 255 255 255 255 255 255 216 20 234 255 255 145 198 255 255 255 255 255 255 242 159 61 0 0 66 252 255 255 174 66 13 0 60 240 247 186 187 187 187 187 187 187 187 187 187 
187 187 187 187 187 187 187 187 187 187 27 66 255 255 255 86 0 108 255 255 255 255 255 255 216 27 3 225 255 255 248 83 217 255 255 255 255 255 133 0 0 0 0 0 165 255 233 10 0 0 0 110 254 228 186 187 187 187 187 187 187 187 187 187 
187 187 187 187 187 187 187 187 187 187 27 7 225 255 255 142 16 180 255 250 90 187 255 255 158 2 0 84 254 255 184 0 4 52 66 247 255 255 114 0 0 0 0 0 60 255 214 0 0 0 0 25 61 27 187 187 187 187 187 187 187 187 187 187 
187 187 187 187 187 187 187 187 187 187 43 0 76 247 255 254 250 255 255 161 0 70 255 255 255 87 0 0 189 255 127 0 0 0 4 237 255 255 129 11 182 223 72 0 59 255 255 153 23 8 8 0 0 33 187 187 187 187 187 187 187 187 187 187 
187 187 187 187 187 187 187 187 187 186 120 0 0 119 255 255 255 255 243 30 0 48 255 255 255 182 0 0 99 255 185 5 0 0 64 255 255 255 238 219 255 255 248 120 199 255 255 255 252 250 250 183 102 114 187 187 187 187 187 187 187 187 187 187 
187 187 187 187 187 187 187 187 187 187 220 76 7 182 255 255 255 254 106 0 0 61 255 255 255 188 0 0 114 255 255 111 0 0 124 255 255 255 255 255 255 255 255 255 242 102 190 255 255 255 255 255 255 231 187 187 187 187 187 187 187 187 187 187 
187 187 187 187 187 187 187 187 187 187 218 254 249 255 255 255 227 98 0 0 0 105 255 249 144 11 0 0 151 255 255 120 0 0 199 255 255 255 255 255 202 89 64 246 169 0 8 195 255 255 244 193 254 218 187 187 187 187 187 187 187 187 187 187 
187 187 187 187 187 187 187 187 187 187 203 255 255 255 236 106 6 0 0 0 0 165 249 39 0 0 9 41 66 203 174 13 0 71 254 255 255 251 230 116 3 0 0 200 138 0 0 9 122 157 24 0 109 202 187 187 187 187 187 187 187 187 187 187 
187 187 187 187 187 187 187 187 187 187 188 250 255 194 9 24 0 0 0 92 180 253 255 115 0 0 193 254 76 0 0 0 0 190 255 255 191 11 0 0 0 0 62 252 230 28 0 0 0 0 0 0 22 185 187 187 187 187 187 187 187 187 187 187 
187 187 187 187 187 187 187 187 187 187 186 229 175 22 194 253 116 0 0 172 255 255 255 237 0 7 250 255 134 0 0 0 64 253 255 255 179 0 17 43 5 6 219 255 255 188 26 31 171 86 0 0 89 187 187 187 187 187 187 187 187 187 187 187 
187 187 187 187 187 187 187 187 187 187 187 202 38 83 254 255 226 0 17 241 255 255 255 144 0 36 254 255 131 0 0 0 25 153 249 255 250 171 245 255 236 197 255 255 255 255 253 253 255 155 0 2 157 187 187 187 187 187 187 187 187 187 187 187 
187 187 187 187 187 187 187 187 187 187 187 187 226 253 255 255 205 0 107 255 255 255 255 69 4 129 255 255 101 0 0 0 0 0 137 255 219 229 255 255 255 255 255 255 234 236 239 80 88 197 175 205 187 187 187 187 187 187 187 187 187 187 187 187 
187 187 187 187 187 187 187 187 187 187 187 187 204 254 255 251 57 0 158 255 236 189 253 246 236 255 252 154 6 0 0 36 150 214 254 179 4 7 103 211 253 255 255 253 60 10 25 0 0 185 254 204 187 187 187 187 187 187 187 187 187 187 187 187 
187 187 187 187 187 187 187 187 187 187 187 187 186 233 255 150 0 0 163 255 48 0 184 255 255 242 63 0 0 0 0 206 255 255 255 82 0 0 0 0 27 135 255 200 0 0 110 140 183 255 233 186 187 187 187 187 187 187 187 187 187 187 187 187 
187 187 187 187 187 187 187 187 187 187 187 187 187 192 98 0 0 0 197 255 157 53 141 255 255 172 0 0 0 0 0 225 255 252 162 8 0 0 0 0 0 4 218 154 0 55 254 255 255 249 193 187 187 187 187 187 187 187 187 187 187 187 187 187 
187 187 187 187 187 187 187 187 187 187 187 187 187 187 142 26 11 0 212 255 255 254 104 118 234 192 0 0 43 174 64 71 164 62 0 0 178 189 58 0 0 0 149 236 65 15 186 255 254 207 187 187 187 187 187 187 187 187 187 187 187 187 187 187 
187 187 187 187 187 187 187 187 187 187 187 187 187 187 187 218 248 122 31 214 255 254 57 0 55 244 32 0 191 255 139 0 0 0 0 0 101 255 252 126 8 9 221 255 236 7 4 133 217 186 187 187 187 187 187 187 187 187 187 187 187 187 187 187 
187 187 187 187 187 187 187 187 187 187 187 187 187 187 187 187 222 142 0 15 200 239 0 0 69 255 222 36 172 240 68 0 0 0 0 0 0 157 255 255 227 214 255 255 255 201 161 115 186 187 187 187 187 187 187 187 187 187 187 187 187 187 187 187 
187 187 187 187 187 187 187 187 187 187 187 187 187 187 187 187 187 129 5 0 130 254 72 4 202 255 255 164 0 0 0 0 0 0 0 0 0 35 254 255 255 255 255 255 255 254 218 187 187 187 187 187 187 187 187 187 187 187 187 187 187 187 187 187 
187 187 187 187 187 187 187 187 187 187 187 187 187 187 187 187 187 187 142 41 224 255 154 79 255 255 255 162 0 0 0 0 0 0 0 0 0 16 250 255 255 255 245 176 193 207 186 187 187 187 187 187 187 187 187 187 187 187 187 187 187 187 187 187 
187 187 187 187 187 187 187 187 187 187 187 187 187 187 187 187 187 187 187 193 233 251 73 99 255 255 255 97 0 32 178 215 77 0 0 0 0 0 134 213 176 117 20 73 175 187 187 187 187 187 187 187 187 187 187 187 187 187 187 187 187 187 187 187 
187 187 187 187 187 187 187 187 187 187 187 187 187 187 187 187 187 187 187 187 186 169 54 53 255 255 247 16 0 166 255 255 252 89 0 0 0 0 0 0 1 54 149 187 187 187 187 187 187 187 187 187 187 187 187 187 187 187 187 187 187 187 187 187 
187 187 187 187 187 187 187 187 187 187 187 187 187 187 187 187 187 187 187 187 187 187 187 158 210 229 133 0 0 158 255 255 255 245 41 0 0 0 22 85 157 187 187 187 187 187 187 187 187 187 187 187 187 187 187 187 187 187 187 187 187 187 187 187 
187 187 187 187 187 187 187 187 187 187 187 187 187 187 187 187 187 187 187 187 187 187 187 187 187 184 155 113 77 74 228 250 250 247 230 165 198 187 185 187 187 187 187 187 187 187 187 187 187 187 187 187 187 187 187 187 187 187 187 187 187 187 187 187 
187 187 187 187 187 187 187 187 187 187 187 187 187 187 187 187 187 187 187 187 187 187 187 187 187 187 187 187 187 187 186 186 186 186 186 187 187 187 187 187 187 187 187 187 187 187 187 187 187 187 187 187 187 187 187 187 187 187 187 187 187 187 187 187 
187 187 187 187 187 187 187 187 187 187 187 187 187 187 187 187 187 187 187 187 187 187 187 187 187 187 187 187 187 187 187 187 187 187 187 187 187 187 187 187 187 187 187 187 187 187 187 187 187 187 187 187 187 187 187 187 187 187 187 187 187 187 187 187 
187 187 187 187 187 187 187 187 187 187 187 187 187 187 187 187 187 187 187 187 187 187 187 187 187 187 187 187 187 187 187 187 187 187 187 187 187 187 187 187 187 187 187 187 187 187 187 187 187 187 187 187 187 187 187 187 187 187 187 187 187 187 187 187 
187 187 187 187 187 187 187 187 187 187 187 187 187 187 187 187 187 187 187 187 187 187 187 187 187 187 187 187 187 187 187 187 187 187 187 187 187 187 187 187 187 187 187 187 187 187 187 187 187 187 187 187 187 187 187 187 187 187 187 187 187 187 187 187 
187 187 187 187 187 187 187 187 187 187 187 187 187 187 187 187 187 187 187 187 187 187 187 187 187 187 187 187 187 187 187 187 187 187 187 187 187 187 187 187 187 187 187 187 187 187 187 187 187 187 187 187 187 187 187 187 187 187 187 187 187 187 187 187 
187 187 187 187 187 187 187 187 187 187 187 187 187 187 187 187 187 187 187 187 187 187 187 187 187 187 187 187 187 187 187 187 187 187 187 187 187 187 187 187 187 187 187 187 187 187 187 187 187 187 187 187 187 187 187 187 187 187 187 187 187 187 187 187 
187 187 187 187 187 187 187 187 187 187 187 187 187 187 187 187 187 187 187 187 187 187 187 187 187 187 187 187 187 187 187 187 187 187 187 187 187 187 187 187 187 187 187 187 187 187 187 187 187 187 187 187 187 187 187 187 187 187 187 187 187 187 187 187 
187 187 187 187 187 187 187 187 187 187 187 187 187 187 187 187 187 187 187 187 187 187 187 187 187 187 187 187 187 187 187 187 187 187 187 187 187 187 187 187 187 187 187 187 187 187 187 187 187 187 187 187 187 187 187 187 187 187 187 187 187 187 187 187 
187 187 187 187 187 187 187 187 187 187 187 187 187 187 187 187 187 187 187 187 187 187 187 187 187 187 187 187 187 187 187 187 187 187 187 187 187 187 187 187 187 187 187 187 187 187 187 187 187 187 187 187 187 187 187 187 187 187 187 187 187 187 187 187 
187 187 187 187 187 187 187 187 187 187 187 187 187 187 187 187 187 187 187 187 187 187 187 187 187 187 187 187 187 187 187 187 187 187 187 187 187 187 187 187 187 187 187 187 187 187 187 187 187 187 187 187 187 187 187 187 187 187 187 187 187 187 187 187 
