187 187 187 187 187 187 187 187 187 187 187 187 187 187 187 187 187 187 187 187 187 187 187 187 187 187 187 187 187 187 187 187 186 186 187 187 187 187 187 187 187 187 187 187 187 187 187 187 187 187 187 187 187 187 187 187 187 187 187 187 187 187 187 187 
187 187 187 187 187 187 187 187 187 187 187 187 187 187 187 187 187 187 187 187 187 187 187 187 188 185 188 184 190 183 188 187 186 192 182 187 186 187 187 186 187 187 187 187 187 187 187 187 187 187 187 187 187 187 187 187 187 187 187 187 187 187 187 187 
187 187 187 187 187 187 187 187 187 187 187 187 187 187 187 187 187 187 187 187 186 188 188 185 187 187 191 186 187 189 186 190 181 188 186 192 185 187 188 188 187 187 187 187 187 187 187 187 187 187 187 187 187 187 187 187 187 187 187 187 187 187 187 187 
187 187 187 187 187 187 187 187 187 187 187 187 187 187 187 187 187 187 187 188 184 188 181 191 185 186 183 187 187 186 183 186 187 189 183 184 187 186 187 182 187 187 187 186 185 187 187 187 187 187 187 187 187 187 187 187 187 187 187 187 187 187 187 187 
187 187 187 187 187 187 187 187 187 187 187 187 187 187 187 187 187 187 187 185 188 190 188 188 186 189 190 184 188 185 193 186 189 185 192 186 189 182 190 188 189 186 186 192 186 188 185 187 187 187 187 187 187 187 187 187 187 187 187 187 187 187 187 187 
187 187 187 187 187 187 187 187 187 187 187 187 187 187 187 187 184 186 187 189 188 181 187 184 187 185 183 190 186 189 181 185 187 184 187 183 189 189 185 186 181 189 183 186 187 186 191 184 187 186 187 187 187 187 187 187 187 187 187 187 187 187 187 187 
187 187 187 187 187 187 187 187 187 187 187 187 187 187 187 188 189 186 188 182 187 189 188 189 186 190 187 185 183 187 188 191 184 192 184 191 182 185 186 190 190 187 188 188 187 184 186 184 192 185 188 187 187 187 187 187 187 187 187 187 187 187 187 187 
187 187 187 187 187 187 187 187 187 187 187 187 188 185 187 185 186 185 189 189 190 182 189 182 189 183 188 188 190 188 185 185 188 183 189 184 191 188 188 185 183 188 184 187 188 188 191 185 185 185 185 187 187 187 187 187 187 187 187 187 187 187 187 187 
187 187 187 187 187 187 187 187 187 187 187 186 187 185 190 185 189 185 184 185 182 192 182 191 185 187 187 183 185 183 189 187 187 188 186 185 186 181 188 185 190 185 187 188 181 189 180 189 186 189 187 186 187 187 187 187 187 187 187 187 187 187 187 187 
187 187 187 187 187 187 187 187 187 186 187 187 188 187 188 185 188 189 185 194 183 192 183 190 184 189 188 187 190 188 185 189 184 189 185 190 188 188 190 184 189 186 187 188 187 190 186 190 185 186 189 184 189 186 187 187 187 187 187 187 187 187 187 187 
187 187 187 187 187 187 187 187 186 187 186 186 188 181 190 184 187 184 187 185 186 185 187 182 191 179 190 182 188 184 186 186 183 189 182 186 186 185 186 185 187 184 188 185 185 187 186 185 186 186 185 187 185 186 187 187 187 187 187 187 187 187 187 187 
187 187 187 187 187 187 187 187 187 188 183 189 186 189 189 184 193 185 187 187 186 189 188 189 187 187 192 181 190 185 188 191 184 191 183 193 182 187 190 184 192 185 189 188 187 187 183 190 188 187 191 183 191 186 186 186 187 187 187 187 187 187 187 187 
187 187 187 187 187 187 187 186 186 188 189 187 187 183 186 188 181 190 185 192 184 189 181 188 185 186 183 192 185 190 183 186 185 186 186 184 192 187 186 186 183 187 185 187 185 189 190 184 186 184 185 187 186 185 190 187 187 187 187 187 187 187 187 187 
187 187 187 187 187 187 187 186 189 183 184 184 187 189 188 183 193 184 186 182 185 188 188 189 184 190 188 181 187 183 190 187 189 184 190 186 184 181 190 186 190 188 184 191 184 186 180 191 187 189 188 186 187 188 181 186 185 188 187 187 187 187 187 187 
187 187 187 187 187 187 187 184 187 190 189 191 185 185 187 189 184 186 192 188 191 184 186 185 190 184 186 192 189 189 186 184 187 187 187 185 193 190 186 188 183 188 187 187 186 190 193 182 189 184 187 189 185 189 188 194 183 187 187 187 187 187 187 187 
187 187 187 187 187 186 186 190 184 187 180 188 182 193 181 187 187 187 182 184 185 186 189 185 184 190 185 184 181 189 183 191 183 186 186 189 180 185 185 189 186 188 183 187 189 178 187 183 192 182 190 182 187 188 180 184 187 189 186 187 187 187 187 187 
187 187 187 187 187 188 191 183 188 190 188 190 186 184 191 187 188 184 193 187 189 187 184 189 190 184 188 188 192 185 189 185 188 191 184 186 192 188 188 185 188 187 190 187 183 193 188 187 186 187 188 188 187 186 189 193 182 189 186 187 187 187 187 187 
187 187 187 187 187 185 183 189 187 183 189 180 191 184 186 181 189 188 182 188 183 188 187 184 183 188 189 183 186 187 186 187 186 180 191 185 187 182 189 185 186 186 181 190 187 185 182 190 184 187 183 186 185 190 183 183 190 185 187 186 187 187 187 187 
187 187 187 187 187 190 190 187 184 191 182 190 185 185 192 188 186 185 186 189 181 194 178 195 187 186 186 186 189 184 188 188 185 196 180 188 186 186 188 184 192 184 192 185 181 192 183 188 186 188 191 185 191 177 192 186 186 187 189 187 187 187 187 187 
187 187 187 188 187 185 180 192 183 190 189 186 189 186 186 181 190 188 186 190 188 185 190 180 187 184 193 183 191 188 185 189 182 186 186 191 185 188 189 185 187 184 185 188 191 185 188 189 186 185 186 185 187 192 186 187 188 188 181 189 185 187 187 187 
187 187 187 185 186 189 188 186 184 188 180 187 186 184 192 187 187 183 188 182 185 187 185 188 192 181 188 182 187 182 188 187 186 193 181 185 185 184 185 186 190 185 190 185 181 188 184 185 188 188 188 187 186 181 185 188 181 191 185 190 186 187 187 187 
187 187 187 187 190 183 186 188 187 189 190 189 186 190 184 185 188 189 186 194 185 191 184 190 180 192 187 189 190 190 184 189 185 185 188 190 188 189 191 184 187 187 184 190 189 189 187 190 186 184 190 183 190 189 190 186 191 183 187 184 190 186 187 187 
187 187 187 186 185 187 189 182 190 183 185 184 189 183 188 188 184 187 186 182 186 187 186 186 189 185 184 188 181 186 188 184 189 185 189 179 190 181 185 190 184 188 185 188 181 187 185 183 189 188 183 190 183 186 183 187 183 187 191 181 189 186 187 187 
187 187 186 185 192 182 191 186 186 188 188 190 182 191 186 185 192 182 191 187 190 183 190 187 186 188 189 184 192 186 186 188 188 186 187 189 186 189 189 183 188 189 185 188 187 187 188 188 186 184 192 184 186 191 184 192 183 190 182 192 187 185 187 187 
187 186 189 188 184 188 183 187 187 189 181 190 186 188 182 190 181 191 186 184 188 188 187 183 188 186 186 192 180 191 186 188 182 189 186 187 188 186 183 193 183 186 186 187 188 184 191 179 194 182 185 186 187 187 185 188 185 187 189 179 190 188 187 187 
187 187 184 183 190 185 191 187 183 186 187 186 183 188 189 185 191 181 186 188 184 185 187 191 186 187 186 181 191 184 184 188 189 187 185 186 184 186 189 181 190 189 186 186 184 187 184 189 183 187 192 184 185 186 184 188 185 187 185 192 186 182 187 187 
187 186 191 189 187 186 185 185 192 188 188 187 194 181 189 182 188 189 189 187 187 193 183 185 187 185 192 188 189 186 193 184 184 186 189 187 193 184 190 188 187 181 187 191 185 194 183 190 187 188 180 189 190 188 189 188 186 189 187 182 187 191 188 187 
187 186 185 182 187 189 186 191 179 186 186 183 183 187 190 187 187 185 179 192 179 187 184 192 186 187 184 182 188 186 180 191 187 189 182 186 182 186 187 181 190 190 186 184 183 184 185 188 183 187 193 183 185 181 187 182 189 182 188 190 187 181 186 187 
187 186 192 188 188 185 184 188 187 193 181 193 189 185 187 183 189 188 191 185 188 193 184 184 188 184 194 186 190 185 191 188 178 193 182 194 187 187 189 188 190 178 190 188 188 191 185 188 190 185 185 184 194 186 190 189 183 193 182 187 184 194 187 187 
187 186 186 183 187 189 186 189 181 185 190 182 186 185 190 186 188 183 185 188 186 180 191 184 191 182 188 182 189 186 182 188 189 186 186 184 185 187 187 183 187 191 185 185 186 183 188 186 184 187 190 187 181 188 183 188 185 185 185 192 184 186 184 187 
187 186 188 187 188 184 189 184 190 188 181 190 187 187 186 186 187 188 187 186 183 195 179 191 182 190 186 189 184 186 191 186 183 189 186 188 188 183 188 188 188 183 187 190 183 191 183 187 190 186 186 184 192 183 188 186 186 189 189 180 191 184 190 186 
187 189 185 186 188 185 189 186 187 185 193 185 186 188 186 187 187 187 186 191 187 184 188 187 185 189 185 189 188 189 183 187 190 182 191 183 190 188 189 185 184 192 183 189 187 187 190 187 185 185 189 187 184 191 186 189 189 182 189 185 191 181 190 187 
186 185 186 185 187 185 189 184 188 185 180 187 185 187 187 187 187 183 189 178 189 184 189 184 190 184 187 184 183 184 189 186 187 187 186 184 186 183 184 189 186 187 187 187 183 185 185 182 191 186 186 188 184 187 180 190 179 193 185 186 186 187 185 186 
187 189 189 187 190 183 186 189 184 192 187 193 182 192 183 187 188 187 189 191 189 187 187 187 184 189 188 189 190 190 184 190 183 188 185 192 186 191 189 185 186 187 186 188 191 187 192 186 189 181 191 183 189 190 188 190 187 187 184 188 189 185 191 187 
187 183 186 185 185 190 187 186 186 185 184 184 188 184 189 189 184 187 183 185 183 188 185 188 189 184 184 186 182 186 186 187 187 188 186 182 187 183 185 188 186 188 187 186 182 185 185 183 188 188 187 188 185 183 184 185 185 186 191 184 189 184 185 186 
187 189 187 187 191 181 187 186 188 188 190 186 190 184 190 178 193 184 189 190 185 191 184 188 183 187 193 182 195 183 190 185 186 185 187 190 188 185 193 181 191 183 186 190 185 193 181 195 181 188 186 184 190 188 188 187 187 189 182 189 185 188 189 187 
187 185 189 185 184 192 185 189 183 188 186 186 188 183 190 189 184 189 183 190 182 190 184 189 189 184 186 187 186 187 184 189 185 191 184 186 187 186 186 186 188 187 189 185 184 188 187 185 187 187 188 188 187 182 190 185 188 184 190 186 188 186 185 187 
187 186 187 185 189 184 183 191 183 190 180 189 185 188 185 183 190 186 185 186 184 189 186 186 185 186 191 180 188 185 186 190 180 190 182 193 181 186 188 184 190 182 187 187 188 185 184 188 188 184 189 181 191 185 185 185 186 191 182 189 183 188 187 187 
187 188 189 185 186 188 188 186 186 190 189 189 187 183 191 186 188 184 192 188 190 185 187 186 192 182 190 187 192 186 187 185 188 189 185 187 190 189 188 185 187 187 189 187 186 191 189 187 186 187 188 189 186 188 188 193 182 189 184 191 186 189 186 187 
187 186 185 187 188 185 186 187 188 183 184 183 188 188 185 187 187 189 181 185 182 190 186 188 183 190 184 185 180 187 186 188 187 183 190 184 184 180 187 188 186 188 183 189 185 183 182 186 189 187 186 185 186 187 182 182 189 186 191 181 190 184 187 187 
187 187 188 185 188 184 191 181 188 190 189 192 183 187 187 187 186 185 191 191 188 189 181 191 184 188 185 192 191 188 186 185 187 188 186 186 192 190 189 184 186 188 186 188 185 193 189 187 185 184 189 185 188 187 191 192 185 185 187 185 192 184 187 187 
187 187 186 187 188 186 187 188 188 183 184 183 188 188 186 187 189 187 186 179 190 182 194 181 191 185 188 184 182 187 188 188 188 184 191 184 185 182 185 191 185 190 184 189 188 180 187 183 192 186 186 189 183 191 177 188 184 191 187 186 185 188 187 187 
187 187 187 184 188 184 188 185 183 192 184 193 181 188 185 187 186 183 190 188 188 186 184 188 186 185 186 188 190 187 184 187 183 190 181 190 186 190 187 183 187 185 188 185 186 189 189 185 187 182 191 183 188 185 189 191 182 188 183 188 187 187 187 187 
187 187 187 187 188 188 186 190 187 187 185 186 189 187 188 187 188 190 184 188 184 192 186 188 186 189 188 187 185 188 187 189 185 188 188 188 187 184 188 188 188 187 186 189 187 187 185 188 189 187 187 186 189 187 187 184 190 187 190 184 188 187 187 187 
187 187 187 186 186 186 187 186 185 184 188 182 189 180 192 182 189 183 186 187 183 187 184 188 187 183 188 181 190 182 187 184 188 186 186 184 188 183 189 181 189 186 186 187 181 190 181 190 181 189 185 187 185 185 186 186 185 186 185 188 187 187 187 187 
187 187 187 187 187 187 185 189 185 192 186 190 188 186 189 184 189 188 188 190 185 192 183 189 186 186 191 186 192 186 188 188 182 191 183 192 187 188 190 184 190 183 189 188 187 192 185 190 186 186 188 184 192 185 191 187 187 189 185 187 187 187 187 187 
187 187 187 187 186 190 183 192 181 188 182 185 185 187 187 188 185 188 181 186 183 186 188 186 189 185 186 183 183 187 182 191 183 190 183 187 182 185 185 187 188 188 187 184 187 181 187 183 189 185 190 185 186 184 184 184 187 186 188 187 187 187 187 187 
187 187 187 187 186 186 188 184 187 190 187 191 186 184 189 182 190 182 193 187 190 187 185 186 188 183 191 185 194 184 189 184 185 189 184 189 189 188 189 183 188 183 188 187 185 193 186 189 185 185 187 185 188 188 188 193 181 191 183 187 187 187 187 187 
187 187 187 187 187 186 188 188 189 183 187 183 189 188 187 188 187 189 182 186 184 188 189 188 186 191 185 186 182 188 187 189 190 183 192 183 187 182 188 189 186 191 183 190 186 184 185 187 189 188 187 188 185 189 182 184 190 187 188 187 187 187 187 187 
187 187 187 187 187 186 188 182 187 188 187 190 182 186 185 188 183 185 188 189 185 188 180 190 183 187 182 191 186 187 184 184 186 187 185 184 190 187 186 185 184 187 185 187 183 190 188 184 186 183 188 185 186 185 188 189 185 186 187 187 187 187 187 187 
187 187 187 187 187 187 187 188 188 187 185 188 187 191 186 185 192 186 190 183 191 185 193 183 189 188 191 184 188 187 189 189 187 186 190 189 185 186 189 189 188 188 185 190 190 184 187 187 191 186 188 186 187 193 181 190 186 188 187 187 187 187 187 187 
187 187 187 187 187 187 186 187 184 188 184 187 183 185 188 189 183 184 187 185 187 183 187 185 191 181 184 187 185 187 183 187 186 190 183 183 187 187 183 186 184 189 188 184 184 185 190 180 188 184 188 187 183 184 185 189 186 187 187 187 187 187 187 187 
187 187 187 187 187 187 187 187 187 189 185 190 188 189 185 182 191 189 186 191 183 194 182 189 180 191 190 185 190 187 188 189 182 188 186 193 185 187 192 184 190 182 185 190 188 190 183 192 187 185 188 181 193 187 189 186 187 187 187 187 187 187 187 187 
187 187 187 187 187 187 187 187 187 186 188 181 191 179 195 187 186 185 185 187 183 187 185 189 192 181 186 184 187 184 188 186 191 189 187 180 190 183 187 185 188 189 189 186 180 189 184 187 184 191 186 191 183 184 187 187 187 187 187 187 187 187 187 187 
187 187 187 187 187 187 187 187 187 187 187 187 188 186 185 178 192 186 187 189 185 190 184 185 182 187 192 181 192 185 187 187 180 187 184 193 184 187 191 182 190 180 185 188 188 189 182 192 184 184 186 181 190 188 187 187 187 187 187 187 187 187 187 187 
187 187 187 187 187 187 187 187 187 187 187 187 185 187 190 192 185 188 186 187 185 189 186 190 192 184 186 188 185 188 185 191 185 195 181 188 186 188 185 188 189 188 192 185 185 186 190 183 191 187 191 187 188 186 187 187 187 187 187 187 187 187 187 187 
187 187 187 187 187 187 187 187 187 187 187 187 187 187 184 181 189 184 187 186 187 184 189 182 185 186 189 182 188 186 185 186 185 182 188 187 186 185 188 184 185 186 182 188 187 185 185 187 185 184 186 186 187 187 187 187 187 187 187 187 187 187 187 187 
187 187 187 187 187 187 187 187 187 187 187 187 187 187 189 188 188 186 191 186 187 191 183 191 187 188 187 189 188 185 191 184 189 188 188 184 192 185 188 187 188 187 188 190 182 193 185 188 187 188 187 187 187 187 187 187 187 187 187 187 187 187 187 187 
187 187 187 187 187 187 187 187 187 187 187 187 187 187 186 187 186 188 181 189 184 185 188 188 183 191 182 188 182 190 181 189 189 182 190 183 186 185 186 187 184 192 182 188 187 182 188 186 187 186 187 187 187 187 187 187 187 187 187 187 187 187 187 187 
187 187 187 187 187 187 187 187 187 187 187 187 187 187 187 187 187 186 191 183 191 187 185 184 188 184 190 187 189 185 190 184 182 189 184 189 189 187 187 188 186 182 188 188 186 189 187 187 187 187 187 187 187 187 187 187 187 187 187 187 187 187 187 187 
187 187 187 187 187 187 187 187 187 187 187 187 187 187 187 187 187 187 187 186 187 183 192 187 191 186 187 183 188 187 183 191 190 188 187 186 184 187 187 185 188 191 186 187 187 186 186 187 187 187 187 187 187 187 187 187 187 187 187 187 187 187 187 187 
187 187 187 187 187 187 187 187 187 187 187 187 187 187 187 187 187 187 187 187 187 188 184 187 184 186 188 189 185 186 188 185 179 188 184 188 189 185 187 187 186 184 187 187 187 187 187 187 187 187 187 187 187 187 187 187 187 187 187 187 187 187 187 187 
187 187 187 187 187 187 187 187 187 187 187 187 187 187 187 187 187 187 187 187 187 187 187 187 187 187 188 184 190 185 187 188 190 188 187 187 186 186 188 186 187 187 187 187 187 187 187 187 187 187 187 187 187 187 187 187 187 187 187 187 187 187 187 187 
187 187 187 187 187 187 187 187 187 187 187 187 187 187 187 187 187 187 187 187 187 187 187 187 187 187 187 187 187 187 187 186 186 186 187 187 187 187 187 187 187 187 187 187 187 187 187 187 187 187 187 187 187 187 187 187 187 187 187 187 187 187 187 187 
