187 187 187 187 187 187 187 187 187 187 187 187 187 187 187 187 187 187 187 187 187 187 187 187 187 187 187 187 187 187 187 187 187 188 184 186 185 186 186 187 187 187 187 187 187 187 187 187 187 187 187 187 187 187 187 187 187 187 187 187 187 187 187 187 
187 187 187 187 187 187 187 187 187 187 187 187 187 187 187 187 187 187 187 187 187 187 187 187 183 190 187 187 187 187 187 188 195 186 192 184 190 192 190 184 185 186 187 187 187 187 187 187 187 187 187 187 187 187 187 187 187 187 187 187 187 187 187 187 
187 187 187 187 187 187 187 187 187 187 187 187 187 187 187 187 187 187 187 187 187 185 183 191 188 174 192 187 187 187 188 197 155 178 156 204 196 194 201 168 197 183 182 188 187 187 187 187 187 187 187 187 187 187 187 187 187 187 187 187 187 187 187 187 
187 187 187 187 187 187 187 187 187 187 187 187 187 187 187 187 187 187 187 187 187 198 161 199 200 154 199 187 187 187 197 159 202 202 192 153 168 171 153 191 191 194 193 191 185 188 187 187 187 187 187 187 187 187 187 187 187 187 187 187 187 187 187 187 
187 187 187 187 187 187 187 187 187 187 187 187 187 187 187 187 187 191 184 190 192 194 163 194 200 163 195 187 187 190 177 177 157 182 197 196 192 188 197 191 187 187 191 175 149 184 187 187 187 187 187 187 187 187 187 187 187 187 187 187 187 187 187 187 
187 187 187 187 187 187 187 187 187 187 187 187 187 187 186 188 193 162 175 153 195 189 193 156 205 154 198 187 187 188 189 195 204 154 199 188 188 188 187 187 193 197 195 203 198 193 190 185 179 186 187 187 187 187 187 187 187 187 187 187 187 187 187 187 
187 187 187 187 187 187 187 187 187 187 187 187 187 187 186 186 168 188 206 162 197 187 193 186 167 190 199 187 187 187 187 187 191 182 170 194 187 187 187 192 179 155 163 164 199 189 197 160 201 193 189 187 187 187 187 187 187 187 187 187 187 187 187 187 
187 187 187 187 187 187 187 187 187 187 187 186 189 189 185 185 162 204 200 155 199 187 187 191 199 157 168 202 195 188 187 187 187 200 154 198 187 187 187 197 156 208 200 179 162 195 204 162 203 170 173 182 186 187 187 187 187 187 187 187 187 187 187 187 
187 187 187 187 187 187 187 187 187 187 187 185 184 202 157 200 161 194 189 169 193 187 187 198 155 202 183 156 159 196 187 187 187 191 176 183 190 187 187 195 159 193 192 195 188 165 165 191 160 192 198 189 181 185 187 187 187 187 187 187 187 187 187 187 
187 187 187 187 187 187 187 187 187 187 187 194 172 175 180 195 196 164 162 196 187 187 189 189 167 195 191 207 165 195 187 187 187 187 197 160 206 195 191 188 198 154 192 191 189 192 195 197 167 194 188 191 196 189 186 187 187 187 187 187 187 187 187 187 
187 187 187 187 187 187 187 187 187 188 187 200 166 169 207 189 188 193 193 188 187 187 192 170 189 189 188 192 158 197 187 187 187 188 201 179 172 158 192 187 189 200 151 198 187 187 199 159 194 190 198 188 183 197 190 187 187 187 187 187 187 187 187 187 
187 187 187 187 187 187 187 187 180 196 190 199 171 187 155 194 192 187 187 187 187 187 198 156 199 188 190 181 185 192 187 187 193 197 176 161 170 160 192 187 187 191 183 175 195 200 176 166 196 198 156 169 174 165 195 187 187 187 187 187 187 187 187 187 
187 187 187 187 187 187 187 188 177 174 184 169 178 199 199 153 192 188 187 187 187 187 197 166 207 196 198 196 168 187 197 198 178 153 183 202 198 196 191 187 187 192 204 174 185 153 175 199 195 178 179 197 199 164 186 189 187 187 187 187 187 187 187 187 
187 187 187 187 187 187 187 188 195 183 182 189 196 182 190 159 192 188 187 187 187 195 192 160 157 164 168 160 195 175 164 164 177 199 191 187 187 187 187 189 198 177 155 182 166 215 203 185 181 155 198 189 193 204 155 200 187 187 187 187 187 187 187 187 
187 187 187 187 187 187 183 183 196 189 191 197 153 186 174 189 194 187 187 187 196 172 161 199 201 195 198 178 186 193 194 200 199 190 187 187 187 187 188 198 154 178 200 201 171 157 159 175 182 196 192 192 165 170 186 167 198 189 187 187 187 187 187 187 
187 187 187 187 187 179 188 169 177 192 197 166 190 192 195 193 192 191 187 189 184 176 187 177 200 193 192 182 185 193 199 168 154 192 193 187 187 187 195 158 195 193 187 187 193 197 196 191 189 187 196 154 199 195 173 182 162 183 180 187 187 187 187 187 
187 187 187 187 185 184 195 202 155 207 179 165 196 188 195 152 158 193 188 191 175 186 199 166 159 164 187 193 156 185 166 171 205 155 180 196 187 187 196 156 204 194 187 187 187 191 194 193 188 187 199 159 199 201 157 206 188 184 192 187 187 187 187 187 
187 187 187 187 178 197 188 198 166 181 164 199 187 189 182 184 199 165 192 196 162 197 188 195 196 203 158 201 192 182 192 202 193 201 165 169 199 189 190 191 157 174 195 187 195 181 158 165 194 195 200 155 196 199 158 202 194 194 196 188 187 187 187 187 
187 187 187 188 174 191 199 197 177 183 197 187 187 189 185 176 201 164 194 198 154 199 187 189 198 189 152 196 191 199 166 164 175 198 203 182 155 197 188 197 198 150 195 195 179 165 202 195 156 185 179 192 192 199 158 207 154 167 157 192 187 187 187 187 
187 187 187 190 180 190 160 175 161 201 187 187 189 198 193 166 196 167 195 196 159 198 187 196 156 170 197 192 198 154 192 198 183 152 182 208 194 169 196 181 162 198 192 188 162 199 188 192 208 157 163 174 196 198 177 166 188 201 192 167 188 187 187 187 
187 187 188 180 159 204 162 214 159 198 188 195 195 155 164 197 202 155 198 199 154 200 189 180 182 196 188 199 155 193 192 187 191 199 169 157 156 187 200 152 200 188 192 175 186 189 188 198 154 193 203 189 164 168 174 187 195 198 155 193 188 187 187 187 
187 187 182 180 200 199 158 205 156 207 200 168 155 202 205 197 187 154 195 192 175 184 190 192 163 197 192 177 175 194 187 187 187 187 193 197 197 199 168 187 190 187 200 153 198 188 199 157 191 192 187 189 204 164 203 189 191 177 178 193 187 189 187 187 
187 187 179 186 196 191 180 187 184 156 157 188 208 173 155 165 179 193 191 190 183 181 189 197 158 193 207 152 200 187 187 187 187 187 187 187 187 197 154 200 187 193 175 175 193 195 165 180 198 194 193 191 198 155 201 187 193 163 200 189 187 188 187 187 
187 187 193 165 178 200 183 187 201 208 200 198 177 166 202 194 190 188 187 194 163 192 188 188 197 157 153 182 192 187 193 197 196 190 187 187 187 196 166 195 187 198 154 200 188 195 162 212 177 164 164 171 201 172 182 192 189 185 163 200 189 187 187 187 
187 186 193 198 169 167 197 152 167 154 164 166 178 205 199 198 195 191 189 202 157 201 194 198 199 200 196 193 187 195 179 156 151 198 189 187 187 195 157 201 189 188 170 192 187 198 169 167 179 198 199 173 184 202 151 201 188 195 182 155 197 188 189 187 
187 178 196 188 198 167 192 198 196 197 196 193 200 158 160 156 161 175 183 176 161 204 167 154 152 192 190 187 191 182 165 203 194 155 198 200 193 194 179 164 203 182 183 189 187 200 170 171 203 188 190 183 181 194 181 165 201 198 200 180 182 196 181 187 
187 179 187 188 189 183 181 189 187 187 187 187 196 165 205 200 197 184 181 184 204 161 187 202 202 153 204 195 200 154 200 188 192 191 161 157 171 193 195 182 160 155 198 187 192 172 188 179 183 190 193 170 188 189 195 182 156 157 173 165 179 197 176 187 
187 171 197 187 189 181 181 189 187 188 189 188 198 164 193 187 187 189 189 189 198 158 201 187 193 182 154 165 199 170 196 187 187 189 195 209 157 197 187 192 198 189 198 191 197 155 202 198 154 200 200 156 201 187 187 190 197 199 188 187 195 196 177 186 
185 193 199 193 191 182 179 190 190 192 181 196 189 175 191 187 189 195 195 191 199 159 201 189 188 191 199 199 158 177 198 187 187 190 196 196 163 194 187 187 198 159 165 193 199 157 202 194 169 179 202 154 198 196 187 187 187 187 188 188 187 189 192 187 
187 179 160 165 194 203 165 194 199 151 186 162 152 196 189 198 187 158 158 175 205 156 187 181 187 193 187 199 172 182 187 193 200 177 165 152 196 193 188 187 195 164 202 167 199 169 182 192 198 171 180 189 164 165 199 188 190 196 197 196 197 195 189 187 
187 189 200 194 158 189 160 202 177 178 195 195 196 193 194 159 164 200 200 186 161 200 181 188 156 195 187 195 161 158 198 182 151 178 198 203 185 169 194 198 193 197 176 169 198 201 153 199 189 196 166 195 198 179 164 200 191 156 160 186 163 163 193 187 
187 188 187 189 205 165 188 189 165 200 188 187 187 197 152 197 196 188 188 202 157 197 191 197 156 196 187 188 195 195 199 158 205 192 188 197 158 196 160 155 189 163 195 161 192 198 162 197 190 181 182 190 187 196 179 175 170 205 197 179 176 158 193 189 
187 187 187 189 205 172 168 191 178 175 195 187 187 198 157 199 187 187 189 184 178 193 199 155 195 189 187 187 187 187 197 152 201 189 187 197 153 204 202 199 168 186 196 198 152 201 186 168 205 186 181 189 187 187 202 161 182 183 181 184 213 170 184 185 
188 192 198 201 146 157 195 194 198 158 186 201 198 209 159 197 187 187 188 188 161 201 180 170 194 187 187 187 187 187 190 191 154 200 198 196 188 153 177 199 192 189 187 193 176 182 199 167 155 154 192 188 187 187 198 158 217 157 204 178 163 200 191 186 
186 170 158 179 190 200 191 187 188 197 167 156 158 158 174 200 197 198 195 195 185 164 171 197 187 187 187 187 187 188 189 196 195 156 155 181 198 199 175 157 199 195 193 192 196 165 192 195 197 198 190 193 195 196 196 166 178 155 204 185 173 172 180 188 
185 197 206 157 200 187 187 189 197 196 204 201 198 203 187 166 156 160 158 197 190 193 191 187 187 188 187 187 191 188 183 174 176 205 204 162 186 193 199 200 164 168 164 182 160 188 189 187 187 187 192 182 158 156 198 198 183 193 200 154 202 192 189 187 
187 190 196 159 197 187 187 197 156 161 154 191 189 196 155 205 198 203 178 183 189 187 187 187 194 187 191 187 196 152 193 187 184 164 195 199 152 204 182 162 170 208 199 184 188 194 187 187 187 188 198 152 205 193 159 197 189 189 191 168 196 189 189 187 
187 188 191 178 182 189 191 169 189 201 201 163 192 195 162 197 188 193 167 193 188 187 187 188 183 116 195 187 192 180 167 200 202 156 198 190 192 153 170 206 173 173 183 184 197 193 187 187 187 198 168 187 190 197 160 192 198 192 199 152 198 191 182 186 
187 188 193 163 200 189 193 164 200 196 174 182 190 192 169 191 193 202 155 197 187 187 187 187 193 194 189 187 187 196 174 174 208 159 198 188 195 198 193 192 205 190 182 181 154 188 188 187 193 173 170 197 187 188 197 159 159 169 197 197 165 172 188 187 
187 185 191 182 159 197 190 185 162 190 156 198 187 188 194 152 182 167 170 194 187 187 187 187 187 188 189 188 187 187 198 164 178 160 207 194 164 181 197 191 155 170 198 195 184 182 189 187 194 157 186 200 193 187 188 196 197 192 154 199 193 191 187 187 
187 185 188 195 186 167 194 194 186 168 197 189 187 188 191 196 182 189 198 188 187 187 187 188 188 193 181 188 197 199 193 197 185 195 159 160 198 164 196 156 210 160 196 199 154 197 187 187 188 198 178 154 179 192 187 187 188 198 172 194 198 193 187 187 
187 187 187 187 199 153 198 188 189 191 188 194 195 188 197 190 198 185 184 197 188 187 187 186 188 153 192 170 162 154 181 192 194 164 202 196 192 183 192 161 205 180 183 195 164 195 187 187 187 187 191 206 156 197 187 187 197 179 161 182 164 178 186 187 
187 187 187 187 190 192 161 202 192 188 195 179 157 169 156 203 172 179 186 156 194 187 187 188 192 182 167 203 197 206 155 198 191 174 186 189 189 181 191 160 211 153 199 174 187 190 187 187 187 187 187 199 155 197 187 193 169 176 209 160 202 189 187 187 
187 187 187 187 195 204 178 164 166 204 180 164 200 197 189 177 160 180 158 183 191 187 187 187 187 195 179 164 199 197 159 197 189 193 160 202 198 183 186 182 152 191 194 176 180 201 197 197 192 187 187 196 164 195 187 198 157 203 196 164 193 187 187 187 
187 187 187 191 171 164 164 205 192 148 167 198 188 192 184 177 196 187 199 191 187 188 187 187 187 187 196 179 164 203 166 191 200 203 168 159 166 149 196 193 195 190 187 197 160 160 157 157 180 192 188 194 165 192 187 201 155 197 199 162 192 187 187 187 
187 187 187 183 186 209 160 199 193 194 195 187 188 194 155 197 188 188 187 191 197 191 197 192 187 187 187 196 176 178 199 165 156 168 205 196 196 197 192 192 192 188 187 189 201 202 201 207 154 200 195 167 188 189 192 182 172 192 194 177 187 187 187 187 
187 187 187 187 188 196 157 197 187 188 189 187 191 164 199 196 187 187 193 187 154 169 153 181 197 188 187 190 197 165 193 193 202 168 186 194 192 199 193 165 169 195 202 194 169 164 182 202 172 180 201 154 199 187 197 154 205 188 188 190 186 187 187 187 
187 187 187 187 187 192 168 196 188 195 181 196 191 191 154 170 195 189 192 152 201 195 200 169 162 201 201 195 161 193 193 187 188 198 155 181 176 154 163 197 195 162 156 163 189 198 175 167 204 171 164 191 189 187 196 157 179 197 188 187 187 187 187 187 
187 187 187 187 187 191 168 197 199 160 180 156 198 191 203 163 195 193 163 199 189 187 187 196 186 153 156 164 197 173 172 197 187 189 196 181 184 198 196 194 165 199 202 194 189 193 208 155 197 191 193 189 187 187 189 199 175 174 190 187 187 187 187 187 
187 187 187 187 187 186 189 195 177 166 202 178 177 191 196 163 196 193 165 196 193 192 194 197 202 203 199 199 172 191 182 171 191 187 187 189 189 187 192 176 189 156 193 188 193 182 152 184 191 187 187 187 189 197 196 197 202 189 185 187 187 187 187 187 
187 187 187 187 187 187 184 176 177 197 188 199 155 200 201 152 198 189 193 154 185 167 169 171 168 169 193 191 172 182 209 165 193 187 187 187 187 188 202 156 202 196 165 193 197 155 204 191 187 187 187 193 192 154 159 166 174 184 187 187 187 187 187 187 
187 187 187 187 187 187 187 188 190 189 187 196 160 206 155 191 190 187 198 197 179 205 204 169 184 184 200 188 197 169 155 182 195 193 191 187 190 197 161 173 206 187 166 192 195 158 200 187 187 190 199 178 155 200 197 192 189 187 187 187 187 187 187 187 
187 187 187 187 187 187 187 187 189 188 197 191 187 150 192 192 187 190 182 164 185 158 160 210 187 157 175 193 187 193 199 202 165 164 175 198 207 157 205 190 153 170 196 188 195 167 187 190 189 191 152 177 198 189 187 187 187 187 187 187 187 187 187 187 
187 187 187 187 187 187 187 187 185 181 169 196 191 197 196 190 187 195 154 205 192 197 205 161 176 208 154 202 199 200 195 154 192 199 184 170 150 173 160 170 200 194 190 191 192 205 155 195 192 162 203 196 187 187 187 187 187 187 187 187 187 187 187 187 
187 187 187 187 187 187 187 187 187 188 179 193 189 193 162 181 195 193 170 181 193 195 160 193 199 197 192 155 159 156 162 193 192 196 192 175 177 202 197 194 192 196 183 169 176 166 171 193 189 191 152 187 192 187 187 187 187 187 187 187 187 187 187 187 
187 187 187 187 187 187 187 187 187 187 185 190 193 166 197 166 182 195 206 155 196 193 175 176 159 186 192 196 198 198 194 188 194 170 167 189 197 188 187 191 191 152 181 190 185 188 196 187 187 190 198 172 187 187 187 187 187 187 187 187 187 187 187 187 
187 187 187 187 187 187 187 187 187 187 187 187 189 172 197 199 155 182 172 157 196 187 191 195 189 176 190 187 187 187 187 188 198 154 201 189 187 187 189 194 153 199 191 188 189 188 187 187 187 187 188 189 186 187 187 187 187 187 187 187 187 187 187 187 
187 187 187 187 187 187 187 187 187 187 187 187 186 187 188 189 196 181 188 197 188 187 187 192 170 189 188 187 193 197 197 203 161 192 190 192 195 191 197 160 202 196 189 187 187 187 187 187 187 187 187 187 187 187 187 187 187 187 187 187 187 187 187 187 
187 187 187 187 187 187 187 187 187 187 187 187 187 187 187 187 187 189 188 187 187 187 187 197 157 199 188 197 169 157 155 165 161 205 200 173 152 177 205 154 171 163 191 190 187 187 189 188 187 187 187 187 187 187 187 187 187 187 187 187 187 187 187 187 
187 187 187 187 187 187 187 187 187 187 187 187 187 187 187 187 187 187 187 187 187 187 187 197 155 204 196 175 175 202 199 195 204 163 157 183 204 180 161 205 196 200 153 200 191 194 187 187 187 187 187 187 187 187 187 187 187 187 187 187 187 187 187 187 
187 187 187 187 187 187 187 187 187 187 187 187 187 187 187 187 187 187 187 187 187 187 187 191 181 158 183 156 199 187 187 187 196 161 215 200 191 199 160 198 188 192 181 183 188 184 186 187 187 187 187 187 187 187 187 187 187 187 187 187 187 187 187 187 
187 187 187 187 187 187 187 187 187 187 187 187 187 187 187 187 187 187 187 187 187 187 187 187 192 190 180 199 192 187 187 187 195 170 158 158 189 203 178 189 188 189 190 186 186 187 187 187 187 187 187 187 187 187 187 187 187 187 187 187 187 187 187 187 
187 187 187 187 187 187 187 187 187 187 187 187 187 187 187 187 187 187 187 187 187 187 187 187 187 188 192 185 187 192 187 187 187 191 195 193 174 179 179 188 188 187 187 187 187 187 187 187 187 187 187 187 187 187 187 187 187 187 187 187 187 187 187 187 
187 187 187 187 187 187 187 187 187 187 187 187 187 187 187 187 187 187 187 187 187 187 187 187 187 187 186 186 185 187 187 187 187 187 187 187 187 187 187 187 187 187 187 187 187 187 187 187 187 187 187 187 187 187 187 187 187 187 187 187 187 187 187 187 
