187 187 187 187 187 187 187 187 187 187 187 187 187 187 187 187 187 187 187 187 187 187 187 187 187 187 187 187 187 187 187 186 187 187 187 186 187 187 187 187 187 187 187 187 187 187 187 187 187 187 187 187 187 187 187 187 187 187 187 187 187 187 187 187 
187 187 187 187 187 187 187 187 187 187 187 187 187 187 187 187 187 187 187 187 187 187 187 187 187 187 187 187 187 187 187 185 188 187 188 185 188 187 187 187 187 187 187 187 187 187 187 187 187 187 187 187 187 187 187 187 187 187 187 187 187 187 187 187 
187 187 187 187 187 187 187 187 187 187 187 187 187 187 187 187 187 187 187 187 186 186 186 187 187 187 187 187 187 188 183 189 187 187 188 183 188 187 187 187 187 187 187 187 187 187 187 187 187 187 187 187 187 187 187 187 187 187 187 187 187 187 187 187 
187 187 187 187 187 187 187 187 187 187 187 187 187 187 187 187 187 187 187 187 187 186 188 187 187 187 187 187 187 187 185 188 187 187 188 183 188 187 187 187 187 187 187 187 187 187 187 187 187 187 187 187 187 187 187 187 187 187 187 187 187 187 187 187 
187 187 187 187 187 187 187 187 187 187 187 187 187 187 187 187 187 187 187 187 187 187 187 187 187 187 187 187 188 183 188 187 187 187 188 184 188 187 187 188 185 185 188 187 187 187 188 186 187 187 187 187 187 187 187 187 187 187 187 187 187 187 187 187 
187 187 187 187 187 187 187 187 187 187 187 187 187 187 187 186 188 187 187 187 187 187 187 187 187 187 187 187 188 183 188 187 187 187 188 184 189 188 187 183 188 184 188 187 187 187 188 185 187 187 187 187 187 187 187 187 187 187 187 187 187 187 187 187 
187 187 187 187 187 187 187 187 187 187 187 187 187 187 187 184 188 187 187 187 187 187 187 187 187 187 187 187 188 184 188 187 187 187 188 184 190 184 184 188 188 184 188 187 187 187 188 184 188 187 187 187 187 187 187 187 187 187 187 187 187 187 187 187 
187 187 187 187 187 187 187 187 187 187 187 187 187 187 187 188 183 187 188 187 187 187 187 187 187 187 187 187 188 183 189 188 187 189 187 185 184 188 188 187 188 184 188 187 187 187 188 184 188 187 187 187 187 187 187 187 187 187 187 187 187 187 187 187 
187 187 187 187 187 187 187 187 187 187 187 187 187 187 187 187 188 184 184 188 189 188 188 187 187 187 187 187 187 188 183 186 185 183 185 188 186 188 187 187 188 184 189 187 187 187 187 186 186 187 188 184 187 187 187 187 187 187 187 187 187 187 187 187 
187 187 187 187 187 187 187 187 187 187 186 187 187 187 187 187 187 188 188 184 183 183 185 188 187 187 187 187 187 187 188 187 187 188 188 186 186 187 187 187 187 185 187 187 187 187 188 184 188 187 188 183 188 187 187 187 187 187 187 187 187 187 187 187 
187 187 187 187 187 187 187 187 187 187 186 187 187 187 187 187 187 187 187 188 188 189 186 186 187 187 187 187 187 187 187 187 187 187 187 188 184 187 187 187 187 187 187 187 187 187 188 183 188 187 188 183 188 187 187 187 187 187 187 187 187 187 187 187 
187 187 187 187 187 187 187 187 187 187 186 187 187 187 187 187 187 187 187 187 187 187 189 183 188 187 187 187 187 187 187 187 187 187 187 189 184 188 187 187 187 187 187 187 187 187 188 183 188 187 187 187 185 188 187 187 187 187 187 187 187 187 187 187 
187 187 187 187 187 187 187 187 187 187 186 186 187 187 187 187 187 187 187 187 187 187 189 184 189 187 187 187 187 187 187 187 187 187 187 188 184 188 187 187 187 186 187 187 187 187 188 184 188 187 187 188 183 189 187 187 187 187 187 187 187 187 187 187 
187 187 187 187 187 187 187 187 187 188 184 188 187 187 187 187 187 187 187 187 187 188 189 183 188 187 187 187 187 187 187 187 187 187 187 189 183 188 187 187 188 183 188 187 187 187 186 186 187 187 187 187 187 185 189 187 187 187 187 187 187 187 187 187 
187 187 187 187 187 187 187 187 187 188 183 188 187 187 187 187 187 187 187 188 188 186 183 188 187 187 187 188 187 186 187 188 187 187 187 188 183 189 187 188 188 184 188 187 187 188 184 188 187 187 187 187 188 184 185 187 185 185 187 187 187 187 187 187 
187 187 187 187 187 187 187 187 188 183 188 187 187 187 187 187 187 188 188 185 183 186 188 187 187 187 188 184 185 187 186 183 188 187 187 187 185 186 189 186 183 188 187 187 187 188 183 188 187 187 187 187 187 188 187 186 187 188 187 187 187 187 187 187 
187 187 187 187 187 187 187 188 185 187 187 187 187 187 187 188 187 184 183 187 188 187 187 187 187 187 188 184 189 187 188 188 184 188 187 187 188 185 183 186 188 187 187 187 187 188 183 188 187 187 187 187 187 187 187 187 187 187 187 187 187 187 187 187 
187 187 187 187 187 187 187 188 183 189 187 187 187 187 188 183 185 188 188 187 187 187 187 187 187 187 188 183 188 188 187 188 184 186 189 188 187 188 188 187 187 187 187 187 187 188 184 188 187 187 187 187 187 187 187 187 187 187 187 187 187 187 187 187 
187 187 187 187 187 187 187 188 183 188 187 187 187 188 185 187 188 187 187 187 187 187 187 187 187 187 187 188 183 186 188 187 188 186 183 184 185 188 187 187 187 187 187 187 187 188 183 188 187 187 187 187 187 187 188 186 187 188 187 187 187 187 187 187 
187 187 187 187 187 187 188 185 187 187 187 187 187 188 183 189 187 187 187 187 187 187 187 187 187 187 187 187 189 184 186 188 187 188 188 188 187 183 189 187 187 187 187 187 187 188 184 188 188 187 187 187 187 188 183 186 185 183 186 188 187 187 187 187 
187 187 187 187 187 187 187 184 188 187 187 187 187 189 183 189 187 187 187 187 187 187 187 187 187 187 187 187 187 188 184 186 187 187 187 187 188 186 185 188 187 187 187 187 187 187 188 183 186 189 187 187 188 183 188 188 188 189 186 184 188 187 187 187 
187 187 187 187 187 188 183 189 187 187 187 187 187 188 183 188 187 187 187 187 187 187 187 187 187 187 187 187 187 187 189 183 188 187 187 187 187 189 183 189 187 187 187 187 187 187 187 189 186 183 186 186 183 188 187 187 187 187 188 186 184 187 187 187 
187 187 187 188 189 183 188 187 187 187 187 187 187 188 188 185 187 187 187 186 188 187 187 187 187 187 187 187 187 187 188 184 188 187 187 187 187 188 185 187 187 187 187 187 187 187 187 187 188 188 187 187 188 187 187 187 187 187 187 188 188 186 187 187 
187 186 187 188 183 186 188 187 187 187 187 188 186 184 184 183 188 187 187 186 183 188 187 187 187 187 187 187 187 187 188 183 188 187 187 187 187 187 187 186 187 187 187 187 187 187 187 187 187 187 187 187 187 187 187 187 187 187 187 188 189 185 187 187 
187 187 188 184 188 188 187 187 187 188 187 183 186 188 189 188 183 189 187 188 187 184 188 187 187 187 187 187 187 187 189 183 188 187 187 187 187 188 187 185 187 187 187 187 187 187 187 187 187 187 187 187 187 187 187 187 187 187 188 185 183 187 187 187 
187 187 187 187 184 189 188 187 189 185 184 189 188 187 187 188 186 186 187 187 188 185 185 188 187 187 187 187 188 189 184 187 187 187 187 187 188 184 184 188 187 188 189 188 187 187 187 187 187 187 187 187 187 187 187 187 187 187 186 186 190 188 187 187 
187 187 187 188 186 183 185 186 183 186 188 187 187 187 187 187 189 183 188 187 187 188 186 183 186 187 187 187 185 183 186 188 187 187 187 188 183 188 188 187 188 183 184 183 185 188 187 187 187 187 187 187 187 187 187 187 187 187 188 184 185 187 187 187 
187 187 187 187 187 188 187 186 188 188 187 187 187 187 187 187 189 183 189 187 187 187 188 188 186 187 187 186 187 188 187 187 187 187 187 187 186 188 187 189 183 189 189 189 188 183 188 187 187 187 187 187 187 187 187 187 187 187 187 188 187 187 187 187 
187 187 187 187 187 187 187 187 187 187 187 187 187 187 187 187 189 183 189 187 187 187 187 188 189 189 189 188 187 187 187 187 187 187 187 186 187 188 189 185 186 187 187 187 189 183 188 187 187 187 187 187 187 187 187 187 187 187 187 187 187 187 187 187 
187 187 187 187 187 187 187 187 187 187 187 187 187 187 187 187 189 183 188 187 187 187 188 185 183 184 184 184 186 188 187 187 187 187 187 188 183 185 183 185 188 187 187 188 183 188 187 187 187 187 187 187 187 187 187 187 187 187 187 187 187 187 187 187 
187 187 188 189 189 188 188 187 187 187 187 187 187 187 187 188 186 186 187 187 187 188 184 186 189 188 189 188 186 183 188 187 187 187 187 187 188 188 188 188 187 187 189 183 189 187 187 187 187 187 187 187 187 187 187 187 187 187 187 187 187 187 187 187 
187 185 183 183 183 183 185 188 188 187 187 187 187 188 188 184 184 188 187 187 188 184 186 188 187 187 187 187 188 187 185 187 187 187 187 187 187 187 187 187 187 188 184 188 187 187 187 187 187 187 187 187 187 187 187 187 187 187 187 187 187 187 187 187 
187 188 188 189 189 189 187 183 186 188 187 187 188 186 183 188 188 187 187 188 185 186 188 187 187 187 187 187 187 189 184 188 187 187 187 187 187 187 187 187 188 186 185 188 187 187 187 187 187 187 187 187 187 188 188 187 187 187 187 187 187 188 186 186 
187 187 187 187 187 187 187 189 185 186 188 187 186 184 189 187 187 187 187 189 183 189 187 187 187 187 187 187 187 188 184 188 187 187 187 187 187 187 187 188 188 183 189 187 187 187 187 187 187 187 187 187 188 185 183 186 188 187 187 187 188 184 186 187 
187 187 187 187 187 187 187 187 189 183 189 189 183 189 187 187 187 187 187 186 186 187 187 188 188 187 187 187 187 189 183 189 187 187 187 187 187 187 188 186 183 188 187 187 187 187 187 187 187 187 187 188 185 186 190 185 184 188 189 189 184 186 188 187 
187 187 187 187 187 187 187 187 189 183 189 187 186 188 187 187 187 187 188 183 188 187 188 183 184 186 188 187 187 188 184 188 187 187 187 187 187 188 186 184 189 187 187 187 187 187 187 187 187 187 188 188 183 188 187 188 188 183 184 183 186 188 187 187 
187 187 187 187 187 187 187 188 184 186 188 187 187 187 187 187 187 187 188 184 188 188 183 189 189 184 186 188 187 187 188 183 189 187 187 187 188 188 183 189 187 187 187 187 187 187 187 187 187 188 186 183 188 187 187 187 187 188 189 189 189 187 187 187 
187 187 187 187 187 187 188 185 185 188 187 187 185 187 187 187 187 188 185 187 187 187 186 187 187 189 183 188 187 187 188 186 184 189 189 188 185 183 188 187 187 187 187 187 187 187 187 187 188 186 184 189 187 187 187 187 187 188 187 183 183 187 187 187 
187 187 187 188 188 189 185 184 188 187 187 189 183 188 187 187 187 189 183 188 187 187 186 187 187 189 183 188 187 187 187 188 187 183 183 184 187 188 187 188 187 187 188 187 187 187 187 188 186 184 188 187 187 187 187 187 187 186 184 189 189 184 186 187 
187 186 185 184 184 183 186 188 187 187 187 188 184 188 187 187 188 185 187 187 187 189 183 189 188 189 183 188 187 187 187 187 187 188 188 188 187 187 187 186 185 185 183 188 187 187 187 188 183 189 187 187 187 187 187 187 188 183 189 187 187 188 187 187 
187 187 188 188 188 188 187 187 187 187 187 187 188 183 188 189 188 184 188 187 187 188 186 183 187 183 188 187 187 187 187 187 187 187 187 187 187 187 188 184 188 188 188 183 188 189 189 183 188 187 187 187 187 187 187 187 187 186 187 187 187 187 187 187 
187 187 187 187 187 187 187 187 187 187 187 187 187 188 183 183 183 188 187 187 187 187 188 188 186 188 187 187 187 187 187 187 187 187 187 187 187 187 188 183 189 187 187 188 184 183 183 188 187 187 187 187 187 187 187 187 187 187 187 187 187 187 187 187 
187 187 187 187 187 187 187 187 187 187 187 187 187 187 189 189 189 187 187 187 187 187 187 187 187 187 187 187 187 187 187 187 187 187 187 187 187 187 188 184 188 187 187 187 188 189 188 187 187 188 188 188 188 187 187 187 187 186 188 187 187 187 187 187 
187 187 187 186 188 188 187 187 187 187 187 187 187 188 185 184 184 188 189 188 187 187 187 187 187 187 187 187 188 188 187 187 188 187 187 187 187 187 187 185 187 187 187 187 187 187 187 187 188 183 183 183 183 187 188 187 189 183 189 187 187 187 187 187 
187 187 187 187 184 183 186 189 188 187 187 188 187 183 187 189 188 184 183 183 187 188 187 187 187 187 187 188 185 184 187 184 185 188 187 187 187 189 184 188 187 187 187 187 187 187 187 188 183 189 189 189 188 185 185 188 187 186 185 188 187 187 187 187 
187 187 187 187 187 189 186 183 184 186 186 183 184 189 187 187 187 188 189 188 185 183 188 187 187 187 187 188 184 189 187 188 184 185 188 189 188 185 185 188 187 187 187 187 187 187 187 185 187 187 187 187 187 189 184 188 187 189 183 188 187 187 187 187 
187 187 187 187 187 187 187 188 188 187 187 188 188 187 187 187 187 187 187 187 188 186 186 187 187 187 187 187 186 187 187 187 188 187 184 184 184 187 188 187 187 187 187 187 187 187 188 184 189 187 187 187 187 187 187 185 187 187 186 186 187 187 187 187 
187 187 187 187 187 187 187 187 187 187 187 187 187 187 187 187 187 187 187 187 187 188 185 187 187 187 187 187 186 187 187 187 187 187 187 188 188 187 187 187 187 188 188 188 187 187 187 185 187 187 187 187 187 187 188 184 188 187 188 186 187 187 187 187 
187 187 187 187 187 187 187 187 187 187 187 187 187 187 187 187 187 187 187 187 188 184 188 188 188 187 187 185 185 187 187 187 187 187 187 187 187 187 187 188 186 183 183 185 188 187 187 188 183 188 187 187 187 187 186 186 187 187 187 187 187 187 187 187 
187 187 187 187 187 187 187 187 187 187 187 187 187 187 187 187 187 187 187 187 188 183 189 186 183 185 187 187 188 187 187 187 187 187 187 187 187 187 187 188 183 189 189 185 187 187 187 188 184 188 187 187 187 188 184 188 187 187 187 187 187 187 187 187 
187 187 187 187 187 187 187 188 187 187 187 187 187 187 187 187 187 187 187 188 185 187 188 183 189 188 187 187 187 187 187 188 189 188 188 187 187 187 188 184 188 187 187 188 184 188 187 187 187 185 187 187 187 188 184 188 187 187 187 187 187 187 187 187 
187 187 187 187 187 187 187 186 188 187 187 187 188 188 187 187 187 187 187 188 183 189 184 188 187 187 187 187 187 187 188 183 183 183 183 186 188 187 189 183 189 187 187 188 183 189 187 187 188 184 188 187 187 188 184 188 187 187 187 187 187 187 187 187 
187 187 187 187 187 187 187 187 186 188 188 188 184 183 187 187 187 187 188 183 188 189 183 188 187 187 187 187 187 188 184 189 189 189 189 186 185 187 188 183 189 187 187 187 187 184 188 188 185 186 187 187 187 187 187 186 187 187 187 187 187 187 187 187 
187 187 187 187 187 187 187 187 187 188 187 184 188 190 183 188 187 188 183 188 188 188 184 188 187 187 187 187 187 188 184 188 187 187 187 189 184 188 187 186 186 187 187 187 188 185 185 185 184 188 187 187 187 187 187 187 187 187 187 187 187 187 187 187 
187 187 187 187 187 187 187 187 187 187 186 188 189 188 184 188 187 187 185 188 187 185 187 187 187 187 187 187 188 183 188 187 187 187 187 188 184 188 187 188 184 188 187 187 187 188 187 187 188 187 187 187 187 187 187 187 187 187 187 187 187 187 187 187 
187 187 187 187 187 187 187 187 187 187 187 186 185 184 188 187 187 187 187 187 188 184 189 187 187 187 187 188 185 186 188 187 187 187 187 187 186 187 187 189 183 188 187 187 187 187 189 189 188 187 187 187 187 187 187 187 187 187 187 187 187 187 187 187 
187 187 187 187 187 187 187 187 187 187 187 187 187 188 187 187 187 187 186 187 187 184 188 187 187 187 187 186 184 188 187 187 187 187 187 187 187 187 187 189 183 188 187 187 188 186 183 183 184 187 188 187 187 187 187 187 187 187 187 187 187 187 187 187 
187 187 187 187 187 187 187 187 187 187 187 187 187 187 188 188 187 183 188 187 187 188 183 189 187 187 188 183 189 187 187 187 187 187 187 187 187 187 187 188 184 188 187 187 188 183 189 189 187 186 186 187 187 187 187 187 187 187 187 187 187 187 187 187 
187 187 187 187 187 187 187 187 187 187 187 187 187 187 186 186 186 188 187 187 187 188 186 183 188 189 183 188 187 187 187 187 187 187 187 185 187 187 187 188 184 187 187 188 183 188 187 187 187 187 187 187 187 187 187 187 187 187 187 187 187 187 187 187 
187 187 187 187 187 187 187 187 187 187 187 187 187 187 187 187 187 187 187 187 187 187 188 188 184 184 188 187 187 187 187 187 187 187 188 184 189 187 188 185 187 187 187 188 184 188 187 187 187 187 187 187 187 187 187 187 187 187 187 187 187 187 187 187 
187 187 187 187 187 187 187 187 187 187 187 187 187 187 187 187 187 187 187 187 187 187 187 187 188 188 187 187 187 187 187 187 187 187 188 184 188 187 187 184 188 187 187 186 187 187 187 187 187 187 187 187 187 187 187 187 187 187 187 187 187 187 187 187 
187 187 187 187 187 187 187 187 187 187 187 187 187 187 187 187 187 187 187 187 187 187 187 187 187 187 187 187 187 187 188 188 189 189 188 183 188 188 183 188 187 187 187 186 187 187 187 187 187 187 187 187 187 187 187 187 187 187 187 187 187 187 187 187 
187 187 187 187 187 187 187 187 187 187 187 187 187 187 187 187 187 187 187 187 187 187 187 187 187 187 187 187 187 187 185 184 184 185 185 187 187 186 187 187 187 187 187 187 187 187 187 187 187 187 187 187 187 187 187 187 187 187 187 187 187 187 187 187 
187 187 187 187 187 187 187 187 187 187 187 187 187 187 187 187 187 187 187 187 187 187 187 187 187 187 187 187 187 186 187 187 187 187 187 187 187 187 187 187 187 187 187 187 187 187 187 187 187 187 187 187 187 187 187 187 187 187 187 187 187 187 187 187 
