187 187 187 187 187 187 187 187 187 187 187 187 187 187 187 187 187 187 187 187 187 187 187 187 187 187 187 187 187 187 187 186 187 187 187 186 187 187 187 187 187 187 187 187 187 187 187 187 187 187 187 187 187 187 187 187 187 187 187 187 187 187 187 187 
187 187 187 187 187 187 187 187 187 187 187 187 187 187 187 187 187 187 187 187 187 187 187 187 187 187 187 187 187 187 187 185 188 187 188 184 188 187 187 187 187 187 187 187 187 187 187 187 187 187 187 187 187 187 187 187 187 187 187 187 187 187 187 187 
187 187 187 187 187 187 187 187 187 187 187 187 187 187 187 187 187 187 187 187 186 186 186 188 187 187 187 187 187 189 181 190 187 187 189 182 189 187 187 187 187 187 187 187 187 187 187 187 187 187 187 187 187 187 187 187 187 187 187 187 187 187 187 187 
187 187 187 187 187 187 187 187 187 187 187 187 187 187 187 187 187 187 187 187 187 185 188 187 187 187 187 187 187 187 184 188 187 187 189 181 190 187 187 187 188 188 187 187 188 187 187 187 187 187 187 187 187 187 187 187 187 187 187 187 187 187 187 187 
187 187 187 187 187 187 187 187 187 187 187 187 187 187 187 187 187 187 187 187 187 188 187 187 187 187 187 187 189 182 189 187 187 187 189 183 189 187 188 189 183 184 188 187 187 188 188 186 187 187 187 187 187 187 187 187 187 187 187 187 187 187 187 187 
187 187 187 187 187 187 187 187 187 187 187 187 187 187 187 186 188 187 187 187 187 187 187 187 187 187 187 187 189 181 189 187 187 187 188 183 189 189 187 181 189 183 189 187 187 187 189 184 187 187 187 187 187 187 187 187 187 187 187 187 187 187 187 187 
187 187 187 187 187 187 187 187 187 187 187 187 187 187 187 183 188 188 187 187 187 187 187 187 187 187 187 187 189 182 189 187 187 187 189 183 191 182 183 189 189 183 189 187 187 187 189 182 188 187 187 187 187 187 187 187 187 187 187 187 187 187 187 187 
187 187 187 187 187 187 187 187 187 187 187 187 187 187 187 189 181 187 189 187 187 187 187 187 187 187 187 187 189 181 190 188 188 189 188 184 182 188 189 187 188 183 189 187 187 187 188 183 188 187 187 187 187 187 187 187 187 187 187 187 187 187 187 187 
187 187 187 187 187 187 187 187 187 187 186 187 187 187 187 187 189 183 182 188 190 189 188 187 187 187 187 187 187 188 180 185 184 181 184 189 186 188 187 187 188 183 189 187 187 187 188 186 186 187 189 183 188 187 187 187 187 187 187 187 187 187 187 187 
187 187 187 187 187 187 187 187 187 187 185 187 187 187 187 187 187 189 188 182 181 181 184 189 187 187 187 187 187 187 189 186 187 189 189 186 187 187 187 187 188 184 187 187 187 187 188 183 189 187 189 181 189 187 187 187 187 187 187 187 187 187 187 187 
187 187 187 187 187 187 187 187 187 187 186 186 187 187 187 187 187 187 187 188 189 190 185 185 188 187 187 187 187 187 187 187 187 187 187 188 183 188 187 187 187 186 186 187 187 187 189 181 189 187 189 182 189 187 187 187 187 187 187 187 187 187 187 187 
187 187 187 187 187 187 187 187 187 187 186 186 187 187 187 187 187 187 187 187 187 187 190 181 189 187 187 187 187 187 187 187 187 187 187 189 183 188 187 187 187 186 186 187 187 187 189 182 189 187 187 187 184 188 187 187 187 187 187 187 187 187 187 187 
187 187 187 187 187 187 187 187 187 187 186 186 187 187 187 187 187 187 187 187 187 187 190 182 189 187 187 187 187 187 187 187 187 187 187 189 182 189 187 187 188 185 187 187 187 187 188 183 188 187 187 189 181 189 187 187 187 187 187 187 187 187 187 187 
187 187 187 187 187 187 187 187 187 189 183 188 187 187 187 187 187 187 187 187 187 188 190 181 189 187 187 187 187 187 187 187 187 187 187 190 181 189 187 187 189 182 189 187 187 187 186 186 187 187 187 187 187 183 189 187 187 187 187 187 187 187 187 187 
187 187 187 187 187 187 187 187 187 188 181 189 187 187 187 187 187 187 187 188 189 185 180 188 187 187 187 189 187 186 186 189 187 187 187 189 181 190 187 188 188 182 189 187 187 188 183 188 187 187 187 187 189 183 184 187 184 185 187 187 187 187 187 187 
187 187 187 187 187 187 187 187 189 180 190 187 187 187 187 187 187 189 189 184 181 186 189 187 187 187 189 183 183 187 185 181 189 187 187 188 184 186 190 185 181 189 187 187 187 189 182 189 187 187 187 187 187 189 186 185 187 188 187 187 187 187 187 187 
187 187 187 187 187 187 187 188 184 187 188 187 187 187 187 189 188 182 181 187 189 187 187 187 187 187 189 183 191 187 188 188 182 189 187 187 189 184 181 185 189 187 187 187 187 189 181 189 187 187 187 187 187 187 187 187 187 187 187 187 187 187 187 187 
187 187 187 187 187 187 187 189 181 190 187 187 187 187 189 181 183 188 189 187 187 187 187 187 187 187 189 181 188 188 187 189 183 185 190 188 188 188 189 188 187 187 187 187 187 189 183 188 187 187 187 187 187 187 187 187 187 187 187 187 187 187 187 187 
187 187 187 187 187 187 187 189 182 189 187 187 187 188 183 187 189 187 187 187 187 187 187 187 187 187 187 190 181 186 189 187 189 185 181 183 185 189 187 187 187 187 187 187 187 189 182 189 187 187 187 187 187 187 189 186 187 189 188 187 187 187 187 187 
187 187 187 187 187 187 189 183 187 187 187 187 187 189 181 190 187 187 187 187 187 187 187 187 187 187 187 187 190 183 186 189 187 188 189 189 186 181 189 187 187 187 187 187 187 189 182 188 188 187 187 187 187 190 181 186 184 180 185 189 187 187 187 187 
187 187 187 187 187 188 186 183 189 187 187 187 187 189 182 190 187 187 187 187 187 187 187 187 187 187 187 187 187 189 183 186 188 187 187 187 188 186 184 188 187 187 187 187 187 187 189 181 185 190 188 188 190 181 188 188 188 190 185 183 188 187 187 187 
187 187 187 187 187 189 181 190 187 187 187 187 187 189 182 189 187 187 187 187 187 187 187 187 187 187 187 187 187 187 190 180 189 187 187 187 187 190 181 190 187 187 187 187 187 187 187 189 185 181 186 186 181 188 188 187 187 187 189 186 182 187 187 187 
187 187 186 188 190 181 188 187 187 187 187 187 187 189 189 184 187 186 186 186 189 187 187 187 187 187 187 187 187 187 189 183 189 187 187 187 187 188 184 187 187 187 187 187 187 187 187 187 188 189 186 186 189 188 187 187 187 187 187 188 189 185 187 187 
187 186 188 189 181 186 188 187 187 187 188 189 186 182 183 181 189 186 186 186 181 189 187 187 187 187 187 187 187 187 189 181 189 187 187 187 187 187 187 185 188 187 187 187 187 187 187 187 187 187 187 187 187 187 187 187 187 187 187 188 191 184 187 187 
187 187 188 182 189 188 187 187 187 189 187 180 185 189 190 189 182 190 187 188 187 183 189 187 187 187 187 187 187 187 190 181 189 187 187 187 187 189 188 184 188 187 187 187 187 187 187 187 187 187 187 187 187 187 187 187 187 187 188 184 181 186 187 187 
187 187 187 187 183 190 188 188 190 185 182 190 188 187 187 188 185 185 188 187 189 184 185 189 187 187 187 187 188 190 183 186 187 187 187 187 189 182 182 189 188 189 189 189 188 187 187 187 187 187 187 187 187 187 187 187 187 187 186 185 192 188 187 187 
187 187 187 189 186 180 184 186 181 185 189 187 187 187 187 187 190 181 189 187 187 189 185 182 186 186 186 186 184 180 186 189 187 187 187 189 181 188 189 188 188 181 182 181 184 188 188 187 187 187 187 187 187 187 187 187 187 187 189 182 183 187 187 187 
187 187 187 187 188 189 187 186 189 188 187 187 187 187 187 187 190 182 189 187 187 187 188 188 186 186 186 186 187 189 188 187 187 187 187 186 185 188 187 190 180 190 190 190 189 181 189 187 187 187 187 187 187 187 187 187 187 187 187 189 187 186 187 187 
187 187 187 187 187 187 187 187 187 187 187 187 187 187 187 187 190 182 189 187 187 187 187 188 189 189 189 189 188 187 187 187 187 187 187 186 187 189 190 185 185 188 187 188 190 181 189 187 187 187 187 187 187 187 187 187 187 187 187 187 187 187 187 187 
187 187 187 187 187 187 187 187 187 187 187 187 187 187 187 187 190 181 189 187 187 187 189 184 181 182 183 183 186 189 187 187 187 187 187 189 180 183 181 184 189 187 188 188 180 188 187 187 187 187 187 187 187 187 187 187 187 187 187 187 187 187 187 187 
187 188 189 189 189 189 188 187 187 187 187 187 187 187 187 189 185 185 188 187 187 189 183 186 191 189 189 189 186 181 189 187 187 187 187 187 189 189 189 188 187 187 190 180 190 188 187 187 187 187 187 187 187 187 187 187 187 187 187 187 187 187 187 187 
187 185 181 182 182 181 184 189 188 187 187 187 187 188 189 182 183 189 187 187 189 183 186 189 187 187 187 187 188 187 184 188 187 187 187 187 187 187 187 187 187 189 182 188 188 187 187 187 187 187 187 187 187 187 187 187 187 187 187 187 187 187 188 187 
187 188 189 190 189 190 188 181 185 189 187 187 189 185 181 188 189 187 187 188 184 186 189 187 187 187 187 187 187 189 183 188 187 187 187 187 187 187 187 187 188 186 184 189 187 187 187 187 187 187 187 187 187 188 189 188 187 187 187 187 187 189 185 186 
187 187 187 187 187 187 187 190 184 185 188 188 186 183 190 187 187 187 187 189 181 190 187 187 187 187 187 187 187 189 182 189 187 187 187 187 187 187 187 188 188 181 189 187 187 187 187 187 187 187 187 187 189 184 181 186 189 187 187 187 189 183 186 187 
187 187 187 187 187 187 187 187 190 181 189 190 180 190 187 187 187 187 187 186 185 188 187 189 189 187 187 187 187 190 181 190 187 187 187 187 187 187 189 186 181 190 187 187 187 187 187 187 187 187 187 188 184 186 191 184 182 189 189 190 183 186 188 187 
187 187 187 187 187 187 187 187 190 182 189 187 185 188 187 187 187 187 189 181 189 188 188 181 182 186 189 187 187 188 183 189 187 187 187 187 187 188 186 183 189 187 187 187 187 187 187 187 187 187 188 188 182 189 187 188 188 182 182 181 186 189 187 187 
187 187 187 187 187 187 187 189 183 186 189 186 187 187 187 187 187 187 188 182 189 189 181 190 190 183 185 188 187 187 189 181 190 187 187 187 189 188 181 189 187 187 187 187 187 187 187 187 187 189 186 181 189 187 187 187 187 189 189 191 190 187 187 187 
187 187 187 187 187 187 189 185 185 189 187 187 184 188 187 187 187 188 183 188 188 186 185 188 187 190 181 189 187 187 188 186 183 190 190 188 183 181 190 187 187 187 187 187 187 187 187 187 189 186 183 190 187 187 187 187 187 189 187 181 181 188 187 187 
187 187 188 188 189 190 184 183 189 187 187 189 181 189 187 187 187 189 181 189 187 186 185 188 187 190 182 189 187 187 187 189 187 181 181 183 187 189 187 188 186 187 189 187 187 187 187 188 186 183 189 187 187 187 187 187 188 186 183 190 190 183 186 187 
187 186 185 183 182 181 186 189 187 187 187 189 182 188 188 187 189 183 187 187 187 189 181 190 188 189 181 189 187 187 187 187 187 189 189 188 187 187 187 186 184 184 181 189 188 187 187 189 181 190 187 187 187 187 187 187 189 181 190 187 187 188 187 187 
187 187 188 189 189 189 188 187 187 187 187 187 189 181 188 190 188 182 189 187 187 188 186 181 187 181 188 187 187 187 187 187 187 187 187 187 187 187 188 183 189 189 188 181 188 190 190 181 189 187 187 187 187 187 187 187 186 185 188 187 187 187 187 187 
187 187 187 187 187 187 187 187 187 187 187 187 187 189 182 181 182 189 187 187 187 187 188 189 186 188 188 187 187 187 187 187 187 187 187 187 187 187 190 181 190 187 187 189 182 182 181 188 188 187 187 187 187 187 187 187 186 186 187 187 187 187 187 187 
187 187 187 188 187 187 187 187 187 187 187 187 187 187 190 190 190 188 187 187 187 187 187 187 187 187 187 187 187 187 187 187 187 187 187 187 187 187 189 182 189 187 187 187 188 189 189 187 187 189 189 189 189 187 187 187 186 185 188 187 187 187 187 187 
187 187 187 186 188 189 188 187 187 187 187 187 188 189 184 183 183 188 190 189 187 187 187 187 187 187 187 187 189 188 186 187 188 187 187 187 187 187 188 184 188 187 187 187 187 187 187 188 188 182 182 182 182 187 189 187 189 180 190 187 187 187 187 187 
187 187 187 187 183 181 185 190 189 188 188 189 187 180 187 189 188 182 181 182 187 189 187 187 187 187 187 189 183 182 187 183 185 189 187 187 187 190 182 188 187 187 187 187 187 187 187 188 181 189 190 190 189 184 183 189 188 186 184 188 187 187 187 187 
187 187 187 187 188 190 185 181 182 185 185 182 183 189 188 187 187 188 190 189 184 181 189 187 187 187 187 188 182 190 187 190 183 183 188 189 189 184 183 189 187 187 187 187 187 187 188 184 188 187 187 187 187 190 182 188 187 190 181 188 187 187 187 187 
187 187 187 187 187 187 188 189 189 187 187 189 189 187 187 187 187 187 187 187 189 186 185 187 187 187 187 186 187 187 187 187 189 187 183 183 183 187 189 187 187 187 187 187 187 187 188 183 190 187 187 187 187 187 188 184 188 188 186 186 187 187 187 187 
187 187 187 187 187 187 187 187 187 187 187 187 187 187 187 187 187 187 187 187 187 188 184 188 187 187 188 187 185 188 187 187 187 187 188 188 188 187 187 187 188 189 189 188 187 187 188 184 187 187 187 187 187 187 189 183 188 187 188 186 187 187 187 187 
187 187 187 187 187 187 187 187 187 187 187 187 187 187 187 187 187 187 187 187 189 183 188 189 189 187 186 184 184 188 187 187 187 187 187 187 187 187 187 188 186 181 181 184 189 187 187 189 181 189 187 187 187 187 186 186 187 187 187 187 187 187 187 187 
187 187 187 187 187 187 187 187 187 187 187 187 187 187 187 187 187 187 187 187 189 181 191 186 181 184 186 187 189 187 187 187 187 187 187 187 187 187 187 188 182 190 190 183 187 187 187 189 183 188 187 187 187 188 183 188 187 187 187 187 187 187 187 187 
187 187 187 187 187 187 187 188 187 187 187 187 187 187 187 187 187 187 187 188 184 187 189 182 190 188 187 187 187 187 187 189 189 189 189 187 187 187 189 182 189 187 187 189 182 189 187 187 188 184 188 187 187 188 183 189 187 187 187 187 187 187 187 187 
187 187 187 187 187 187 187 186 188 187 187 187 188 189 188 187 187 187 187 189 181 191 182 189 187 187 187 187 187 187 188 181 182 182 182 185 189 187 189 181 190 187 187 189 181 189 187 187 189 183 188 187 187 188 183 188 187 187 187 187 187 187 187 187 
187 187 187 187 187 187 187 187 186 188 188 189 183 181 186 188 187 187 189 181 189 190 181 189 187 187 187 187 187 189 182 189 190 190 189 185 184 188 189 181 190 187 187 187 187 183 189 189 185 186 187 187 187 187 188 185 187 187 187 187 187 187 187 187 
187 187 187 187 187 187 187 187 186 188 186 182 189 192 181 189 187 189 181 188 188 188 183 188 187 187 187 187 187 189 182 189 187 187 187 189 183 188 188 186 185 187 187 187 189 183 184 184 183 189 187 187 187 187 187 187 187 187 187 187 187 187 187 187 
187 187 187 187 187 187 187 187 187 187 185 188 190 188 182 188 187 187 183 189 188 184 188 187 187 187 187 187 189 182 188 187 187 187 187 189 183 188 187 189 182 189 187 187 187 189 187 187 189 187 187 187 187 187 187 187 187 187 187 187 187 187 187 187 
187 187 187 187 187 187 187 187 187 187 187 185 185 182 189 187 187 186 186 187 188 183 189 187 187 187 187 189 184 186 188 187 187 187 187 187 185 188 187 190 181 189 187 187 187 188 189 189 188 187 187 187 187 187 187 187 187 187 187 187 187 187 187 187 
187 187 187 187 187 187 187 187 187 187 187 187 187 188 187 187 188 187 186 187 188 183 189 187 187 187 188 186 183 189 187 187 187 187 187 186 186 187 187 190 181 189 187 187 188 186 181 181 183 188 188 187 187 187 187 187 187 187 187 187 187 187 187 187 
187 187 187 187 187 187 187 187 187 187 187 187 187 187 188 189 187 181 188 187 187 189 181 190 187 187 189 181 190 187 187 187 187 187 187 186 186 187 187 189 182 189 187 187 188 182 190 190 188 185 186 187 187 187 187 187 187 187 187 187 187 187 187 187 
187 187 187 187 187 187 187 187 187 187 187 187 187 187 186 185 185 188 188 187 187 188 186 181 189 189 181 188 187 187 187 187 187 187 188 184 187 187 187 188 183 188 187 189 181 189 187 187 187 187 187 187 187 187 187 187 187 187 187 187 187 187 187 187 
187 187 187 187 187 187 187 187 187 187 187 187 187 187 187 187 187 187 187 187 187 187 188 189 183 183 188 188 187 187 187 187 187 187 188 183 189 187 189 183 187 187 187 189 183 188 187 187 187 187 187 187 187 187 187 187 187 187 187 187 187 187 187 187 
187 187 187 187 187 187 187 187 187 187 187 187 187 187 187 187 187 187 187 187 187 187 187 187 188 188 187 187 187 187 187 187 187 187 189 183 189 188 188 182 189 187 188 185 187 187 187 187 187 187 187 187 187 187 187 187 187 187 187 187 187 187 187 187 
187 187 187 187 187 187 187 187 187 187 187 187 187 187 187 187 187 187 187 187 187 187 187 187 187 187 187 187 187 187 189 189 189 189 189 181 189 189 182 188 187 187 187 186 187 187 187 187 187 187 187 187 187 187 187 187 187 187 187 187 187 187 187 187 
187 187 187 187 187 187 187 187 187 187 187 187 187 187 187 187 187 187 187 187 187 187 187 187 187 187 187 187 187 187 184 183 183 183 184 187 188 186 187 187 187 187 187 187 187 187 187 187 187 187 187 187 187 187 187 187 187 187 187 187 187 187 187 187 
187 187 187 187 187 187 187 187 187 187 187 187 187 187 187 187 187 187 187 187 187 187 187 187 187 187 187 187 187 186 187 187 187 187 187 187 187 187 187 187 187 187 187 187 187 187 187 187 187 187 187 187 187 187 187 187 187 187 187 187 187 187 187 187 
