187 187 187 187 187 187 187 187 187 187 187 187 187 187 187 187 187 187 187 187 187 187 187 187 187 187 187 187 187 187 187 187 187 187 187 187 187 187 187 187 187 187 187 187 187 187 187 187 187 187 187 187 187 187 187 187 187 187 187 187 187 187 187 187 
187 187 187 187 187 187 187 187 187 187 187 187 187 187 187 187 187 187 187 187 187 187 187 187 187 186 187 187 186 187 187 187 185 187 186 187 187 187 187 187 187 187 187 187 187 187 187 187 187 187 187 187 187 187 187 187 187 187 187 187 187 187 187 187 
187 187 187 187 187 187 187 187 187 187 187 187 187 187 187 187 187 187 187 187 185 183 187 186 186 187 187 187 186 187 187 187 185 191 186 186 185 187 187 187 187 187 187 187 187 187 187 187 187 187 187 187 187 187 187 187 187 187 187 187 187 187 187 187 
187 187 187 187 187 187 187 187 187 187 187 187 187 187 187 187 187 187 187 186 193 196 189 181 191 181 189 187 187 186 187 187 187 186 184 187 187 186 187 187 186 187 187 187 187 187 187 187 187 187 187 187 187 187 187 187 187 187 187 187 187 187 187 187 
187 187 187 187 187 187 187 187 187 187 187 187 187 187 187 187 187 187 187 186 181 184 178 195 180 189 189 187 185 189 185 188 185 188 186 191 187 186 186 189 186 187 187 188 184 188 187 187 187 187 187 187 187 187 187 187 187 187 187 187 187 187 187 187 
187 187 187 187 187 187 187 187 187 187 187 187 187 187 187 187 187 187 186 186 191 195 180 186 183 188 184 186 189 185 186 185 190 187 186 185 188 186 187 186 187 187 187 184 191 184 186 187 187 187 187 187 187 187 187 187 187 187 187 187 187 187 187 187 
187 187 187 187 187 187 187 187 187 187 187 187 187 187 187 186 188 186 188 185 190 170 186 185 191 168 185 186 188 186 190 187 185 187 187 187 186 187 187 187 186 188 186 185 189 185 190 185 186 189 187 187 187 187 187 187 187 187 187 187 187 187 187 187 
187 187 187 187 187 187 187 187 187 187 187 187 187 187 187 187 187 187 186 188 190 201 189 183 193 201 187 186 185 184 188 184 187 186 189 186 187 187 187 187 187 187 187 187 186 189 186 186 185 186 185 187 187 187 187 187 187 187 187 187 187 187 187 187 
187 187 187 187 187 187 187 187 187 187 187 187 187 187 186 187 187 187 186 189 176 183 179 184 191 173 191 182 192 188 186 191 186 188 186 187 187 187 187 187 186 186 188 187 187 187 188 187 188 186 186 186 187 187 187 187 187 187 187 187 187 187 187 187 
187 187 187 187 187 187 187 187 187 187 187 186 187 187 187 187 187 187 187 186 194 186 183 189 182 181 189 187 184 188 187 186 186 187 187 186 187 187 187 186 187 188 186 186 187 184 185 186 188 187 188 187 186 187 187 187 187 187 187 187 187 187 187 187 
187 187 187 187 187 187 187 187 187 187 186 187 186 187 186 187 187 187 186 186 185 189 185 185 196 188 185 188 186 188 187 186 188 186 185 188 188 187 187 188 186 186 187 188 182 195 187 188 185 187 187 187 186 188 186 187 187 187 187 187 187 187 187 187 
187 187 187 187 187 187 187 187 187 187 188 187 187 187 187 187 187 187 187 186 191 187 185 187 183 186 188 189 186 187 187 187 184 189 188 186 186 187 187 186 186 188 186 188 184 188 186 186 186 188 186 189 186 186 186 187 187 187 187 187 187 187 187 187 
187 187 187 187 187 187 187 187 187 187 186 187 186 187 187 186 188 186 186 186 188 187 170 186 184 189 186 187 186 186 188 187 187 186 187 187 187 187 186 187 187 188 187 188 184 188 186 187 188 187 186 187 187 186 181 185 187 187 187 187 187 187 187 187 
187 187 187 187 187 187 187 187 187 187 187 187 187 187 187 187 186 187 187 187 184 190 203 185 194 185 186 186 189 185 188 186 187 185 188 186 187 187 187 187 187 187 187 185 188 187 187 186 186 187 186 187 188 184 198 188 183 187 187 187 187 187 187 187 
187 187 187 187 187 187 187 187 187 187 187 187 187 187 187 187 187 187 187 186 186 189 181 179 189 186 186 187 186 187 188 187 187 187 187 187 187 187 187 187 187 187 187 185 189 188 186 184 190 186 187 187 188 178 187 194 187 187 187 187 187 187 187 187 
187 187 187 187 187 187 187 187 186 187 186 187 186 187 187 187 186 187 187 187 185 190 179 174 188 187 190 187 188 187 187 183 190 184 188 186 187 187 187 187 187 188 187 187 184 190 183 187 186 187 187 187 185 189 184 182 185 181 188 187 187 187 187 187 
187 187 187 187 187 187 187 187 187 187 187 188 187 187 187 187 187 187 187 187 187 186 192 191 197 168 179 187 186 186 187 186 190 186 186 187 187 187 187 187 187 187 186 188 187 189 188 187 187 185 188 187 186 189 182 193 194 183 186 187 187 187 187 187 
187 187 187 187 187 187 187 187 187 187 186 189 187 186 186 187 186 187 187 187 187 186 186 185 185 199 192 191 186 185 187 186 187 187 187 187 187 187 187 187 187 187 189 186 187 185 185 186 191 186 187 187 186 187 188 182 182 189 188 186 187 187 187 187 
187 187 187 187 187 186 187 187 187 186 186 186 187 187 188 186 188 186 187 187 186 187 187 187 184 193 179 187 185 189 186 186 186 187 187 187 188 186 187 187 188 186 186 187 186 186 188 185 188 186 186 187 185 190 181 188 190 193 183 186 187 187 187 187 
187 187 187 187 187 187 187 187 187 187 188 188 187 186 187 186 187 186 188 187 186 187 187 187 183 193 175 182 183 195 186 184 187 187 186 187 186 188 187 186 187 186 188 184 189 186 186 188 185 189 188 186 180 193 184 186 184 185 184 189 187 187 187 187 
187 187 187 187 187 187 187 187 187 186 187 186 187 186 187 188 186 187 186 187 187 187 187 187 186 182 198 184 183 190 187 187 188 186 187 187 187 188 186 186 191 186 186 187 189 185 185 189 187 186 187 186 190 189 185 188 188 188 183 189 186 187 187 187 
187 187 187 187 187 187 187 186 187 186 189 186 188 187 186 187 187 187 186 187 187 187 187 187 185 188 192 169 194 183 189 188 185 187 187 187 187 186 187 187 186 186 187 188 190 186 187 187 186 187 186 183 191 183 188 187 187 183 188 187 187 187 187 187 
187 187 187 186 187 187 187 187 187 186 188 186 187 186 187 186 187 186 188 187 187 186 186 189 182 190 188 188 171 194 183 184 187 187 187 187 186 188 188 187 187 187 187 185 185 186 188 186 187 187 185 191 185 186 188 187 185 191 186 186 188 187 187 187 
187 187 187 187 187 186 187 186 187 186 186 187 188 187 188 187 187 187 187 187 186 187 187 186 184 189 189 182 195 181 185 189 187 186 187 188 186 186 187 186 187 187 187 186 187 187 188 187 187 188 182 193 183 188 187 184 190 185 187 187 188 186 187 187 
187 187 187 187 187 187 187 187 187 187 187 186 187 188 187 187 186 187 187 187 188 186 188 187 188 183 189 183 188 199 183 189 185 187 186 187 187 187 187 187 187 188 188 187 188 187 187 187 187 188 184 189 185 186 186 186 188 186 186 187 186 187 187 187 
187 187 187 187 187 187 187 187 187 187 187 186 187 187 187 187 188 187 187 187 187 187 187 186 187 187 186 187 187 182 183 189 183 188 186 187 187 186 186 187 186 185 187 186 186 187 187 187 187 184 192 184 187 190 186 190 186 187 187 188 185 188 187 187 
187 187 187 187 187 187 186 187 187 187 187 187 187 187 188 187 186 188 187 187 186 187 186 187 187 187 187 188 179 182 188 189 186 191 185 186 188 184 190 185 187 187 187 187 187 188 186 187 187 183 190 184 187 184 186 187 186 188 185 189 185 188 187 187 
187 187 188 187 187 187 187 187 187 187 187 187 187 187 187 186 188 186 187 188 187 186 187 187 187 186 187 186 192 189 182 183 184 191 183 190 187 183 194 184 187 187 186 190 185 188 186 187 188 184 193 183 187 188 187 186 187 187 186 185 186 187 187 187 
187 187 187 187 187 186 187 187 187 187 187 187 187 187 187 187 186 187 187 187 187 187 187 188 187 187 188 186 182 198 175 191 190 184 186 190 186 186 185 189 188 186 184 185 187 186 187 187 187 185 186 190 186 187 187 187 186 188 186 188 187 187 187 187 
187 187 187 186 187 187 187 187 187 187 187 187 186 188 186 187 187 187 187 186 187 187 186 186 188 186 186 188 182 198 184 172 189 187 186 186 187 187 187 186 186 187 187 188 187 187 187 187 189 188 183 180 189 187 186 187 187 186 188 185 186 187 187 187 
187 187 187 187 187 186 187 187 187 187 186 188 187 187 187 187 186 187 187 187 186 187 187 186 186 187 187 185 184 185 196 191 190 186 188 187 187 187 187 187 187 187 188 186 187 187 187 187 189 182 187 190 187 187 188 186 186 188 187 185 189 185 187 187 
187 187 186 187 187 187 187 187 187 187 187 186 187 187 187 187 187 187 187 187 188 186 187 188 187 186 188 186 189 185 191 171 181 185 188 187 186 187 186 188 186 187 188 187 186 187 186 188 185 189 187 186 187 186 185 189 188 185 187 187 189 185 187 187 
187 187 187 187 187 186 187 187 187 187 186 187 187 186 187 187 186 187 186 187 187 187 187 187 186 187 187 184 190 186 185 196 192 189 183 192 185 187 186 187 186 187 185 188 186 187 189 186 186 185 189 187 185 187 189 185 186 186 188 183 189 184 187 187 
187 187 187 186 187 187 187 187 187 187 187 187 187 187 186 187 187 186 187 187 187 187 186 187 188 187 187 185 186 187 185 187 183 177 180 186 180 187 189 186 188 186 186 189 185 189 187 178 189 187 187 186 187 187 185 185 189 186 188 185 190 184 187 187 
187 187 187 187 187 187 187 187 187 187 187 187 186 187 187 187 187 188 186 187 186 187 187 187 186 187 188 187 187 187 188 184 193 190 191 189 189 191 181 188 187 184 189 185 185 185 184 190 190 187 187 187 188 185 190 187 185 186 187 186 189 184 187 187 
187 187 187 186 187 187 187 187 187 188 186 187 187 187 187 187 186 186 187 187 187 186 187 187 188 186 187 187 186 187 187 187 185 185 184 197 173 191 187 186 187 184 189 187 185 188 187 187 188 184 189 184 188 187 190 183 189 186 186 187 189 185 187 187 
187 187 187 187 187 186 187 187 188 187 187 187 186 187 187 187 187 187 187 187 187 187 188 186 186 187 186 188 187 187 187 187 186 187 184 195 178 185 191 185 188 183 189 187 176 201 173 194 184 188 186 186 188 184 187 186 187 187 187 187 188 184 187 187 
187 187 187 187 186 187 187 187 187 187 187 186 187 187 187 186 187 187 186 187 187 187 187 187 188 188 186 187 187 187 187 186 187 186 186 187 190 172 185 188 187 187 188 187 181 196 176 189 188 185 188 183 185 188 188 187 187 185 186 189 188 185 187 187 
187 187 187 187 187 187 187 186 187 187 187 187 186 187 187 187 187 187 187 187 186 188 186 186 187 186 187 188 186 187 187 187 186 187 187 186 186 200 181 185 186 188 187 184 185 190 188 186 187 186 188 185 189 187 184 186 188 187 186 186 187 187 187 187 
187 187 187 187 186 188 187 187 187 187 187 187 188 186 187 187 187 187 187 187 187 187 186 188 187 187 186 187 187 187 187 187 187 186 187 186 183 192 183 190 186 191 182 187 191 186 183 186 189 185 188 186 189 186 187 188 187 186 189 186 188 186 187 187 
187 187 187 187 187 187 186 187 187 187 187 187 186 186 187 186 187 187 187 187 186 187 187 187 187 187 187 187 187 187 186 187 186 187 188 186 184 198 171 196 184 191 183 191 187 186 188 182 190 185 187 185 187 187 187 186 187 188 186 185 188 187 187 187 
187 187 187 186 186 187 187 187 187 187 187 187 187 187 187 186 186 188 186 186 187 188 187 187 187 186 187 187 187 187 187 187 187 186 187 186 185 191 181 169 181 176 186 193 182 185 188 184 190 187 186 187 187 187 187 186 187 186 186 187 187 187 187 187 
187 187 187 187 188 187 187 187 187 187 187 187 186 188 186 187 187 187 187 187 188 187 187 187 186 187 188 187 186 186 188 187 187 187 187 187 187 184 190 196 202 183 179 195 182 189 183 188 188 184 187 188 185 187 188 186 188 188 187 188 186 187 187 187 
187 187 187 187 187 187 187 187 187 187 187 187 187 187 187 186 186 187 188 186 187 187 187 187 186 187 187 185 190 187 187 187 187 186 187 186 188 186 186 182 194 178 185 199 180 188 185 184 191 186 186 188 185 187 188 186 187 186 187 186 187 187 187 187 
187 187 187 187 187 187 187 187 187 187 187 187 187 186 187 187 187 187 187 187 187 187 187 187 188 187 188 184 188 186 187 187 186 189 186 187 185 186 189 189 192 185 176 189 184 190 185 186 185 186 188 187 188 187 186 187 187 187 187 187 187 187 187 187 
187 187 187 187 187 187 187 187 187 187 186 187 188 187 187 187 187 187 187 187 186 187 186 187 186 186 186 190 188 185 187 186 187 187 185 184 192 192 184 187 182 186 188 188 187 184 190 185 187 187 185 185 185 188 186 188 188 187 187 187 187 187 187 187 
187 187 187 187 187 187 187 187 186 186 187 187 186 187 186 187 186 187 187 187 186 188 188 186 187 187 187 184 189 185 187 186 186 184 189 195 178 179 178 181 184 181 190 186 188 184 194 184 186 194 188 190 190 185 184 187 186 187 186 187 187 187 187 187 
187 187 187 187 187 187 186 187 187 187 186 187 187 186 187 187 187 188 187 187 187 187 187 187 187 187 187 185 188 186 186 183 190 196 189 174 185 198 185 196 193 178 177 187 186 186 187 185 182 185 188 179 187 187 191 185 189 186 187 187 187 187 187 187 
187 187 187 187 187 187 187 187 187 187 187 187 187 188 187 187 187 187 187 187 186 187 186 187 187 186 187 187 187 184 187 197 186 175 183 188 194 179 189 191 182 192 208 187 189 191 188 188 185 189 187 185 186 187 186 185 188 187 187 187 187 187 187 187 
187 187 187 187 187 187 187 187 188 187 186 187 186 186 187 187 187 187 187 187 187 187 187 187 187 187 187 184 183 195 190 171 191 181 190 187 181 182 182 178 184 178 169 175 179 180 188 180 187 188 187 188 187 185 186 189 190 187 187 187 187 187 187 187 
187 187 187 187 187 187 187 186 187 187 187 187 188 187 187 187 187 187 187 187 186 187 188 187 187 186 182 191 195 175 184 190 178 192 184 196 179 195 189 184 195 189 191 198 186 188 185 200 178 188 190 183 189 187 184 185 186 187 187 187 187 187 187 187 
187 187 187 187 187 187 187 187 187 186 187 186 187 187 187 188 187 186 188 186 187 187 187 187 184 188 200 187 169 195 184 182 191 185 193 173 194 184 189 175 193 185 183 188 188 190 177 183 191 179 186 191 186 184 188 187 187 187 187 187 187 187 187 187 
187 187 187 187 187 187 187 187 187 187 187 187 187 186 186 186 187 186 187 187 187 187 183 186 197 185 171 180 195 179 186 189 185 188 187 183 187 186 192 174 197 182 188 186 190 184 184 184 191 191 185 184 186 188 187 187 187 187 187 187 187 187 187 187 
187 187 187 187 187 187 187 187 187 187 187 187 187 187 187 187 187 187 187 187 186 183 196 189 177 181 192 194 178 191 188 187 187 193 175 194 186 186 192 173 197 180 188 184 184 192 185 192 177 191 191 182 188 187 187 187 187 187 187 187 187 187 187 187 
187 187 187 187 187 187 187 187 187 187 187 186 188 186 187 187 186 187 187 184 187 201 176 182 188 189 190 177 193 187 185 185 193 179 188 186 188 185 194 172 198 183 188 187 187 189 184 187 189 183 184 186 187 187 187 187 187 187 187 187 187 187 187 187 
187 187 187 187 187 187 187 187 187 187 187 187 187 187 187 187 187 186 183 197 187 169 189 187 188 187 178 191 184 186 185 188 187 180 196 185 186 185 195 173 198 183 188 185 187 186 189 184 184 193 185 188 187 187 187 187 187 187 187 187 187 187 187 187 
187 187 187 187 187 187 187 187 187 187 187 187 187 187 187 187 183 189 196 176 184 190 186 188 188 179 195 185 188 187 186 191 179 190 185 186 186 184 190 178 191 184 186 187 188 182 192 185 186 188 183 187 187 187 187 187 187 187 187 187 187 187 187 187 
187 187 187 187 187 187 187 187 187 187 187 187 187 187 187 184 191 200 171 188 187 186 189 183 180 192 182 187 187 185 192 182 190 185 187 187 188 186 189 179 198 181 187 187 186 185 184 188 186 188 187 187 187 187 187 187 187 187 187 187 187 187 187 187 
187 187 187 187 187 187 187 187 187 187 187 187 187 187 187 190 185 172 187 194 183 191 182 183 196 183 187 190 187 188 186 181 193 183 187 188 186 188 186 180 197 182 188 188 187 189 189 188 186 187 187 187 187 187 187 187 187 187 187 187 187 187 187 187 
187 187 187 187 187 187 187 187 187 187 187 187 187 187 187 186 187 188 188 185 190 181 189 192 181 189 187 180 188 188 183 190 187 187 187 185 187 189 184 181 195 182 187 185 187 184 187 187 187 187 187 187 187 187 187 187 187 187 187 187 187 187 187 187 
187 187 187 187 187 187 187 187 187 187 187 187 187 187 187 187 187 187 187 187 185 187 188 184 185 188 185 193 189 184 184 192 184 188 189 187 187 190 183 178 196 183 188 188 188 186 187 187 187 187 187 187 187 187 187 187 187 187 187 187 187 187 187 187 
187 187 187 187 187 187 187 187 187 187 187 187 187 187 187 187 187 187 187 187 187 187 186 187 189 187 185 188 184 182 191 180 187 186 184 186 186 187 189 187 187 187 186 186 187 187 187 187 187 187 187 187 187 187 187 187 187 187 187 187 187 187 187 187 
187 187 187 187 187 187 187 187 187 187 187 187 187 187 187 187 187 187 187 187 187 187 187 187 186 187 186 189 186 188 189 188 187 188 187 187 186 187 185 186 188 187 187 187 187 187 187 187 187 187 187 187 187 187 187 187 187 187 187 187 187 187 187 187 
187 187 187 187 187 187 187 187 187 187 187 187 187 187 187 187 187 187 187 187 187 187 187 187 187 187 187 187 186 187 186 186 187 186 187 187 187 187 187 187 187 187 187 187 187 187 187 187 187 187 187 187 187 187 187 187 187 187 187 187 187 187 187 187 
