187 187 187 187 187 187 187 187 187 187 187 187 187 187 187 187 187 187 187 187 187 187 187 187 187 187 187 187 186 187 186 186 186 186 186 187 187 187 187 187 187 187 187 187 187 187 187 187 187 187 187 187 187 187 187 187 187 187 187 187 187 187 187 187 
187 187 187 187 187 187 187 187 187 187 187 187 187 187 187 187 187 187 187 187 187 187 187 187 188 186 189 187 187 186 186 187 187 187 186 187 186 187 187 187 187 187 187 187 187 187 187 187 187 187 187 187 187 187 187 187 187 187 187 187 187 187 187 187 
187 187 187 187 187 187 187 187 187 187 187 187 187 187 187 187 187 187 187 187 186 186 187 187 187 185 189 186 187 188 188 186 188 185 187 187 184 190 184 187 188 187 187 187 187 187 187 187 187 187 187 187 187 187 187 187 187 187 187 187 187 187 187 187 
187 187 187 187 187 187 187 187 187 187 187 187 187 187 187 187 187 187 187 186 189 188 186 185 188 184 187 186 184 187 188 184 185 188 189 185 191 186 188 188 185 186 186 187 187 187 187 187 187 187 187 187 187 187 187 187 187 187 187 187 187 187 187 187 
187 187 187 187 187 187 187 187 187 187 187 187 187 187 187 187 187 187 185 185 187 185 190 187 189 185 186 186 187 188 185 186 189 187 186 188 185 185 185 186 185 185 190 187 187 188 187 187 187 187 187 187 187 187 187 187 187 187 187 187 187 187 187 187 
187 187 187 187 187 187 187 187 187 187 187 187 187 187 187 187 187 184 189 184 189 184 187 186 185 188 188 190 185 185 189 188 187 185 188 186 188 188 188 190 186 188 183 188 188 188 186 187 187 186 187 187 187 187 187 187 187 187 187 187 187 187 187 187 
187 187 187 187 187 187 187 187 187 187 187 187 187 187 187 183 187 189 185 187 187 188 189 184 189 187 185 185 190 190 181 188 187 185 188 186 187 184 184 189 186 188 188 188 183 189 185 186 187 188 187 187 187 187 187 187 187 187 187 187 187 187 187 187 
187 187 187 187 187 187 187 187 187 187 187 187 187 189 185 192 186 186 187 188 186 185 187 186 187 186 184 184 186 184 187 188 186 186 189 182 187 186 190 183 187 189 182 187 187 186 187 184 190 187 185 188 187 187 187 187 187 187 187 187 187 187 187 187 
187 187 187 187 187 187 187 187 187 187 187 187 185 187 188 182 185 187 181 190 188 186 187 188 190 187 188 185 189 188 189 187 187 188 187 185 189 189 184 185 188 188 185 186 187 185 185 188 185 188 187 184 187 187 187 187 187 187 187 187 187 187 187 187 
187 187 187 187 187 187 187 187 187 187 187 188 190 182 188 188 189 190 189 187 187 187 186 182 187 185 186 188 188 188 185 185 188 184 190 188 183 189 186 188 189 184 187 187 188 190 186 188 185 188 184 189 187 188 187 187 187 187 187 187 187 187 187 187 
187 187 187 187 187 187 187 187 187 186 190 187 187 184 187 190 184 188 181 188 185 189 188 187 185 187 189 186 188 186 187 187 185 189 183 189 187 187 186 186 188 186 184 191 184 190 180 191 187 188 186 186 187 188 187 187 187 187 187 187 187 187 187 187 
187 187 187 187 187 187 187 187 187 187 188 183 186 189 186 184 186 187 188 187 186 187 187 187 188 186 186 187 186 184 188 187 191 184 186 189 184 189 188 183 187 188 189 181 187 184 186 189 186 186 186 187 187 186 185 188 187 187 187 187 187 187 187 187 
187 187 187 187 187 187 187 186 186 185 189 186 188 188 190 184 190 189 184 190 186 187 185 188 186 187 188 189 187 189 183 187 187 187 185 187 186 186 189 184 187 187 187 186 190 186 188 191 185 184 189 183 189 186 188 186 186 187 187 187 187 187 187 187 
187 187 187 187 187 187 186 188 188 188 187 185 188 184 186 188 186 188 187 186 183 189 185 186 183 185 187 183 185 186 192 186 184 190 185 184 188 185 186 186 187 188 184 187 187 183 187 182 192 182 190 185 185 187 185 189 187 186 187 187 187 187 187 187 
187 187 187 187 187 187 187 186 188 187 187 185 189 185 184 188 183 189 185 185 189 185 188 191 191 187 188 187 186 185 187 185 185 187 186 189 186 188 186 186 186 187 187 189 184 188 184 187 185 186 193 184 188 188 189 185 190 186 187 187 187 187 187 187 
187 187 187 187 187 187 185 187 187 185 188 189 186 186 190 191 185 185 186 187 186 190 185 185 186 185 188 190 187 187 189 188 190 186 189 185 187 187 188 189 188 182 189 189 188 188 184 190 187 185 186 188 183 184 184 186 184 187 187 187 187 187 187 187 
187 187 187 187 187 187 189 184 188 184 189 185 188 184 188 184 184 188 186 188 185 185 187 188 187 185 186 184 188 186 183 189 185 187 186 188 186 188 186 187 187 187 183 187 187 186 188 188 188 184 184 189 189 187 188 190 187 187 187 187 187 187 187 187 
187 187 187 187 186 189 184 187 191 184 186 186 186 185 190 186 186 188 189 187 185 187 189 188 185 188 184 190 185 190 186 187 185 188 188 187 184 184 188 183 186 189 189 184 187 181 190 183 187 189 185 187 188 188 183 189 185 186 188 187 187 187 187 187 
187 187 187 187 188 186 189 188 184 188 188 187 189 185 190 186 187 188 184 187 190 184 187 186 189 187 186 189 184 186 185 186 189 184 184 186 187 187 193 187 187 187 186 186 188 188 190 188 188 187 187 188 185 188 190 183 187 187 184 188 187 187 187 187 
187 187 187 187 186 186 182 187 186 184 191 186 184 187 187 186 186 187 187 189 187 187 186 185 186 187 186 188 185 186 188 186 189 187 192 188 186 188 184 184 187 189 185 187 187 185 187 186 187 188 185 186 187 185 183 187 190 187 188 189 187 187 187 187 
187 187 187 187 185 188 188 192 186 188 187 186 189 189 183 186 189 187 186 188 185 187 185 190 186 185 187 190 185 186 191 186 186 185 186 185 189 186 187 190 185 182 186 187 186 188 190 183 184 189 187 186 187 187 187 192 184 184 184 184 186 187 187 187 
187 187 187 188 186 186 182 185 188 184 190 185 192 183 188 189 186 187 186 187 188 187 186 185 188 188 185 185 187 189 185 186 187 186 188 186 188 186 187 186 187 188 191 188 185 186 183 188 186 185 184 188 184 188 185 185 188 187 189 190 189 187 187 187 
187 187 186 186 186 191 186 188 188 184 187 183 185 183 191 184 186 187 188 184 185 186 190 187 188 185 190 189 186 188 185 187 185 189 188 188 186 188 186 187 186 187 184 185 190 188 187 190 189 185 193 184 190 186 188 184 187 186 187 184 189 186 187 187 
187 187 188 187 184 188 187 187 189 183 188 187 188 187 187 187 187 186 187 186 191 183 190 184 186 186 186 183 186 188 189 186 187 189 184 187 187 184 187 186 189 181 186 189 184 189 181 187 187 186 186 187 188 186 187 189 186 188 187 190 185 188 187 187 
187 187 184 186 189 188 186 185 185 188 192 184 187 188 186 187 182 190 190 186 185 187 186 186 185 186 186 190 186 190 185 186 184 187 187 187 189 187 189 185 187 191 189 185 189 185 187 188 186 187 190 187 184 186 187 186 183 190 185 183 187 189 187 187 
187 186 185 188 186 184 188 187 188 184 185 186 186 186 185 189 189 187 184 186 191 186 187 187 185 189 189 185 186 184 188 186 188 184 187 184 187 186 183 188 188 185 183 187 190 185 188 184 187 182 186 187 185 189 188 186 187 188 187 184 187 187 186 187 
187 186 188 190 188 186 189 189 186 188 189 187 187 190 184 190 186 189 188 185 189 182 188 187 190 187 187 185 187 188 184 186 190 187 187 185 185 189 188 188 186 187 188 186 184 187 188 186 188 186 187 186 188 188 184 188 185 187 190 187 185 187 187 187 
187 188 187 185 186 185 186 186 184 187 187 187 185 189 186 185 184 183 186 189 187 185 189 187 185 183 187 189 187 190 184 188 186 188 189 187 191 185 188 187 188 186 189 184 190 188 187 185 191 186 184 187 188 189 183 188 187 185 184 191 186 187 187 187 
187 186 187 188 185 186 185 191 183 186 185 188 186 185 184 190 184 190 191 186 186 185 187 187 190 189 187 185 187 185 188 189 186 186 184 188 187 186 185 187 185 185 186 186 187 184 183 187 186 186 190 185 186 185 191 187 189 188 190 183 187 190 186 186 
187 187 189 188 187 186 186 187 192 188 185 186 184 188 188 187 188 187 184 186 186 183 187 186 186 186 185 186 188 187 187 185 187 186 188 186 185 185 188 185 188 188 185 187 189 190 189 186 183 189 189 188 186 185 184 185 185 184 188 187 187 187 186 187 
187 185 188 187 183 188 188 188 186 184 189 189 188 188 185 184 186 185 187 189 187 189 186 184 189 184 190 188 184 189 183 188 189 186 188 186 188 187 185 186 189 188 188 184 188 183 185 190 188 182 187 184 187 187 185 189 186 187 187 185 185 184 187 186 
186 186 185 187 185 189 185 187 188 187 185 187 184 188 185 188 186 188 188 186 184 188 189 183 191 182 187 184 186 185 191 186 187 187 185 187 186 188 185 186 189 186 186 189 188 188 188 185 186 186 189 185 191 183 189 186 188 186 186 188 188 187 187 187 
187 188 188 188 189 184 188 184 191 184 187 184 189 185 189 186 190 183 187 188 185 189 185 187 190 188 191 185 190 185 185 188 184 186 188 186 189 189 187 186 190 185 185 186 188 185 185 185 188 188 185 185 190 187 187 186 188 189 185 188 188 188 185 187 
187 186 187 185 186 187 190 188 187 187 189 183 189 186 188 186 185 187 188 190 183 186 187 187 186 187 185 186 189 186 188 184 188 189 188 188 186 184 189 185 185 189 191 184 190 185 188 188 189 187 188 186 184 184 190 189 182 187 186 187 185 186 187 187 
187 187 186 187 185 189 183 186 185 185 184 189 187 186 185 186 188 186 186 187 188 189 182 189 185 188 187 186 183 190 183 190 183 186 186 186 186 186 187 185 185 185 185 187 187 184 186 187 188 188 185 186 188 189 183 188 190 184 186 187 187 187 188 187 
187 187 184 189 187 189 188 186 185 193 186 188 186 188 187 186 186 184 188 187 186 189 184 188 188 185 186 189 189 185 187 186 185 188 188 186 188 187 185 191 189 186 187 185 185 186 189 187 182 186 186 187 185 186 186 187 185 184 189 188 185 186 188 187 
187 186 185 187 188 185 187 189 187 184 185 185 187 186 189 186 188 189 187 188 185 187 187 188 188 187 186 185 186 183 190 186 188 186 187 189 186 188 186 184 185 189 189 187 190 184 189 185 190 190 184 187 188 189 187 188 189 190 186 185 187 186 188 186 
187 187 186 186 185 185 186 188 186 189 186 190 184 186 185 188 185 187 188 184 187 188 188 186 183 188 187 189 186 189 187 188 187 186 186 186 186 186 190 186 185 184 187 184 187 190 185 188 185 186 187 187 189 187 185 183 185 186 186 189 185 186 187 187 
187 188 187 191 186 190 188 186 185 188 184 188 189 183 188 185 190 185 187 185 189 184 187 187 190 181 188 190 184 187 187 189 188 185 185 189 187 186 185 186 187 190 185 187 186 187 186 189 187 187 191 185 184 186 190 187 188 189 184 192 187 186 187 187 
187 187 186 187 184 187 185 190 183 187 186 187 188 189 184 188 189 184 188 187 188 188 184 186 186 188 189 185 184 189 185 189 181 189 187 187 188 184 187 189 186 187 186 191 184 190 182 188 187 185 187 188 186 184 186 188 184 188 185 186 186 188 187 187 
187 186 186 188 187 186 184 185 185 185 187 187 186 184 188 185 189 187 187 185 184 189 190 188 188 182 186 186 189 186 184 190 183 184 186 185 184 187 186 186 186 187 186 188 187 186 190 185 185 187 185 185 189 188 189 185 186 188 189 183 188 187 187 187 
187 187 187 187 185 188 190 190 188 187 190 186 189 189 186 186 185 186 188 190 185 187 183 182 191 190 187 185 188 185 189 189 187 188 191 189 188 187 184 188 187 184 188 181 188 187 185 182 190 189 187 185 184 187 186 189 185 184 187 184 187 187 187 187 
187 187 187 187 184 189 185 186 185 187 184 185 184 187 187 190 186 187 189 185 188 185 191 188 189 181 189 187 189 185 186 185 187 188 187 183 185 187 188 187 190 187 188 191 187 185 186 192 188 187 184 190 192 187 186 186 189 187 189 185 188 187 187 187 
187 187 187 185 186 190 186 185 191 187 189 186 188 189 183 187 187 184 187 186 187 185 185 187 188 187 186 186 187 187 191 187 187 184 187 188 186 189 190 188 185 184 184 184 191 188 186 188 182 189 185 186 185 186 188 185 188 186 186 191 185 187 187 187 
187 187 187 188 187 186 186 188 186 184 187 189 187 188 187 186 184 189 188 185 188 189 185 187 185 189 182 186 189 188 183 186 188 186 186 189 183 183 184 189 186 188 189 189 184 187 188 188 186 188 184 187 187 187 186 185 186 186 187 187 186 187 187 187 
187 187 187 186 188 183 188 186 188 187 185 185 186 187 187 190 186 187 188 187 187 186 186 188 188 186 187 185 187 184 190 188 187 186 186 188 191 188 189 187 183 188 187 184 186 188 186 184 187 187 189 184 188 187 187 187 186 184 188 188 186 187 187 187 
187 187 187 187 187 188 187 188 184 188 187 188 186 186 185 187 185 187 185 190 186 186 190 184 187 190 188 186 188 185 187 185 187 190 183 188 186 186 185 190 188 188 190 185 187 191 183 188 187 186 188 185 186 186 190 186 187 189 186 187 187 187 187 187 
187 187 187 187 187 186 184 189 186 184 187 187 188 186 186 191 184 189 184 184 186 186 185 186 186 184 186 187 188 186 188 188 185 187 189 186 184 189 184 186 185 187 185 187 179 189 187 186 190 185 187 190 185 186 187 186 186 187 186 187 187 187 187 187 
187 187 187 187 187 187 187 186 184 191 184 188 184 190 185 186 184 188 188 189 188 186 185 184 192 186 185 188 189 184 187 186 186 184 185 190 185 188 186 186 186 189 185 191 187 187 184 188 185 185 184 189 186 187 189 188 190 186 187 187 187 187 187 187 
187 187 187 187 187 187 187 189 188 189 187 188 186 186 190 187 187 185 186 185 185 188 190 188 186 188 187 184 186 186 188 190 188 188 191 182 186 184 189 185 185 189 183 190 187 188 191 184 189 190 190 186 192 182 186 182 186 187 187 187 187 187 187 187 
187 187 187 187 187 187 186 188 186 186 185 185 187 184 186 185 186 188 186 189 186 187 185 185 187 186 189 185 190 184 186 186 184 185 186 185 189 186 186 188 190 186 191 184 185 182 185 190 184 187 187 184 183 185 190 189 187 187 187 187 187 187 187 187 
187 187 187 187 187 187 187 187 189 187 186 188 186 185 191 188 184 189 185 186 189 189 187 184 187 187 186 185 187 189 185 188 190 186 189 186 188 186 187 187 187 185 185 185 186 190 188 188 182 188 187 188 186 188 190 185 186 187 187 187 187 187 187 187 
187 187 187 187 187 187 187 187 188 184 189 188 187 186 186 187 187 187 186 188 183 183 188 186 191 188 186 187 189 186 186 186 184 187 188 185 185 185 188 185 187 186 184 190 188 185 185 188 186 188 186 186 188 184 189 187 187 187 187 187 187 187 187 187 
187 187 187 187 187 187 187 187 187 187 187 188 185 187 187 188 187 185 187 184 189 188 188 185 186 189 186 186 185 187 187 188 190 184 188 189 186 189 185 189 187 186 188 184 188 187 186 185 186 191 183 187 187 188 187 187 187 187 187 187 187 187 187 187 
187 187 187 187 187 187 187 187 187 187 187 186 187 189 183 188 188 188 186 185 186 188 186 186 184 184 186 188 186 189 183 187 187 188 186 185 186 189 185 186 188 187 185 187 188 185 190 184 188 189 184 187 186 187 187 187 187 187 187 187 187 187 187 187 
187 187 187 187 187 187 187 187 187 187 187 186 186 187 186 186 183 189 190 190 187 186 189 184 190 189 190 188 188 184 187 188 185 190 186 187 188 185 188 186 184 186 189 190 185 184 188 187 188 185 186 187 187 186 187 187 187 187 187 187 187 187 187 187 
187 187 187 187 187 187 187 187 187 187 187 187 186 187 187 188 188 187 184 184 186 186 187 189 185 186 186 184 189 184 185 187 186 186 184 186 188 186 185 188 189 187 187 186 187 189 186 187 184 189 187 187 187 187 187 187 187 187 187 187 187 187 187 187 
187 187 187 187 187 187 187 187 187 187 187 187 187 187 187 185 187 187 184 190 185 187 186 185 187 189 187 190 185 187 189 186 188 188 186 188 189 183 192 184 185 186 189 188 184 188 182 189 187 187 187 187 187 187 187 187 187 187 187 187 187 187 187 187 
187 187 187 187 187 187 187 187 187 187 187 187 187 187 187 187 188 185 187 187 190 184 188 189 184 185 185 183 189 188 187 187 186 186 185 190 187 187 185 186 188 184 185 187 184 188 189 188 187 186 187 187 187 187 187 187 187 187 187 187 187 187 187 187 
187 187 187 187 187 187 187 187 187 187 187 187 187 187 187 187 187 187 188 187 186 188 187 188 184 187 186 187 187 186 186 185 189 186 188 187 187 190 186 187 188 187 188 186 188 186 186 187 187 187 187 187 187 187 187 187 187 187 187 187 187 187 187 187 
187 187 187 187 187 187 187 187 187 187 187 187 187 187 187 187 187 187 186 188 186 187 184 189 188 186 191 187 186 187 187 186 189 185 187 186 186 185 188 183 187 186 189 187 187 187 187 187 187 187 187 187 187 187 187 187 187 187 187 187 187 187 187 187 
187 187 187 187 187 187 187 187 187 187 187 187 187 187 187 187 187 187 187 187 187 187 187 185 188 186 187 187 187 186 188 186 187 189 187 185 188 186 187 186 187 187 187 187 187 187 187 187 187 187 187 187 187 187 187 187 187 187 187 187 187 187 187 187 
187 187 187 187 187 187 187 187 187 187 187 187 187 187 187 187 187 187 187 187 187 187 187 186 187 187 187 187 187 188 188 185 184 188 186 188 187 187 187 187 187 187 187 187 187 187 187 187 187 187 187 187 187 187 187 187 187 187 187 187 187 187 187 187 
187 187 187 187 187 187 187 187 187 187 187 187 187 187 187 187 187 187 187 187 187 187 187 187 187 187 187 187 186 187 186 187 187 187 186 187 187 187 187 187 187 187 187 187 187 187 187 187 187 187 187 187 187 187 187 187 187 187 187 187 187 187 187 187 
