187 187 187 187 187 187 187 187 187 187 187 187 187 187 187 187 187 187 187 187 187 187 187 187 187 187 187 187 187 187 187 187 187 187 187 187 187 187 187 187 187 187 187 187 187 187 187 187 187 187 187 187 187 187 187 187 187 187 187 187 187 187 187 187 
187 187 187 187 187 187 187 187 187 187 187 187 187 187 187 187 187 187 187 187 187 187 187 187 187 187 187 187 187 187 187 187 187 187 187 187 187 187 187 187 187 187 187 187 187 187 187 187 187 187 187 187 187 187 187 187 187 187 187 187 187 187 187 187 
187 187 187 187 187 187 187 187 187 187 187 187 187 187 187 187 187 187 187 187 187 187 187 187 187 187 187 187 187 187 187 187 187 187 187 187 187 187 187 187 187 187 187 187 187 187 187 187 187 187 187 187 187 187 187 187 187 187 187 187 187 187 187 187 
187 187 187 187 187 187 187 187 187 187 187 187 187 187 187 187 187 187 187 187 187 187 187 187 187 187 187 187 187 187 187 187 187 187 187 187 187 187 187 187 187 187 187 187 187 187 187 187 187 187 187 187 187 187 187 187 187 187 187 187 187 187 187 187 
187 187 187 187 187 187 187 187 187 187 187 187 187 187 187 187 187 187 187 187 187 187 187 187 187 187 187 187 187 187 187 187 187 187 187 187 187 187 187 187 187 187 187 187 187 187 187 187 187 187 187 187 187 187 187 187 187 187 187 187 187 187 187 187 
187 187 187 187 187 187 187 187 187 187 187 187 187 187 187 187 187 187 187 187 187 187 187 187 187 187 187 187 187 187 187 187 187 187 187 187 187 187 187 187 187 187 187 187 187 187 187 187 187 187 187 187 187 187 187 187 187 187 187 187 187 187 187 187 
187 187 187 187 187 187 187 187 187 187 187 187 187 187 187 187 187 187 187 187 187 187 187 187 187 187 187 187 187 187 187 187 187 187 187 187 187 187 187 187 187 187 187 187 187 187 187 187 187 187 187 187 187 187 187 187 187 187 187 187 187 187 187 187 
187 187 187 187 187 187 187 187 187 187 187 187 187 187 187 187 187 187 187 187 187 187 187 187 187 187 187 187 187 187 187 187 187 187 187 187 187 187 187 187 187 187 187 187 187 187 187 187 187 187 187 187 187 187 187 187 187 187 187 187 187 187 187 187 
187 187 187 187 187 187 187 187 187 187 187 187 187 187 187 187 187 187 187 187 187 187 187 187 187 187 187 187 187 187 187 187 187 187 187 187 187 187 187 187 187 187 187 187 187 187 187 187 187 187 187 187 187 187 187 187 187 187 187 187 187 187 187 187 
187 187 187 187 187 187 187 187 187 187 187 187 187 187 187 187 187 187 187 187 187 187 187 187 187 187 187 187 187 187 187 187 187 187 187 187 187 187 187 187 187 187 187 187 187 187 187 187 187 187 187 187 187 187 187 187 187 187 187 187 187 187 187 187 
187 187 187 187 187 187 187 187 187 187 187 187 187 187 187 187 187 187 187 187 187 187 187 187 187 187 187 187 187 187 187 187 187 187 187 187 187 187 187 187 187 187 187 187 187 187 187 187 187 187 187 187 187 187 187 187 187 187 187 187 187 187 187 187 
187 187 187 187 187 187 187 187 187 187 187 187 187 187 187 187 187 187 187 187 187 187 187 187 187 187 187 187 187 187 187 187 187 187 187 187 187 187 187 187 187 187 187 187 187 187 187 187 187 187 187 187 187 187 187 187 187 187 187 187 187 187 187 187 
187 187 187 187 187 187 187 187 187 187 187 187 187 187 187 187 187 187 187 187 187 187 187 187 187 187 187 187 187 187 187 187 187 187 187 187 187 187 187 187 187 187 187 187 187 187 187 187 187 187 187 187 187 187 187 187 187 187 187 187 187 187 187 187 
187 187 187 187 187 187 187 187 187 187 187 187 187 187 187 187 187 187 187 187 187 187 187 187 187 187 187 187 187 187 187 187 187 187 187 187 187 187 187 187 187 187 187 187 187 187 187 187 187 187 187 187 187 187 187 187 187 187 187 187 187 187 187 187 
187 187 187 187 187 187 187 187 187 187 187 187 187 187 187 187 187 187 187 187 187 187 187 187 187 187 187 187 187 187 187 187 187 187 187 187 187 187 187 187 187 187 187 187 187 187 187 187 187 187 187 187 187 187 187 187 187 187 187 187 187 187 187 187 
187 187 187 187 187 187 187 187 187 187 187 187 187 187 187 187 187 187 187 187 187 187 187 187 187 187 187 187 187 187 187 187 187 187 187 187 187 187 187 187 187 187 187 187 187 187 187 187 187 187 187 187 187 187 187 187 187 187 187 187 187 187 187 187 
187 187 187 187 186 186 186 186 187 187 187 186 186 186 187 187 186 186 186 187 187 187 186 186 187 187 187 186 186 186 187 187 187 186 187 187 187 187 187 186 187 187 187 187 187 186 186 187 187 187 186 186 186 186 187 187 187 186 186 186 187 187 187 187 
187 187 187 192 232 240 240 240 83 56 211 240 240 178 56 83 237 240 240 81 56 216 240 240 233 196 221 239 240 240 186 68 125 235 105 57 63 186 223 237 104 57 57 57 56 109 239 227 141 187 240 223 237 188 56 57 56 198 240 232 192 187 187 187 
187 187 187 215 254 255 255 255 46 89 254 255 255 212 2 0 196 255 255 46 77 254 255 202 204 251 254 255 255 255 254 247 255 234 0 0 124 255 255 255 164 9 196 139 0 0 245 255 255 255 255 111 29 5 0 0 0 19 196 254 214 186 187 187 
187 187 191 241 251 232 255 255 185 238 255 255 255 255 63 5 219 255 255 182 229 255 228 17 0 23 215 255 255 255 255 255 255 186 0 0 216 255 255 255 248 117 255 237 6 0 216 255 255 255 255 151 0 0 0 0 0 11 173 255 212 182 187 187 
187 187 207 252 91 15 192 255 255 255 255 255 225 94 4 48 137 175 176 92 237 255 113 0 0 114 255 255 255 255 255 255 255 185 0 0 164 247 251 255 255 255 255 255 140 23 204 255 255 255 227 16 0 0 0 11 139 238 255 255 175 157 187 187 
187 187 231 191 0 0 6 238 255 243 175 147 22 0 0 0 0 0 0 0 101 255 166 0 0 170 255 255 218 254 255 255 255 162 0 0 41 255 255 255 255 255 255 255 255 253 239 59 142 226 40 0 0 0 0 172 255 255 255 255 183 105 186 187 
187 184 75 6 45 9 29 250 235 32 66 200 235 186 133 17 0 12 81 88 100 255 251 42 0 182 255 245 11 199 255 255 217 16 0 0 37 254 255 255 255 252 240 255 255 255 239 44 125 168 0 0 0 0 0 164 255 255 252 244 130 50 178 187 
187 157 15 61 255 247 137 96 75 171 254 255 255 255 255 251 249 251 255 255 255 255 255 86 0 172 255 211 0 77 253 255 83 0 0 0 2 192 254 255 238 62 3 129 255 255 255 255 255 254 68 0 0 0 0 79 255 229 33 0 1 108 184 187 
186 122 0 67 255 255 156 0 77 247 171 248 255 255 255 255 255 255 255 255 255 255 189 7 0 171 255 226 0 0 99 255 171 97 42 25 0 0 39 43 14 0 0 0 248 255 253 255 255 255 115 0 57 7 6 156 255 137 0 0 75 254 224 187 
185 82 0 2 233 255 185 0 13 39 0 154 255 199 200 255 255 242 243 255 255 253 33 0 0 110 255 238 0 0 51 255 255 255 255 253 221 25 0 0 0 72 182 187 226 152 35 191 255 255 59 47 253 240 242 255 255 112 0 0 116 255 237 188 
180 50 0 17 240 253 76 0 0 0 0 146 255 138 0 89 94 8 9 103 231 195 0 0 0 48 255 254 38 0 126 255 255 200 87 192 255 128 0 0 5 221 255 252 32 0 0 29 253 255 209 203 255 255 255 255 255 134 0 0 145 255 246 186 
184 46 0 120 255 236 0 0 0 0 39 232 255 220 0 0 0 0 0 3 30 12 0 0 0 39 255 255 123 0 132 253 244 18 0 9 213 226 68 77 175 255 255 247 16 0 0 43 254 255 255 227 119 134 70 121 254 156 0 59 251 255 189 171 
206 227 11 77 255 232 0 0 107 201 248 255 255 196 0 0 120 242 233 247 237 20 0 22 108 194 255 255 254 193 0 52 253 147 10 0 153 255 255 255 255 255 255 255 208 119 70 172 255 255 250 62 0 0 7 65 210 25 0 128 255 255 237 186 
211 254 60 0 205 163 0 0 218 255 255 254 255 233 47 0 167 255 255 255 255 150 97 238 255 255 188 213 255 243 3 91 255 255 215 111 230 255 255 255 252 173 134 240 255 255 255 255 255 235 78 0 8 129 241 255 185 0 0 66 255 255 254 211 
215 254 101 62 147 9 0 0 236 255 107 124 255 255 247 26 2 189 255 255 255 255 255 255 255 216 20 234 255 255 145 198 255 255 255 255 255 255 242 159 61 0 0 66 252 255 255 174 66 13 0 60 240 255 255 255 241 7 0 4 200 203 140 192 
200 136 108 254 254 37 0 0 182 221 4 66 255 255 255 86 0 108 255 255 255 255 255 255 216 27 3 225 255 255 248 83 217 255 255 255 255 255 133 0 0 0 0 0 165 255 233 10 0 0 0 110 254 230 243 255 255 106 0 0 0 0 0 138 
137 0 102 255 255 69 0 0 63 141 0 7 225 255 255 142 16 180 255 250 90 187 255 255 158 2 0 84 254 255 184 0 4 52 66 247 255 255 114 0 0 0 0 0 60 255 214 0 0 0 0 25 61 0 13 102 251 249 56 0 0 0 0 138 
142 3 83 255 255 57 0 39 212 248 38 0 76 247 255 254 250 255 255 161 0 70 255 255 255 87 0 0 189 255 127 0 0 0 4 237 255 255 129 11 182 223 72 0 59 255 255 153 23 8 8 0 0 0 0 11 247 255 221 8 0 9 140 211 
169 142 240 255 253 28 126 248 255 255 132 0 0 119 255 255 255 255 243 30 0 48 255 255 255 182 0 0 99 255 185 5 0 0 64 255 255 255 238 219 255 255 248 120 199 255 255 255 252 250 250 183 102 88 70 137 255 255 255 83 87 222 254 211 
206 253 255 255 254 208 255 255 255 255 243 76 7 182 255 255 255 254 106 0 0 61 255 255 255 188 0 0 114 255 255 111 0 0 124 255 255 255 255 255 255 255 255 255 242 102 190 255 255 255 255 255 255 255 255 255 255 255 255 249 254 255 253 206 
195 251 255 255 255 255 255 255 255 255 255 254 249 255 255 255 227 98 0 0 0 105 255 249 144 11 0 0 151 255 255 120 0 0 199 255 255 255 255 255 202 89 64 246 169 0 8 195 255 255 244 193 254 255 255 248 241 252 255 255 255 255 251 199 
179 140 251 255 255 255 98 55 94 247 255 255 255 255 236 106 6 0 0 0 0 165 249 39 0 0 9 41 66 203 174 13 0 71 254 255 255 251 230 116 3 0 0 200 138 0 0 9 122 157 24 0 108 253 152 17 0 25 169 255 255 255 246 193 
185 82 98 254 255 255 187 8 9 243 255 255 255 194 9 24 0 0 0 92 180 253 255 115 0 0 193 254 76 0 0 0 0 190 255 255 191 11 0 0 0 0 62 252 230 28 0 0 0 0 0 0 10 110 0 0 0 0 11 152 255 255 237 188 
186 122 0 205 255 255 255 222 206 255 255 255 175 22 194 253 116 0 0 172 255 255 255 237 0 7 250 255 134 0 0 0 64 253 255 255 179 0 17 43 5 6 219 255 255 188 26 31 171 86 0 0 109 254 101 0 0 0 0 2 93 147 169 187 
187 157 15 109 255 255 255 255 226 253 255 255 37 83 254 255 226 0 17 241 255 255 255 144 0 36 254 255 131 0 0 0 25 153 249 255 250 171 245 255 236 197 255 255 255 255 253 253 255 155 0 0 190 255 246 49 57 169 212 8 0 15 157 187 
187 178 50 17 244 255 255 193 4 177 255 255 241 253 255 255 205 0 107 255 255 255 255 69 4 129 255 255 101 0 0 0 0 0 137 255 219 229 255 255 255 255 255 255 234 236 239 80 88 197 175 220 255 216 144 169 254 255 255 159 63 54 178 187 
187 186 105 0 64 193 237 70 0 146 255 255 255 255 255 251 57 0 158 255 236 189 253 246 236 255 252 154 6 0 0 36 150 214 254 179 4 7 103 211 253 255 255 253 60 10 25 0 0 185 255 255 242 10 0 15 236 255 255 255 255 214 186 187 
187 187 157 18 0 0 0 0 0 146 255 255 255 255 255 150 0 0 163 255 48 0 184 255 255 242 63 0 0 0 0 206 255 255 255 82 0 0 0 0 27 135 255 200 0 0 110 140 183 255 255 177 59 0 0 0 148 255 255 255 253 207 187 187 
187 187 184 109 5 0 0 0 0 146 255 255 221 111 77 0 0 0 197 255 157 53 141 255 255 172 0 0 0 0 0 225 255 252 162 8 0 0 0 0 0 4 218 154 0 55 254 255 255 255 229 4 0 0 0 0 34 85 134 253 241 191 187 187 
187 187 187 216 224 107 2 0 0 198 255 253 56 0 1 26 11 0 212 255 255 254 104 118 234 192 0 0 43 174 64 71 164 62 0 0 178 189 58 0 0 0 149 236 65 15 186 255 255 255 221 0 0 0 0 14 203 52 0 83 186 187 187 187 
187 187 187 193 242 249 38 0 128 255 255 173 0 0 183 254 248 122 31 214 255 254 57 0 55 244 32 0 191 255 139 0 0 0 0 0 101 255 252 126 8 9 221 255 236 7 4 133 250 255 254 131 8 0 0 57 255 179 0 65 180 187 187 187 
187 187 187 187 186 56 0 8 243 255 255 70 0 64 255 255 255 142 0 15 200 239 0 0 69 255 222 36 172 240 68 0 0 0 0 0 0 157 255 255 227 214 255 255 255 201 161 23 21 80 250 255 197 12 0 34 254 128 13 146 186 187 187 187 
187 187 187 187 183 88 0 18 252 255 255 62 0 164 255 255 242 47 0 0 130 254 72 4 202 255 255 164 0 0 0 0 0 0 0 0 0 35 254 255 255 255 255 255 255 255 255 103 0 0 187 255 255 194 24 143 237 0 88 183 187 187 187 187 
187 187 187 187 187 167 39 4 236 255 255 246 215 254 224 94 20 0 0 19 224 255 154 79 255 255 255 162 0 0 0 0 0 0 0 0 0 16 250 255 255 255 245 176 181 251 255 213 42 0 89 255 255 255 252 255 243 39 166 187 187 187 187 187 
187 187 187 187 187 186 137 13 78 245 255 255 255 255 101 0 0 32 128 230 255 252 73 99 255 255 255 97 0 32 178 215 77 0 0 0 0 0 134 213 176 117 18 0 0 163 255 255 249 100 58 255 255 255 253 202 93 137 186 187 187 187 187 187 
187 187 187 187 187 187 183 106 4 108 255 255 255 255 152 0 11 207 255 255 241 76 0 52 255 255 247 16 0 166 255 255 252 89 0 0 0 0 0 0 0 0 0 0 0 199 255 255 255 254 231 255 255 255 158 4 106 183 187 187 187 187 187 187 
187 187 187 187 187 187 187 178 83 92 255 255 255 255 180 12 211 255 214 82 21 0 0 2 143 221 133 0 0 158 255 255 255 245 41 0 0 0 0 0 0 0 0 0 78 253 255 255 241 101 22 227 255 255 77 83 178 187 187 187 187 187 187 187 
187 187 187 187 187 187 187 187 173 205 254 255 254 138 7 11 246 255 165 0 0 0 0 0 0 0 0 0 0 23 216 255 255 255 243 187 233 238 174 10 0 37 201 208 247 255 255 255 117 0 0 115 255 254 153 173 187 187 187 187 187 187 187 187 
187 187 187 187 187 187 187 187 187 198 241 254 132 0 0 13 247 255 235 3 0 80 5 0 0 0 0 0 0 0 13 104 229 255 255 255 255 255 255 122 12 220 255 252 214 255 255 255 190 26 6 129 254 241 199 187 187 187 187 187 187 187 187 187 
187 187 187 187 187 187 187 187 187 187 197 189 4 0 0 90 255 250 178 3 0 197 166 4 4 150 209 36 0 0 0 0 18 81 54 218 255 255 255 252 227 255 255 231 36 228 254 255 255 252 250 254 238 197 187 187 187 187 187 187 187 187 187 187 
187 187 187 187 187 187 187 187 187 187 187 184 107 12 59 229 183 25 0 0 0 92 241 66 74 255 255 238 145 58 0 0 0 0 100 250 255 255 172 60 90 255 255 223 0 8 48 238 255 255 253 230 193 187 187 187 187 187 187 187 187 187 187 187 
187 187 187 187 187 187 187 187 187 187 187 187 185 192 247 254 67 0 0 0 0 0 0 0 51 255 255 255 255 246 11 0 0 67 250 255 245 98 0 0 1 141 223 93 0 0 0 80 251 245 217 190 187 187 187 187 187 187 187 187 187 187 187 187 
187 187 187 187 187 187 187 187 187 187 187 187 187 187 202 236 111 0 0 0 0 0 6 91 162 255 255 255 255 255 52 0 37 233 255 253 61 0 14 184 38 0 0 0 12 0 0 13 110 168 186 187 187 187 187 187 187 187 187 187 187 187 187 187 
187 187 187 187 187 187 187 187 187 187 187 187 187 187 187 190 208 83 9 0 0 6 192 255 255 198 72 121 181 254 215 116 219 255 255 183 0 0 99 255 202 0 0 114 250 117 65 146 183 187 187 187 187 187 187 187 187 187 187 187 187 187 187 187 
187 187 187 187 187 187 187 187 187 187 187 187 187 187 187 187 187 185 142 71 18 18 251 255 255 185 0 0 0 217 255 255 255 229 153 41 20 56 229 255 255 71 0 211 241 214 180 186 187 187 187 187 187 187 187 187 187 187 187 187 187 187 187 187 
187 187 187 187 187 187 187 187 187 187 187 187 187 187 187 187 187 187 187 182 157 105 194 253 254 242 11 0 0 155 255 255 193 18 30 218 252 255 255 254 253 121 104 189 191 187 187 187 187 187 187 187 187 187 187 187 187 187 187 187 187 187 187 187 
187 187 187 187 187 187 187 187 187 187 187 187 187 187 187 187 187 187 187 187 187 186 187 208 224 238 94 29 14 20 133 113 11 2 178 253 251 246 237 223 201 178 186 187 187 187 187 187 187 187 187 187 187 187 187 187 187 187 187 187 187 187 187 187 
187 187 187 187 187 187 187 187 187 187 187 187 187 187 187 187 187 187 187 187 187 187 187 187 187 188 183 171 160 150 142 138 138 146 210 206 199 193 188 186 187 187 187 187 187 187 187 187 187 187 187 187 187 187 187 187 187 187 187 187 187 187 187 187 
