187 187 187 187 187 187 187 187 187 187 187 187 187 187 187 187 187 187 187 187 187 187 187 187 187 187 187 187 187 187 187 187 187 187 187 187 187 187 187 187 187 187 187 187 187 187 187 187 187 187 187 187 187 187 187 187 187 187 187 187 187 187 187 187 
187 187 187 187 187 187 187 187 187 187 187 187 187 187 187 187 187 187 187 187 187 187 187 187 187 187 187 187 187 187 187 187 187 187 187 187 187 187 187 187 187 187 187 187 187 187 187 187 187 187 187 187 187 187 187 187 187 187 187 187 187 187 187 187 
187 187 187 187 187 187 187 187 187 187 187 187 187 187 187 187 187 187 187 187 187 187 187 187 187 187 187 187 187 187 187 187 187 187 187 187 187 187 187 187 187 187 187 187 187 187 187 187 187 187 187 187 187 187 187 187 187 187 187 187 187 187 187 187 
187 187 187 187 187 187 187 187 187 187 187 187 187 187 187 187 187 187 187 187 187 187 187 187 187 187 187 187 187 187 187 187 187 187 187 187 187 187 187 187 187 187 187 187 187 187 187 187 187 187 187 187 187 187 187 187 187 187 187 187 187 187 187 187 
187 187 187 187 187 187 187 187 187 187 187 187 187 187 187 187 187 187 187 187 187 187 187 187 187 187 187 187 187 187 187 187 187 187 187 187 187 187 187 187 187 187 187 187 187 187 187 187 187 187 187 187 187 187 187 187 187 187 187 187 187 187 187 187 
187 187 187 187 187 187 187 187 187 187 187 187 187 187 187 187 187 187 187 187 187 187 187 187 187 187 187 187 187 187 187 187 187 187 187 187 187 187 187 187 187 187 187 187 187 187 187 187 187 187 187 187 187 187 187 187 187 187 187 187 187 187 187 187 
187 187 187 187 187 187 187 187 187 187 187 187 187 187 187 187 187 187 187 187 187 187 187 187 187 187 187 187 187 187 187 187 187 187 187 187 187 187 187 187 187 187 187 187 187 187 187 187 187 187 187 187 187 187 187 187 187 187 187 187 187 187 187 187 
187 187 187 187 187 187 187 187 187 187 187 187 187 187 187 187 187 187 187 187 187 187 187 187 189 186 189 188 186 187 187 187 187 187 187 187 187 187 187 187 187 187 187 187 187 187 187 187 187 187 187 187 187 187 187 187 187 187 187 187 187 187 187 187 
187 187 187 187 187 187 187 187 187 187 187 187 187 187 187 187 187 187 187 187 187 187 188 184 182 190 174 188 187 187 187 187 187 187 187 187 187 187 187 187 187 187 187 187 187 187 187 187 187 187 187 187 187 187 187 187 187 187 187 187 187 187 187 187 
187 187 187 187 187 187 187 187 187 187 187 187 187 187 187 187 187 187 187 187 187 187 188 175 207 148 203 178 188 187 187 187 187 187 187 187 187 187 187 187 187 187 187 187 187 187 187 187 187 187 187 187 187 187 187 187 187 187 187 187 187 187 187 187 
187 187 187 187 187 187 187 187 187 187 187 187 187 187 187 187 187 187 187 187 187 187 188 175 208 170 175 199 180 187 187 187 187 187 187 187 187 187 187 187 187 187 187 187 187 187 187 187 187 187 187 187 187 187 187 187 187 187 187 187 187 187 187 187 
187 187 187 187 187 187 187 187 187 187 187 187 187 187 187 187 187 187 187 187 187 187 188 180 200 169 185 194 178 188 187 187 187 187 187 187 187 187 187 187 187 187 187 187 187 187 187 187 187 187 187 187 187 187 187 187 187 187 187 187 187 187 187 187 
187 187 187 187 187 187 187 187 187 187 187 187 187 187 187 187 187 187 187 187 187 187 188 179 202 166 189 178 198 183 187 187 187 187 187 187 187 187 187 187 187 187 187 187 187 187 187 187 187 187 187 187 187 187 187 187 187 187 187 187 187 187 187 187 
187 187 187 187 187 187 187 187 187 187 187 187 187 187 187 187 187 187 187 187 187 187 188 178 205 164 187 187 190 182 187 187 187 187 187 187 187 187 187 187 187 187 187 187 187 187 187 187 187 187 187 187 187 187 187 187 187 187 187 187 187 187 187 187 
187 187 187 187 187 187 187 187 187 187 187 187 187 187 187 187 187 187 187 187 187 187 188 178 203 163 188 188 187 187 187 187 187 187 187 187 187 187 187 187 187 187 187 187 187 187 187 187 187 187 187 187 187 187 187 187 187 187 187 187 187 187 187 187 
187 187 187 187 187 187 187 187 187 187 187 187 187 187 187 187 187 187 187 187 187 187 188 177 202 167 189 189 182 188 186 187 187 187 187 187 187 187 187 187 187 187 187 187 187 187 187 187 187 187 187 187 187 187 187 187 187 187 187 187 187 187 187 187 
187 187 187 187 187 187 187 187 187 187 187 187 187 187 187 187 187 187 187 187 186 188 188 176 203 170 188 190 183 189 186 187 187 187 187 187 187 187 187 187 187 187 187 187 187 187 187 187 187 187 187 187 187 187 187 187 187 187 187 187 187 187 187 187 
187 187 187 187 187 187 187 187 187 187 187 187 187 187 187 187 187 187 187 187 186 188 189 170 208 165 187 190 180 190 186 187 187 187 187 187 187 187 187 187 187 187 187 187 187 187 187 187 187 187 187 187 187 187 187 187 187 187 187 187 187 187 187 187 
187 187 187 187 187 187 187 187 187 187 187 187 187 187 187 187 187 187 187 187 186 187 190 165 210 171 189 187 185 189 186 187 187 187 187 187 187 187 187 187 187 187 187 187 187 187 187 187 187 187 187 187 187 187 187 187 187 187 187 187 187 187 187 187 
187 187 187 187 187 187 187 187 188 187 187 187 187 187 187 187 187 187 187 187 186 188 191 166 206 179 187 191 184 192 187 187 187 187 187 187 187 187 187 187 187 187 187 187 187 187 187 187 187 187 187 187 187 187 187 187 187 187 187 187 187 187 187 187 
187 187 187 187 187 187 187 186 182 186 187 187 187 187 187 188 187 187 187 187 186 188 191 167 203 185 187 190 168 173 182 185 186 187 187 187 187 187 187 187 187 187 187 187 187 187 187 187 187 187 187 187 187 187 187 187 187 187 187 187 187 187 187 187 
187 187 187 187 187 187 189 175 206 170 191 188 187 188 187 186 188 187 187 187 186 187 193 165 200 182 180 173 204 199 192 190 188 186 187 187 187 187 187 187 187 187 187 187 187 187 187 187 187 187 187 187 187 187 187 187 187 187 187 187 187 187 187 187 
187 187 187 187 187 187 189 168 207 180 177 191 189 188 180 194 182 188 187 187 187 189 194 177 194 187 192 189 191 178 180 189 189 188 187 186 183 182 185 185 188 186 186 186 186 186 186 186 186 186 186 186 187 187 187 187 187 187 187 187 187 187 187 187 
187 187 187 187 187 187 189 174 198 187 188 178 182 183 173 206 161 188 188 188 190 185 167 184 186 184 185 186 186 178 186 173 173 183 188 186 194 199 191 194 186 189 189 189 189 188 188 188 188 188 188 188 188 187 187 187 187 187 187 187 187 187 187 187 
187 187 187 187 187 187 188 186 182 191 180 196 188 197 188 187 198 183 180 178 173 183 203 191 188 186 185 188 189 193 178 209 203 188 184 185 178 169 173 178 186 182 184 182 185 187 189 192 191 191 191 191 189 188 187 187 187 187 187 187 187 187 187 187 
187 187 187 187 187 187 187 190 171 203 185 172 188 173 194 176 179 189 195 197 190 192 181 185 183 190 190 188 181 191 184 179 177 185 192 192 191 193 184 174 193 182 182 183 172 173 176 168 174 171 167 167 168 183 190 187 187 187 187 187 187 187 187 187 
187 187 187 187 187 187 187 187 190 176 185 193 183 182 176 182 189 186 185 171 200 181 185 187 191 179 188 187 187 184 179 177 179 182 172 175 176 170 193 193 188 188 191 196 200 198 197 197 193 203 202 213 209 186 169 187 187 187 187 187 187 187 187 187 
187 187 187 187 187 187 187 187 187 189 188 176 197 187 199 193 187 183 184 170 189 192 188 186 192 189 185 186 185 191 193 198 196 189 199 198 198 196 189 184 186 185 186 185 183 184 184 184 185 178 159 162 159 195 207 175 190 187 187 187 187 187 187 187 
187 187 187 187 187 187 187 187 187 187 187 188 184 182 177 177 185 182 200 199 192 183 187 185 187 178 187 188 185 188 180 194 184 186 185 183 185 185 187 187 189 186 187 188 188 187 187 188 188 195 191 193 195 176 183 185 188 187 187 187 187 187 187 187 
187 187 187 187 187 187 187 187 187 187 187 187 188 187 188 189 189 187 179 180 174 178 190 184 196 182 189 185 186 188 177 181 187 186 186 187 185 187 185 185 186 184 187 186 186 187 186 186 184 190 185 185 182 189 184 184 186 188 186 187 187 187 187 187 
187 187 187 187 187 187 187 187 187 187 187 187 187 187 187 187 187 186 189 189 184 195 184 192 187 186 189 188 187 187 186 195 185 186 185 185 186 186 189 189 183 187 186 185 188 187 186 196 179 191 185 184 187 187 188 187 184 190 186 187 187 187 187 187 
187 187 187 187 187 187 187 187 187 187 187 187 187 187 187 187 187 187 187 193 162 202 177 182 192 172 187 184 186 189 183 180 193 186 190 191 192 183 193 178 199 190 188 197 180 203 182 186 185 183 190 188 187 188 185 188 184 190 186 187 187 187 187 187 
187 187 187 187 187 187 187 187 187 187 187 187 187 187 188 188 188 184 181 178 164 204 184 185 197 179 190 187 187 187 190 188 180 196 186 188 177 187 191 188 188 173 183 184 179 179 188 184 188 186 189 186 187 184 185 188 182 189 186 187 187 187 187 187 
187 187 187 187 187 187 187 187 187 187 187 187 188 186 177 180 184 194 194 202 194 174 191 183 196 179 188 186 186 187 186 184 186 178 182 184 189 182 183 183 185 189 188 189 188 187 185 188 188 188 181 184 182 190 188 183 191 186 187 187 187 187 187 187 
187 187 187 187 187 187 187 187 187 186 188 187 175 186 200 188 181 178 179 183 189 167 197 181 191 179 188 188 186 187 186 187 187 189 187 189 188 188 188 188 188 187 187 188 186 187 188 186 186 189 188 191 189 184 186 189 186 187 187 187 187 187 187 187 
187 187 187 187 187 187 187 187 186 189 187 179 199 181 177 189 189 187 186 186 186 187 193 184 194 184 187 186 186 186 187 188 187 187 186 186 185 186 186 186 187 187 187 186 188 188 187 188 188 187 187 185 186 188 187 186 187 187 187 187 187 187 187 187 
187 187 187 187 187 187 187 186 189 183 174 204 169 194 188 185 187 189 189 189 193 179 196 187 183 187 185 188 188 186 187 184 186 186 187 188 189 187 188 187 187 186 187 186 185 185 186 186 184 188 186 187 187 187 187 187 187 187 187 187 187 187 187 187 
187 187 187 187 187 187 186 188 186 175 203 181 189 189 187 187 185 181 182 183 183 184 186 185 180 188 188 187 185 188 187 189 190 189 187 185 184 185 185 186 187 185 186 186 187 188 187 187 187 187 187 187 187 187 187 187 187 187 187 187 187 187 187 187 
187 187 187 187 187 187 188 188 173 205 178 182 181 180 185 187 189 191 190 188 187 188 190 178 193 188 187 186 188 187 186 187 181 184 187 188 187 188 188 187 187 188 188 188 187 187 187 187 187 187 187 187 187 187 187 187 187 187 187 187 187 187 187 187 
187 187 187 187 187 187 188 172 209 166 185 190 190 191 188 186 186 186 186 186 188 189 170 208 171 187 189 188 186 187 188 184 190 187 188 185 186 188 187 188 187 187 187 187 187 187 187 187 187 187 187 187 187 187 187 187 187 187 187 187 187 187 187 187 
187 187 187 187 187 187 187 189 177 187 189 187 186 186 186 187 187 187 187 186 187 191 163 202 188 175 187 184 189 186 185 184 185 188 186 188 187 186 187 187 187 187 187 187 187 187 187 187 187 187 187 187 187 187 187 187 187 187 187 187 187 187 187 187 
187 187 187 187 187 187 186 188 182 189 187 187 187 187 187 187 187 187 187 186 188 191 167 200 197 189 191 186 189 183 187 191 189 186 187 187 187 187 187 187 187 187 187 187 187 187 187 187 187 187 187 187 187 187 187 187 187 187 187 187 187 187 187 187 
187 187 187 187 187 187 184 194 182 188 187 187 187 187 187 187 187 187 187 186 188 191 162 213 164 178 190 181 190 187 186 186 186 187 187 187 187 187 187 187 187 187 187 187 187 187 187 187 187 187 187 187 187 187 187 187 187 187 187 187 187 187 187 187 
187 187 187 187 187 187 186 188 185 187 187 187 187 187 187 187 187 187 187 186 188 190 165 205 178 188 189 182 190 185 187 187 187 187 187 187 187 187 187 187 187 187 187 187 187 187 187 187 187 187 187 187 187 187 187 187 187 187 187 187 187 187 187 187 
187 187 187 187 187 187 187 187 187 187 187 187 187 187 187 187 187 187 187 186 188 189 174 193 182 188 188 181 191 186 187 187 187 187 187 187 187 187 187 187 187 187 187 187 187 187 187 187 187 187 187 187 187 187 187 187 187 187 187 187 187 187 187 187 
187 187 187 187 187 187 187 187 187 187 187 187 187 187 187 187 187 187 187 186 188 190 163 212 176 187 190 180 192 186 187 187 187 187 187 187 187 187 187 187 187 187 187 187 187 187 187 187 187 187 187 187 187 187 187 187 187 187 187 187 187 187 187 187 
187 187 187 187 187 187 187 187 187 187 187 187 187 187 187 187 187 187 187 186 188 190 167 197 176 189 189 181 191 186 187 187 187 187 187 187 187 187 187 187 187 187 187 187 187 187 187 187 187 187 187 187 187 187 187 187 187 187 187 187 187 187 187 187 
187 187 187 187 187 187 187 187 187 187 187 187 187 187 187 187 187 187 187 187 188 188 179 182 185 188 188 183 189 186 187 187 187 187 187 187 187 187 187 187 187 187 187 187 187 187 187 187 187 187 187 187 187 187 187 187 187 187 187 187 187 187 187 187 
187 187 187 187 187 187 187 187 187 187 187 187 187 187 187 187 187 187 187 187 188 187 182 175 188 189 187 185 187 187 187 187 187 187 187 187 187 187 187 187 187 187 187 187 187 187 187 187 187 187 187 187 187 187 187 187 187 187 187 187 187 187 187 187 
187 187 187 187 187 187 187 187 187 187 187 187 187 187 187 187 187 187 187 187 188 179 201 161 188 190 184 189 186 187 187 187 187 187 187 187 187 187 187 187 187 187 187 187 187 187 187 187 187 187 187 187 187 187 187 187 187 187 187 187 187 187 187 187 
187 187 187 187 187 187 187 187 187 187 187 187 187 187 187 187 187 187 187 188 188 169 211 166 186 190 182 189 186 187 187 187 187 187 187 187 187 187 187 187 187 187 187 187 187 187 187 187 187 187 187 187 187 187 187 187 187 187 187 187 187 187 187 187 
187 187 187 187 187 187 187 187 187 187 187 187 187 187 187 187 187 187 187 188 189 165 207 174 186 187 186 187 187 187 187 187 187 187 187 187 187 187 187 187 187 187 187 187 187 187 187 187 187 187 187 187 187 187 187 187 187 187 187 187 187 187 187 187 
187 187 187 187 187 187 187 187 187 187 187 187 187 187 187 187 187 187 187 188 191 167 195 185 187 186 189 186 187 187 187 187 187 187 187 187 187 187 187 187 187 187 187 187 187 187 187 187 187 187 187 187 187 187 187 187 187 187 187 187 187 187 187 187 
187 187 187 187 187 187 187 187 187 187 187 187 187 187 187 187 187 187 187 188 188 180 175 188 181 193 183 187 187 187 187 187 187 187 187 187 187 187 187 187 187 187 187 187 187 187 187 187 187 187 187 187 187 187 187 187 187 187 187 187 187 187 187 187 
187 187 187 187 187 187 187 187 187 187 187 187 187 187 187 187 187 187 187 188 183 200 175 186 196 184 187 187 187 187 187 187 187 187 187 187 187 187 187 187 187 187 187 187 187 187 187 187 187 187 187 187 187 187 187 187 187 187 187 187 187 187 187 187 
187 187 187 187 187 187 187 187 187 187 187 187 187 187 187 187 187 187 187 187 188 174 180 182 180 187 187 187 187 187 187 187 187 187 187 187 187 187 187 187 187 187 187 187 187 187 187 187 187 187 187 187 187 187 187 187 187 187 187 187 187 187 187 187 
187 187 187 187 187 187 187 187 187 187 187 187 187 187 187 187 187 187 187 187 187 189 189 188 188 187 187 187 187 187 187 187 187 187 187 187 187 187 187 187 187 187 187 187 187 187 187 187 187 187 187 187 187 187 187 187 187 187 187 187 187 187 187 187 
187 187 187 187 187 187 187 187 187 187 187 187 187 187 187 187 187 187 187 187 187 187 187 187 187 187 187 187 187 187 187 187 187 187 187 187 187 187 187 187 187 187 187 187 187 187 187 187 187 187 187 187 187 187 187 187 187 187 187 187 187 187 187 187 
187 187 187 187 187 187 187 187 187 187 187 187 187 187 187 187 187 187 187 187 187 187 187 187 187 187 187 187 187 187 187 187 187 187 187 187 187 187 187 187 187 187 187 187 187 187 187 187 187 187 187 187 187 187 187 187 187 187 187 187 187 187 187 187 
187 187 187 187 187 187 187 187 187 187 187 187 187 187 187 187 187 187 187 187 187 187 187 187 187 187 187 187 187 187 187 187 187 187 187 187 187 187 187 187 187 187 187 187 187 187 187 187 187 187 187 187 187 187 187 187 187 187 187 187 187 187 187 187 
187 187 187 187 187 187 187 187 187 187 187 187 187 187 187 187 187 187 187 187 187 187 187 187 187 187 187 187 187 187 187 187 187 187 187 187 187 187 187 187 187 187 187 187 187 187 187 187 187 187 187 187 187 187 187 187 187 187 187 187 187 187 187 187 
187 187 187 187 187 187 187 187 187 187 187 187 187 187 187 187 187 187 187 187 187 187 187 187 187 187 187 187 187 187 187 187 187 187 187 187 187 187 187 187 187 187 187 187 187 187 187 187 187 187 187 187 187 187 187 187 187 187 187 187 187 187 187 187 
187 187 187 187 187 187 187 187 187 187 187 187 187 187 187 187 187 187 187 187 187 187 187 187 187 187 187 187 187 187 187 187 187 187 187 187 187 187 187 187 187 187 187 187 187 187 187 187 187 187 187 187 187 187 187 187 187 187 187 187 187 187 187 187 
187 187 187 187 187 187 187 187 187 187 187 187 187 187 187 187 187 187 187 187 187 187 187 187 187 187 187 187 187 187 187 187 187 187 187 187 187 187 187 187 187 187 187 187 187 187 187 187 187 187 187 187 187 187 187 187 187 187 187 187 187 187 187 187 
