187 187 187 187 187 187 187 187 187 187 187 187 187 187 187 187 187 187 187 187 187 187 187 187 187 187 187 187 187 187 187 187 187 187 187 187 187 187 187 187 187 187 187 187 187 187 187 187 187 187 187 187 187 187 187 187 187 187 187 187 187 187 187 187 
187 187 187 187 187 187 187 187 187 187 187 187 187 187 187 187 187 187 187 187 187 187 187 187 187 187 187 187 187 187 187 187 187 187 187 187 187 187 187 187 187 187 187 187 187 187 187 187 187 187 187 187 187 187 187 187 187 187 187 187 187 187 187 187 
187 187 187 187 187 187 187 187 187 187 187 187 187 187 187 187 187 187 187 187 187 187 187 187 187 187 187 187 187 187 187 187 187 187 187 187 187 187 187 187 187 187 187 187 187 187 187 187 187 187 187 187 187 187 187 187 187 187 187 187 187 187 187 187 
187 187 187 187 187 187 187 187 187 187 187 187 187 187 187 187 187 187 187 187 187 187 187 187 187 187 187 187 187 187 187 187 187 187 187 187 187 187 187 187 187 187 187 187 187 187 187 187 187 187 187 187 187 187 187 187 187 187 187 187 187 187 187 187 
187 187 187 187 187 187 187 187 187 187 187 187 187 187 187 187 187 187 187 187 187 187 187 187 187 187 187 187 187 187 187 187 187 187 187 187 187 187 187 187 187 187 187 187 187 187 187 187 187 187 187 187 187 187 187 187 187 187 187 187 187 187 187 187 
187 187 187 187 187 187 187 187 187 187 187 187 187 187 187 187 187 187 187 187 187 187 187 187 187 187 187 187 187 187 187 187 187 187 187 187 187 187 187 187 187 187 187 187 187 187 187 187 187 187 187 187 187 187 187 187 187 187 187 187 187 187 187 187 
187 187 187 187 187 187 187 187 187 187 187 187 187 187 187 187 187 187 187 187 187 187 187 187 187 187 187 187 188 188 187 188 187 187 187 187 187 187 187 187 187 187 187 187 187 187 187 187 187 187 187 187 187 187 187 187 187 187 187 187 187 187 187 187 
187 187 187 187 187 187 187 187 187 187 187 187 187 187 187 187 187 187 188 188 188 187 186 187 188 186 186 187 177 188 188 184 189 185 187 186 187 187 187 187 186 187 187 186 187 187 187 187 187 187 187 187 187 187 187 187 187 187 187 187 187 187 187 187 
187 187 187 187 187 187 187 187 187 187 187 187 187 187 187 187 187 187 185 181 179 182 184 184 181 182 188 190 188 181 187 180 192 185 187 187 186 187 187 188 188 188 188 188 187 187 187 187 187 187 187 187 187 187 187 187 187 187 187 187 187 187 187 187 
187 187 187 187 187 187 187 187 187 187 187 187 187 187 187 187 187 185 182 193 193 192 190 190 191 190 193 191 183 185 189 181 194 185 187 186 187 187 187 187 185 185 186 184 187 187 187 187 187 187 187 187 187 187 187 187 187 187 187 187 187 187 187 187 
187 187 187 187 187 187 187 187 187 187 187 187 187 187 187 187 186 183 192 189 185 185 185 185 186 186 193 159 173 183 189 179 194 185 188 186 187 187 187 189 187 186 187 188 186 188 187 187 187 187 187 187 187 187 187 187 187 187 187 187 187 187 187 187 
187 187 187 187 187 187 187 187 187 187 187 187 187 187 187 187 184 186 191 185 186 187 187 187 187 185 182 206 209 179 191 182 193 184 189 185 186 188 186 187 187 185 188 188 185 187 187 187 187 187 187 187 187 187 187 187 187 187 187 187 187 187 187 187 
187 187 187 187 187 187 187 187 187 187 187 187 187 187 187 187 183 190 188 186 187 187 187 187 186 186 185 168 171 178 189 180 193 186 187 186 187 187 188 185 188 187 186 188 187 187 187 187 187 187 187 187 187 187 187 187 187 187 187 187 187 187 187 187 
187 187 187 187 187 187 187 187 187 187 187 187 187 187 187 187 183 190 187 186 187 187 187 187 187 186 190 205 196 186 189 182 193 183 188 186 187 186 188 187 187 186 187 185 187 186 187 187 187 187 187 187 187 187 187 187 187 187 187 187 187 187 187 187 
187 187 187 187 187 187 187 187 187 187 187 187 187 187 187 187 183 190 187 186 187 187 187 187 185 192 174 186 180 185 186 179 193 185 188 185 187 187 188 185 187 186 189 185 188 187 187 187 187 187 187 187 187 187 187 187 187 187 187 187 187 187 187 187 
187 187 187 187 187 187 187 187 187 187 187 187 187 187 187 187 181 191 187 186 187 187 187 186 184 190 191 185 182 191 192 186 191 185 188 186 186 187 188 187 188 187 189 182 188 187 187 187 187 187 187 187 187 187 187 187 187 187 187 187 187 187 187 187 
187 187 187 187 187 187 187 187 187 187 187 187 187 187 187 187 182 192 186 187 187 187 186 187 189 201 168 176 193 176 185 178 189 185 189 185 186 187 186 186 187 186 188 188 185 188 186 187 187 187 187 187 187 187 187 187 187 187 187 187 187 187 187 187 
187 187 187 187 187 187 187 187 187 187 187 187 187 187 187 187 182 192 186 187 187 187 186 199 181 184 193 187 194 181 193 183 191 186 188 185 187 185 187 190 185 186 185 187 187 187 186 187 187 187 187 187 187 187 187 187 187 187 187 187 187 187 187 187 
187 187 187 187 187 187 187 187 187 187 187 187 187 187 187 187 180 192 185 187 187 186 190 173 176 165 196 173 176 184 199 180 182 185 189 188 184 190 183 189 182 190 187 186 185 188 187 187 187 187 187 187 187 187 187 187 187 187 187 187 187 187 187 187 
187 187 187 187 187 187 187 187 187 187 187 187 187 187 187 187 183 192 185 187 187 186 190 188 199 191 197 191 180 188 187 178 197 186 185 188 185 189 187 188 187 185 188 187 185 187 187 187 187 187 187 187 187 187 187 187 187 187 187 187 187 187 187 187 
187 187 187 187 187 187 187 187 187 187 187 187 187 187 187 186 183 191 186 187 187 186 193 166 196 167 194 188 178 192 190 169 200 183 182 188 186 187 186 187 185 187 188 187 186 187 187 186 187 187 187 187 187 187 187 187 187 187 187 187 187 187 187 187 
187 187 187 187 187 187 187 187 187 187 187 187 187 187 187 186 183 192 185 187 187 187 186 194 178 182 192 176 181 189 189 168 207 189 175 192 186 189 184 189 186 187 185 189 186 186 188 187 187 187 187 187 187 187 187 187 187 187 187 187 187 187 187 187 
187 187 187 187 187 187 187 187 187 187 187 187 187 187 187 187 182 192 186 187 187 187 186 189 195 184 185 195 174 191 189 179 183 194 174 189 187 186 186 191 185 187 188 187 185 188 187 187 187 187 187 187 187 187 187 187 187 187 187 187 187 187 187 187 
187 187 187 187 187 187 187 187 187 187 187 187 187 187 187 187 183 191 186 187 187 187 185 195 164 187 187 194 175 191 189 184 189 185 182 188 186 187 186 184 188 185 189 186 186 188 187 187 187 187 187 187 187 187 187 187 187 187 187 187 187 187 187 187 
187 187 187 187 187 187 187 187 187 187 187 187 187 187 187 187 181 193 185 187 187 187 185 193 175 189 190 188 175 190 185 182 192 181 191 185 187 186 189 188 186 185 186 187 186 187 186 187 187 187 187 187 187 187 187 187 187 187 187 187 187 187 187 187 
187 187 187 187 187 187 187 187 187 187 187 187 187 187 187 187 183 193 185 187 187 187 185 193 179 192 186 196 179 188 192 183 189 184 191 182 189 189 186 187 187 185 190 186 189 186 187 187 187 187 187 187 187 187 187 187 187 187 187 187 187 187 187 187 
187 187 187 187 187 187 187 187 187 187 187 187 187 187 188 187 180 193 185 187 187 186 183 191 192 174 191 179 184 186 189 186 188 185 191 186 177 186 188 186 186 188 184 186 186 187 187 187 187 187 187 187 187 187 187 187 187 187 187 187 187 187 187 187 
187 187 187 187 187 187 187 187 187 187 187 187 187 187 188 186 183 192 185 186 185 184 197 180 182 192 186 186 188 187 185 190 179 185 185 194 195 174 189 183 186 186 189 190 186 186 187 187 187 187 187 187 187 187 187 187 187 187 187 187 187 187 187 187 
187 187 187 187 187 187 187 187 187 187 187 187 187 187 188 184 185 191 183 188 189 198 183 178 188 185 185 185 187 186 188 188 180 189 188 189 185 189 191 190 187 189 181 190 184 187 187 187 187 187 187 187 187 187 187 187 187 187 187 187 187 187 187 187 
187 187 187 187 187 187 187 187 187 187 187 187 187 187 187 185 185 188 188 186 176 186 178 189 186 184 189 185 186 188 187 188 181 190 188 177 188 187 184 187 184 187 186 189 187 186 188 187 187 187 187 187 187 187 187 187 187 187 187 187 187 187 187 187 
187 187 187 187 187 187 187 187 187 187 187 187 187 187 188 184 184 196 187 184 196 182 182 194 185 194 188 188 186 186 187 189 182 190 191 170 192 189 183 186 189 185 187 186 186 187 186 187 187 187 187 187 187 187 187 187 187 187 187 187 187 187 187 187 
187 187 187 187 187 187 187 187 187 187 187 187 187 187 187 184 183 199 166 183 181 196 179 192 186 186 185 190 188 188 187 187 180 195 177 195 187 181 191 189 182 186 190 183 188 188 186 187 187 187 187 187 187 187 187 187 187 187 187 187 187 187 187 187 
187 187 187 187 187 187 187 187 187 187 187 187 187 187 187 182 189 183 194 189 189 178 173 188 183 185 185 181 185 185 188 187 182 193 171 198 183 189 186 184 184 186 186 186 186 186 186 187 187 187 187 187 187 187 187 187 187 187 187 187 187 187 187 187 
187 187 187 187 187 187 187 187 187 187 187 187 187 187 187 185 193 180 185 183 180 201 193 185 186 181 196 182 191 187 186 185 184 194 174 196 186 185 189 183 189 188 191 188 189 185 188 187 187 187 187 187 187 187 187 187 187 187 187 187 187 187 187 187 
187 187 187 187 187 187 187 187 187 187 187 187 187 187 187 189 173 190 187 186 191 183 179 192 193 180 195 187 186 189 189 187 186 191 183 189 188 186 191 184 184 185 182 180 190 186 187 187 187 187 187 187 187 187 187 187 187 187 187 187 187 187 187 187 
187 187 187 187 187 187 187 187 187 187 187 187 187 187 187 188 174 190 187 179 183 188 188 179 189 189 186 178 187 185 186 183 188 189 190 177 186 188 185 188 185 188 189 191 187 185 186 187 187 187 187 187 187 187 187 187 187 187 187 187 187 187 187 187 
187 187 187 187 187 187 187 187 187 187 187 187 187 187 187 184 192 184 193 180 194 186 180 179 184 182 184 192 191 188 191 183 187 188 189 177 195 183 189 187 183 193 186 186 190 187 187 187 187 187 187 187 187 187 187 187 187 187 187 187 187 187 187 187 
187 187 187 187 187 187 187 187 187 187 187 187 187 187 188 183 187 184 192 176 171 188 184 197 185 186 192 187 181 186 184 188 185 188 187 186 182 194 183 185 185 185 184 185 186 186 187 187 187 187 187 187 187 187 187 187 187 187 187 187 187 187 187 187 
187 187 187 187 187 187 187 187 187 187 187 187 187 187 188 183 188 186 185 206 193 174 192 183 186 182 189 180 188 184 190 185 185 188 188 187 183 187 191 187 183 193 185 187 190 187 187 187 187 187 187 187 187 187 187 187 187 187 187 187 187 187 187 187 
187 187 187 187 187 187 187 187 187 187 187 187 187 187 188 183 187 195 189 165 182 192 182 191 182 188 187 192 182 191 183 189 181 188 187 187 187 184 185 193 181 195 181 189 185 186 186 187 187 187 187 187 187 187 187 187 187 187 187 187 187 187 187 187 
187 187 187 187 187 187 187 187 187 187 187 187 187 187 188 180 195 192 177 191 191 186 188 186 185 193 182 189 185 187 189 186 189 184 186 188 187 188 184 189 181 186 186 187 184 188 186 187 187 187 187 187 187 187 187 187 187 187 187 187 187 187 187 187 
187 187 187 187 187 187 187 187 187 187 187 187 187 187 187 181 192 176 180 189 190 181 188 186 185 182 191 184 189 185 184 187 187 185 188 187 186 189 183 188 184 188 187 186 188 185 188 187 187 187 187 187 187 187 187 187 187 187 187 187 187 187 187 187 
187 187 187 187 187 187 187 187 187 187 187 187 187 187 187 188 191 186 191 187 187 189 189 182 189 190 185 181 190 185 190 183 189 182 190 187 186 189 183 194 184 187 187 187 188 185 187 187 187 187 187 187 187 187 187 187 187 187 187 187 187 187 187 187 
187 187 187 187 187 187 187 187 187 187 187 187 187 187 187 187 177 181 186 185 190 183 186 184 192 183 192 188 186 184 189 184 191 181 192 187 185 188 182 189 184 188 187 188 186 186 187 187 187 187 187 187 187 187 187 187 187 187 187 187 187 187 187 187 
187 187 187 187 187 187 187 187 187 187 187 187 187 187 187 183 198 184 192 184 187 184 188 191 186 180 187 187 184 191 189 187 183 184 190 184 188 187 187 191 182 188 186 186 188 186 187 187 187 187 187 187 187 187 187 187 187 187 187 187 187 187 187 187 
187 187 187 187 187 187 187 187 187 187 187 187 187 187 188 182 188 196 168 187 190 194 182 184 189 185 191 187 184 185 192 182 188 190 186 183 188 188 185 185 189 187 186 186 188 187 187 187 187 187 187 187 187 187 187 187 187 187 187 187 187 187 187 187 
187 187 187 187 187 187 187 187 187 187 187 187 187 187 188 183 187 187 195 177 170 186 185 189 189 185 188 185 188 183 187 184 188 188 187 180 191 186 187 186 189 188 185 188 186 187 186 187 187 187 187 187 187 187 187 187 187 187 187 187 187 187 187 187 
187 187 187 187 187 187 187 187 187 187 187 187 187 187 188 184 187 190 199 190 212 184 188 183 186 186 186 187 185 190 188 187 188 185 189 183 192 185 187 187 186 187 187 186 188 186 188 187 187 187 187 187 187 187 187 187 187 187 187 187 187 187 187 187 
187 187 187 187 187 187 187 187 187 187 187 187 187 187 187 184 185 191 177 170 169 185 188 188 189 188 185 186 188 186 188 183 185 190 185 180 192 182 191 186 186 186 185 188 186 187 187 187 187 187 187 187 187 187 187 187 187 187 187 187 187 187 187 187 
187 187 187 187 187 187 187 187 187 187 187 187 187 187 188 185 181 202 171 195 187 187 186 187 188 184 187 186 188 188 187 187 185 190 184 185 188 189 184 187 186 189 185 188 186 186 187 187 187 187 187 187 187 187 187 187 187 187 187 187 187 187 187 187 
187 187 187 187 187 187 187 187 187 187 187 187 187 187 187 187 179 202 167 175 187 188 183 182 185 188 187 189 184 189 185 189 183 190 184 193 183 191 182 189 185 188 187 188 185 188 187 187 187 187 187 187 187 187 187 187 187 187 187 187 187 187 187 187 
187 187 187 187 187 187 187 187 187 187 187 187 187 187 187 187 181 190 198 201 176 187 196 187 191 187 182 188 188 185 187 187 184 189 187 183 181 192 177 193 181 189 185 187 186 187 187 187 187 187 187 187 187 187 187 187 187 187 187 187 187 187 187 187 
187 187 187 187 187 187 187 187 187 187 187 187 187 187 187 187 184 185 189 196 187 189 179 182 187 187 191 185 188 188 186 189 186 188 188 190 185 193 180 198 179 188 186 189 185 187 187 187 187 187 187 187 187 187 187 187 187 187 187 187 187 187 187 187 
187 187 187 187 187 187 187 187 187 187 187 187 187 187 187 187 186 188 174 192 176 189 191 183 188 186 184 188 187 185 188 186 188 184 185 189 180 190 183 186 197 180 187 186 188 187 187 187 187 187 187 187 187 187 187 187 187 187 187 187 187 187 187 187 
187 187 187 187 187 187 187 187 187 187 187 187 187 187 187 187 187 188 186 185 186 186 185 186 188 186 185 189 184 187 188 185 186 186 188 187 183 189 189 175 198 181 188 187 187 187 187 187 187 187 187 187 187 187 187 187 187 187 187 187 187 187 187 187 
187 187 187 187 187 187 187 187 187 187 187 187 187 187 187 187 187 187 187 187 188 188 187 185 186 188 186 188 187 187 187 187 188 188 186 188 184 189 187 183 191 185 188 188 187 187 187 187 187 187 187 187 187 187 187 187 187 187 187 187 187 187 187 187 
187 187 187 187 187 187 187 187 187 187 187 187 187 187 187 187 187 187 187 187 187 187 187 187 186 187 185 187 186 186 187 185 187 184 187 187 185 186 187 186 186 187 186 186 187 187 187 187 187 187 187 187 187 187 187 187 187 187 187 187 187 187 187 187 
187 187 187 187 187 187 187 187 187 187 187 187 187 187 187 187 187 187 187 187 187 187 187 187 187 187 188 188 187 188 188 188 188 188 188 188 188 188 187 187 188 187 187 187 187 187 187 187 187 187 187 187 187 187 187 187 187 187 187 187 187 187 187 187 
187 187 187 187 187 187 187 187 187 187 187 187 187 187 187 187 187 187 187 187 187 187 187 187 187 187 187 187 187 187 187 187 187 187 187 187 187 187 187 187 187 187 187 187 187 187 187 187 187 187 187 187 187 187 187 187 187 187 187 187 187 187 187 187 
187 187 187 187 187 187 187 187 187 187 187 187 187 187 187 187 187 187 187 187 187 187 187 187 187 187 187 187 187 187 187 187 187 187 187 187 187 187 187 187 187 187 187 187 187 187 187 187 187 187 187 187 187 187 187 187 187 187 187 187 187 187 187 187 
187 187 187 187 187 187 187 187 187 187 187 187 187 187 187 187 187 187 187 187 187 187 187 187 187 187 187 187 187 187 187 187 187 187 187 187 187 187 187 187 187 187 187 187 187 187 187 187 187 187 187 187 187 187 187 187 187 187 187 187 187 187 187 187 
187 187 187 187 187 187 187 187 187 187 187 187 187 187 187 187 187 187 187 187 187 187 187 187 187 187 187 187 187 187 187 187 187 187 187 187 187 187 187 187 187 187 187 187 187 187 187 187 187 187 187 187 187 187 187 187 187 187 187 187 187 187 187 187 
187 187 187 187 187 187 187 187 187 187 187 187 187 187 187 187 187 187 187 187 187 187 187 187 187 187 187 187 187 187 187 187 187 187 187 187 187 187 187 187 187 187 187 187 187 187 187 187 187 187 187 187 187 187 187 187 187 187 187 187 187 187 187 187 
187 187 187 187 187 187 187 187 187 187 187 187 187 187 187 187 187 187 187 187 187 187 187 187 187 187 187 187 187 187 187 187 187 187 187 187 187 187 187 187 187 187 187 187 187 187 187 187 187 187 187 187 187 187 187 187 187 187 187 187 187 187 187 187 
