187 187 187 187 187 187 187 187 187 187 187 187 187 187 187 187 187 187 187 187 187 187 187 187 187 187 187 187 187 187 187 186 187 187 187 187 187 187 187 187 187 187 187 187 187 187 187 187 187 187 187 187 187 187 187 187 187 187 187 187 187 187 187 187 
187 187 187 187 187 187 187 187 187 187 187 187 187 187 187 187 187 187 187 187 187 187 187 187 187 187 187 187 187 187 187 186 187 187 187 185 187 187 187 187 187 187 187 187 187 187 187 187 187 187 187 187 187 187 187 187 187 187 187 187 187 187 187 187 
187 187 187 187 187 187 187 187 187 187 187 187 187 187 187 187 187 187 187 187 187 186 187 187 187 187 187 187 187 188 184 188 187 187 188 185 188 187 187 187 187 187 187 187 187 187 187 187 187 187 187 187 187 187 187 187 187 187 187 187 187 187 187 187 
187 187 187 187 187 187 187 187 187 187 187 187 187 187 187 187 187 187 187 187 187 186 188 187 187 187 187 187 187 187 186 187 187 187 188 184 188 187 187 187 187 187 187 187 187 187 187 187 187 187 187 187 187 187 187 187 187 187 187 187 187 187 187 187 
187 187 187 187 187 187 187 187 187 187 187 187 187 187 187 187 187 187 187 187 187 187 187 187 187 187 187 187 188 185 188 187 187 187 187 185 188 187 187 188 185 186 188 187 187 187 187 186 187 187 187 187 187 187 187 187 187 187 187 187 187 187 187 187 
187 187 187 187 187 187 187 187 187 187 187 187 187 187 187 186 187 187 187 187 187 187 187 187 187 187 187 187 188 185 188 187 187 187 187 185 188 188 187 184 188 185 188 187 187 187 188 186 187 187 187 187 187 187 187 187 187 187 187 187 187 187 187 187 
187 187 187 187 187 187 187 187 187 187 187 187 187 187 187 185 187 187 187 187 187 187 187 187 187 187 187 187 188 185 188 187 187 187 188 185 189 185 185 188 188 185 188 187 187 187 188 185 188 187 187 187 187 187 187 187 187 187 187 187 187 187 187 187 
187 187 187 187 187 187 187 187 187 187 187 187 187 187 187 188 184 187 188 187 187 187 187 187 187 187 187 187 188 184 188 187 187 188 187 186 185 188 188 187 187 185 188 187 187 187 187 185 188 187 187 187 187 187 187 187 187 187 187 187 187 187 187 187 
187 187 187 187 187 187 187 187 187 187 187 187 187 187 187 187 188 185 185 187 188 188 187 187 187 187 187 187 187 187 184 186 186 184 186 188 186 187 187 187 187 185 188 187 187 187 187 187 187 187 188 185 187 187 187 187 187 187 187 187 187 187 187 187 
187 187 187 187 187 187 187 187 187 187 186 187 187 187 187 187 187 188 188 185 184 184 185 188 187 187 187 187 187 187 188 187 187 188 188 187 187 187 187 187 187 186 187 187 187 187 187 185 188 187 188 185 188 187 187 187 187 187 187 187 187 187 187 187 
187 187 187 187 187 187 187 187 187 187 187 187 187 187 187 187 187 187 187 187 188 188 186 186 187 187 187 187 187 187 187 187 187 187 187 187 185 187 187 187 187 187 187 187 187 187 188 184 188 187 188 185 188 187 187 187 187 187 187 187 187 187 187 187 
187 187 187 187 187 187 187 187 187 187 187 187 187 187 187 187 187 187 187 187 187 187 188 184 188 187 187 187 187 187 187 187 187 187 187 188 185 187 187 187 187 187 187 187 187 187 188 184 188 187 187 187 185 187 187 187 187 187 187 187 187 187 187 187 
187 187 187 187 187 187 187 187 187 187 187 187 187 187 187 187 187 187 187 187 187 187 188 185 188 187 187 187 187 187 187 187 187 187 187 188 185 187 187 187 187 186 187 187 187 187 187 185 187 187 187 188 184 188 187 187 187 187 187 187 187 187 187 187 
187 187 187 187 187 187 187 187 187 188 185 187 187 187 187 187 187 187 187 187 187 187 188 184 188 187 187 187 187 187 187 187 187 187 187 188 184 188 187 187 188 185 188 187 187 187 187 186 187 187 187 187 187 185 188 187 187 187 187 187 187 187 187 187 
187 187 187 187 187 187 187 187 187 187 184 188 187 187 187 187 187 187 187 187 188 186 184 187 187 187 187 188 187 187 187 188 187 187 187 188 184 188 187 187 188 185 188 187 187 187 185 188 187 187 187 187 188 185 186 187 186 186 187 187 187 187 187 187 
187 187 187 187 187 187 187 187 188 184 188 187 187 187 187 187 187 188 188 185 184 187 188 187 187 187 188 185 185 187 186 184 188 187 187 187 186 186 188 186 184 188 187 187 187 188 184 188 187 187 187 187 187 188 187 186 187 188 187 187 187 187 187 187 
187 187 187 187 187 187 187 187 186 187 187 187 187 187 187 188 187 185 184 187 188 187 187 187 187 187 188 185 188 187 187 188 185 188 187 187 188 186 184 186 188 187 187 187 187 188 184 188 187 187 187 187 187 187 187 187 187 187 187 187 187 187 187 187 
187 187 187 187 187 187 187 188 184 188 187 187 187 187 188 184 185 188 188 187 187 187 187 187 187 187 188 184 187 187 187 188 185 186 188 187 187 187 188 187 187 187 187 187 187 188 185 187 187 187 187 187 187 187 187 187 187 187 187 187 187 187 187 187 
187 187 187 187 187 187 187 188 185 188 187 187 187 187 185 187 188 187 187 187 187 187 187 187 187 187 187 188 184 187 188 187 188 186 184 185 186 188 187 187 187 187 187 187 187 188 185 188 187 187 187 187 187 187 188 187 187 188 187 187 187 187 187 187 
187 187 187 187 187 187 188 185 187 187 187 187 187 188 184 188 187 187 187 187 187 187 187 187 187 187 187 187 188 185 186 188 187 187 188 188 187 184 188 187 187 187 187 187 187 188 185 188 187 187 187 187 187 188 184 187 186 184 186 188 187 187 187 187 
187 187 187 187 187 187 187 185 188 187 187 187 187 188 185 188 187 187 187 187 187 187 187 187 187 187 187 187 187 188 185 187 187 187 187 187 187 187 186 187 187 187 187 187 187 187 188 184 186 188 187 187 188 184 187 187 187 188 186 185 188 187 187 187 
187 187 187 187 187 188 184 188 187 187 187 187 187 188 185 188 187 187 187 187 187 187 187 187 187 187 187 187 187 187 188 184 188 187 187 187 187 188 184 188 187 187 187 187 187 187 187 188 186 184 187 187 184 187 187 187 187 187 188 187 185 187 187 187 
187 187 187 187 188 184 187 187 187 187 187 187 187 188 188 186 187 187 187 187 188 187 187 187 187 187 187 187 187 187 187 185 188 187 187 187 187 187 186 187 187 187 187 187 187 187 187 187 187 188 187 187 188 187 187 187 187 187 187 187 188 186 187 187 
187 187 187 188 184 186 187 187 187 187 187 188 187 185 185 185 188 187 187 186 184 188 187 187 187 187 187 187 187 187 188 184 188 187 187 187 187 187 187 186 187 187 187 187 187 187 187 187 187 187 187 187 187 187 187 187 187 187 187 187 189 186 187 187 
187 187 188 185 188 188 187 187 187 188 187 184 186 188 188 188 185 188 187 187 187 185 188 187 187 187 187 187 187 187 188 184 188 187 187 187 187 188 187 185 187 187 187 187 187 187 187 187 187 187 187 187 187 187 187 187 187 187 188 185 184 187 187 187 
187 187 187 187 185 188 187 187 188 186 185 188 187 187 187 187 186 186 187 187 188 186 186 188 187 187 187 187 187 188 185 187 187 187 187 187 188 185 185 188 187 188 188 188 187 187 187 187 187 187 187 187 187 187 187 187 187 187 187 186 189 187 187 187 
187 187 187 188 187 184 186 187 184 186 188 187 187 187 187 187 188 184 188 187 187 188 186 185 187 187 187 187 186 184 187 188 187 187 187 188 184 188 188 187 187 184 185 184 185 188 187 187 187 187 187 187 187 187 187 187 187 187 188 185 185 187 187 187 
187 187 187 187 187 188 187 187 188 187 187 187 187 187 187 187 188 185 188 187 187 187 187 188 187 187 187 187 187 188 187 187 187 187 187 187 186 187 187 188 184 188 188 188 188 184 188 187 187 187 187 187 187 187 187 187 187 187 187 188 187 187 187 187 
187 187 187 187 187 187 187 187 187 187 187 187 187 187 187 187 188 185 188 187 187 187 187 187 188 188 188 188 187 187 187 187 187 187 187 187 187 188 188 186 186 187 187 187 188 184 188 187 187 187 187 187 187 187 187 187 187 187 187 187 187 187 187 187 
187 187 187 187 187 187 187 187 187 187 187 187 187 187 187 187 188 184 188 187 187 187 188 186 184 185 185 185 186 188 187 187 187 187 187 188 184 185 184 186 188 187 187 187 184 187 187 187 187 187 187 187 187 187 187 187 187 187 187 187 187 187 187 187 
187 187 188 188 188 188 187 187 187 187 187 187 187 187 187 188 186 186 187 187 187 188 185 186 189 188 188 188 186 184 188 187 187 187 187 187 188 188 188 187 187 187 188 184 188 187 187 187 187 187 187 187 187 187 187 187 187 187 187 187 187 187 187 187 
187 186 185 185 185 184 186 188 187 187 187 187 187 187 188 185 185 188 187 187 188 185 186 188 187 187 187 187 187 187 186 187 187 187 187 187 187 187 187 187 187 188 185 187 187 187 187 187 187 187 187 187 187 187 187 187 187 187 187 187 187 187 187 187 
187 187 188 188 188 188 187 184 186 188 187 187 188 186 184 187 188 187 187 187 186 186 188 187 187 187 187 187 187 188 185 187 187 187 187 187 187 187 187 187 187 187 186 187 187 187 187 187 187 187 187 187 187 187 188 187 187 187 187 187 187 188 186 186 
187 187 187 187 187 187 187 188 186 186 187 187 187 185 188 187 187 187 187 188 184 188 187 187 187 187 187 187 187 188 185 187 187 187 187 187 187 187 187 187 187 184 188 187 187 187 187 187 187 187 187 187 188 186 184 187 188 187 187 187 188 185 186 187 
187 187 187 187 187 187 187 187 188 184 188 188 184 188 187 187 187 187 187 187 186 187 187 188 188 187 187 187 187 188 184 188 187 187 187 187 187 187 188 187 184 188 187 187 187 187 187 187 187 187 187 187 186 186 189 186 185 188 188 188 185 186 187 187 
187 187 187 187 187 187 187 187 188 185 188 187 186 187 187 187 187 187 188 184 188 187 187 184 185 187 188 187 187 187 185 188 187 187 187 187 187 187 187 185 188 187 187 187 187 187 187 187 187 187 187 187 185 188 187 187 187 185 185 184 186 188 187 187 
187 187 187 187 187 187 187 188 185 186 188 187 187 187 187 187 187 187 188 185 188 188 184 188 188 185 186 187 187 187 188 184 188 187 187 187 187 187 184 188 187 187 187 187 187 187 187 187 187 188 187 184 188 187 187 187 187 188 188 189 188 187 187 187 
187 187 187 187 187 187 188 186 186 188 187 187 186 187 187 187 187 187 185 187 187 187 186 187 187 188 184 188 187 187 187 186 185 188 188 188 185 184 188 187 187 187 187 187 187 187 187 187 188 186 185 188 187 187 187 187 187 188 187 185 184 187 187 187 
187 187 187 187 188 188 186 185 188 187 187 188 184 188 187 187 187 188 184 188 187 187 186 187 187 188 185 188 187 187 187 188 187 184 185 185 187 188 187 188 187 187 188 187 187 187 187 187 186 185 188 187 187 187 187 187 187 187 185 188 188 185 186 187 
187 186 186 185 185 184 186 188 187 187 187 188 185 187 187 187 188 185 187 187 187 188 184 189 187 188 185 188 187 187 187 187 187 188 188 187 187 187 187 187 185 186 184 188 187 187 187 188 184 188 187 187 187 187 187 187 188 184 188 187 187 188 187 187 
187 187 187 188 188 188 187 187 187 187 187 187 188 184 188 188 187 185 188 187 187 187 186 184 187 184 188 187 187 187 187 187 187 187 187 187 187 187 187 185 188 188 188 184 187 188 188 184 188 187 187 187 187 187 187 187 187 186 187 187 187 187 187 187 
187 187 187 187 187 187 187 187 187 187 187 187 187 188 185 184 185 188 187 187 187 187 187 188 187 188 187 187 187 187 187 187 187 187 187 187 187 187 188 184 188 187 187 188 185 185 184 187 187 187 187 187 187 187 187 187 187 187 187 187 187 187 187 187 
187 187 187 187 187 187 187 187 187 187 187 187 187 187 188 188 188 187 187 187 187 187 187 187 187 187 187 187 187 187 187 187 187 187 187 187 187 187 188 185 188 187 187 187 188 188 188 187 187 188 188 188 188 187 187 187 187 186 187 187 187 187 187 187 
187 187 187 187 188 188 187 187 187 187 187 187 187 188 186 185 185 187 188 188 187 187 187 187 187 187 187 187 188 188 187 187 188 187 187 187 187 187 187 186 187 187 187 187 187 187 187 187 187 184 185 185 185 187 188 187 188 184 188 187 187 187 187 187 
187 187 187 187 185 184 186 188 187 187 187 188 187 184 187 188 188 185 184 185 187 188 187 187 187 187 187 188 186 185 187 185 186 188 187 187 187 188 185 188 187 187 187 187 187 187 187 188 184 188 188 188 188 185 185 188 187 187 186 187 187 187 187 187 
187 187 187 187 187 188 186 184 185 186 186 185 185 188 187 187 187 187 188 188 185 184 188 187 187 187 187 188 185 188 187 188 185 185 188 188 188 185 185 188 187 187 187 187 187 187 187 185 187 187 187 187 187 188 185 188 187 188 184 187 187 187 187 187 
187 187 187 187 187 187 187 188 188 187 187 188 188 187 187 187 187 187 187 187 188 187 186 187 187 187 187 187 187 187 187 187 188 187 185 185 185 187 188 187 187 187 187 187 187 187 187 185 188 187 187 187 187 187 187 186 187 187 187 186 187 187 187 187 
187 187 187 187 187 187 187 187 187 187 187 187 187 187 187 187 187 187 187 187 187 187 186 187 187 187 187 187 186 187 187 187 187 187 187 187 187 187 187 187 187 188 188 187 187 187 187 186 187 187 187 187 187 187 188 185 187 187 187 186 187 187 187 187 
187 187 187 187 187 187 187 187 187 187 187 187 187 187 187 187 187 187 187 187 188 185 188 187 188 187 187 185 186 187 187 187 187 187 187 187 187 187 187 187 187 184 185 186 188 187 187 188 184 188 187 187 187 187 187 186 187 187 187 187 187 187 187 187 
187 187 187 187 187 187 187 187 187 187 187 187 187 187 187 187 187 187 187 187 188 184 189 186 184 186 187 187 188 187 187 187 187 187 187 187 187 187 187 188 185 188 188 185 187 187 187 187 185 188 187 187 187 187 185 187 187 187 187 187 187 187 187 187 
187 187 187 187 187 187 187 187 187 187 187 187 187 187 187 187 187 187 187 187 185 187 188 185 188 187 187 187 187 187 187 188 188 188 188 187 187 187 188 185 188 187 187 188 185 188 187 187 187 186 187 187 187 187 185 188 187 187 187 187 187 187 187 187 
187 187 187 187 187 187 187 187 188 187 187 187 187 188 187 187 187 187 187 188 184 189 185 188 187 187 187 187 187 187 188 184 185 185 185 186 188 187 188 184 188 187 187 188 184 188 187 187 188 185 187 187 187 187 186 188 187 187 187 187 187 187 187 187 
187 187 187 187 187 187 187 187 187 187 187 188 185 184 187 187 187 187 188 184 188 188 184 188 187 187 187 187 187 188 185 188 188 188 188 186 186 187 188 184 188 187 187 187 187 185 188 188 186 187 187 187 187 187 187 186 187 187 187 187 187 187 187 187 
187 187 187 187 187 187 187 187 187 187 187 185 188 189 184 188 187 188 184 187 187 187 185 187 187 187 187 187 187 188 185 188 187 187 187 188 185 187 187 186 186 187 187 187 188 185 186 185 185 188 187 187 187 187 187 187 187 187 187 187 187 187 187 187 
187 187 187 187 187 187 187 187 187 187 186 187 188 188 185 188 187 187 185 188 187 185 187 187 187 187 187 187 188 184 188 187 187 187 187 188 185 187 187 188 185 187 187 187 187 188 187 187 188 187 187 187 187 187 187 187 187 187 187 187 187 187 187 187 
187 187 187 187 187 187 187 187 187 187 187 186 186 185 188 187 187 187 187 187 187 185 188 187 187 187 187 188 186 186 187 187 187 187 187 187 186 187 187 188 184 188 187 187 187 187 188 188 187 187 187 187 187 187 187 187 187 187 187 187 187 187 187 187 
187 187 187 187 187 187 187 187 187 187 187 187 187 187 187 187 187 187 187 187 187 185 188 187 187 187 187 187 185 188 187 187 187 187 187 187 187 187 187 188 184 188 187 187 187 187 184 185 185 187 188 187 187 187 187 187 187 187 187 187 187 187 187 187 
187 187 187 187 187 187 187 187 187 187 187 187 187 187 187 188 187 184 188 187 187 188 184 188 187 187 188 184 188 187 187 187 187 187 187 187 187 187 187 188 185 187 187 187 187 185 188 188 187 186 186 187 187 187 187 187 187 187 187 187 187 187 187 187 
187 187 187 187 187 187 187 187 187 187 187 187 187 187 187 186 186 187 187 187 187 187 186 184 188 188 184 187 187 187 187 187 187 187 187 186 187 187 187 188 185 187 187 188 184 188 187 187 187 187 187 187 187 187 187 187 187 187 187 187 187 187 187 187 
187 187 187 187 187 187 187 187 187 187 187 187 187 187 187 187 187 187 187 187 187 187 187 188 185 185 187 187 187 187 187 187 187 187 187 185 188 187 188 185 187 187 187 188 185 187 187 187 187 187 187 187 187 187 187 187 187 187 187 187 187 187 187 187 
187 187 187 187 187 187 187 187 187 187 187 187 187 187 187 187 187 187 187 187 187 187 187 187 187 187 187 187 187 187 187 187 187 187 188 185 188 187 187 185 188 187 187 186 187 187 187 187 187 187 187 187 187 187 187 187 187 187 187 187 187 187 187 187 
187 187 187 187 187 187 187 187 187 187 187 187 187 187 187 187 187 187 187 187 187 187 187 187 187 187 187 187 187 187 188 188 188 188 188 184 188 188 185 188 187 187 187 187 187 187 187 187 187 187 187 187 187 187 187 187 187 187 187 187 187 187 187 187 
187 187 187 187 187 187 187 187 187 187 187 187 187 187 187 187 187 187 187 187 187 187 187 187 187 187 187 187 187 187 186 185 185 186 186 187 187 186 187 187 187 187 187 187 187 187 187 187 187 187 187 187 187 187 187 187 187 187 187 187 187 187 187 187 
187 187 187 187 187 187 187 187 187 187 187 187 187 187 187 187 187 187 187 187 187 187 187 187 187 187 187 187 187 186 187 187 187 187 187 187 187 187 187 187 187 187 187 187 187 187 187 187 187 187 187 187 187 187 187 187 187 187 187 187 187 187 187 187 
