187 187 187 187 187 187 187 187 187 187 187 187 187 187 187 187 187 187 187 187 187 187 187 187 187 187 187 187 187 186 187 187 187 187 186 187 187 187 187 187 187 187 187 187 187 187 187 187 187 187 187 187 187 187 187 187 187 187 187 187 187 187 187 187 
187 187 187 187 187 187 187 187 187 187 187 187 187 187 187 187 187 187 187 187 187 187 187 187 186 187 187 186 189 184 188 186 186 188 184 189 186 187 187 186 187 187 187 187 187 187 187 187 187 187 187 187 187 187 187 187 187 187 187 187 187 187 187 187 
187 187 187 187 187 187 187 187 187 187 187 187 187 187 187 187 187 187 187 187 187 187 185 189 185 188 187 184 190 183 189 186 186 189 183 190 184 187 188 185 189 185 187 187 187 187 187 187 187 187 187 187 187 187 187 187 187 187 187 187 187 187 187 187 
187 187 187 187 187 187 187 187 187 187 187 187 187 187 187 187 187 187 187 186 186 189 183 191 184 188 187 184 190 183 190 186 186 190 183 190 184 187 188 184 191 183 189 186 186 187 187 187 187 187 187 187 187 187 187 187 187 187 187 187 187 187 187 187 
187 187 187 187 187 187 187 187 187 187 187 187 187 187 187 187 187 186 188 185 186 189 183 191 184 188 187 184 190 183 190 186 186 190 183 190 184 187 188 184 191 183 189 186 185 188 186 187 187 187 187 187 187 187 187 187 187 187 187 187 187 187 187 187 
187 187 187 187 187 187 187 187 187 187 187 187 187 187 187 186 189 184 190 185 186 189 183 191 184 188 187 184 190 183 190 186 186 190 183 190 184 187 188 184 191 183 189 186 185 190 184 189 186 187 187 187 187 187 187 187 187 187 187 187 187 187 187 187 
187 187 187 187 187 187 187 187 187 187 187 187 187 187 187 185 190 182 190 185 186 189 183 191 184 188 187 184 190 183 190 186 186 190 183 190 184 187 188 184 191 183 189 186 185 190 182 190 185 187 187 187 187 187 187 187 187 187 187 187 187 187 187 187 
187 187 187 187 187 187 187 187 187 187 187 187 186 187 187 184 190 182 190 185 186 189 183 191 184 188 187 184 190 183 190 186 186 190 183 190 184 187 188 184 191 183 189 186 185 190 182 190 184 187 187 186 187 187 187 187 187 187 187 187 187 187 187 187 
187 187 187 187 187 187 187 187 187 187 187 188 185 188 187 185 190 182 190 185 186 189 183 191 184 188 187 184 190 183 190 186 186 190 183 190 184 187 188 184 191 183 189 186 185 190 182 190 185 187 188 185 188 187 187 187 187 187 187 187 187 187 187 187 
187 187 187 187 187 187 187 187 187 187 186 190 183 189 187 185 190 182 190 185 186 189 183 191 184 188 187 184 190 183 190 186 186 190 183 190 184 187 188 184 191 183 189 186 185 190 182 190 185 187 189 183 190 186 187 187 187 187 187 187 187 187 187 187 
187 187 187 187 187 187 187 187 186 188 184 190 183 189 187 185 190 182 190 185 186 189 183 191 184 188 187 184 190 183 190 186 186 190 183 190 184 187 188 184 191 183 189 186 185 190 182 190 185 187 189 183 190 184 188 186 187 187 187 187 187 187 187 187 
187 187 187 187 187 187 187 187 186 188 183 191 183 189 187 185 190 182 190 185 186 189 183 191 184 188 187 184 190 183 190 186 186 190 183 190 184 187 188 184 191 183 189 186 185 190 182 190 185 187 189 183 191 183 188 186 187 187 187 187 187 187 187 187 
187 187 187 187 187 187 187 187 186 188 183 191 183 189 187 185 190 182 190 185 186 189 183 191 184 188 187 184 190 183 190 186 186 190 183 190 184 187 188 184 191 183 189 186 185 190 182 190 185 187 189 183 191 183 188 186 187 187 187 187 187 187 187 187 
187 187 187 187 187 187 187 186 187 188 183 191 183 189 187 185 190 182 190 185 186 189 183 191 184 188 187 184 190 183 190 186 186 190 183 190 184 187 188 184 191 183 189 186 185 190 182 190 185 187 189 183 191 183 188 187 186 187 187 187 187 187 187 187 
187 187 187 187 187 187 188 185 187 188 183 191 183 189 187 185 190 182 190 185 186 189 183 191 184 188 187 184 190 183 190 186 186 190 183 190 184 187 188 184 191 183 189 186 185 190 182 190 185 187 189 183 191 183 188 187 185 188 187 187 187 187 187 187 
187 187 187 187 187 186 189 184 187 188 183 191 183 189 187 185 190 182 190 185 186 189 183 191 184 188 187 184 190 183 190 186 186 190 183 190 184 187 188 184 191 183 189 186 185 190 182 190 185 187 189 183 191 183 188 187 184 189 186 187 187 187 187 187 
187 187 187 187 187 184 190 184 187 188 183 191 183 189 187 185 190 182 190 185 186 189 183 191 184 188 187 184 190 183 190 186 186 190 183 190 184 187 188 184 191 183 189 186 185 190 182 190 185 187 189 183 191 183 188 187 184 190 184 187 187 187 187 187 
187 187 187 187 188 183 190 184 187 188 183 191 183 189 187 185 190 182 190 185 186 189 183 191 184 188 187 184 190 183 190 186 186 190 183 190 184 187 188 184 191 183 189 186 185 190 182 190 185 187 189 183 191 183 188 187 184 190 183 188 187 187 187 187 
187 187 187 186 189 183 190 184 187 188 183 191 183 189 187 185 190 182 190 185 186 189 183 191 184 188 187 184 190 183 190 186 186 190 183 190 184 187 188 184 191 183 189 186 185 190 182 190 185 187 189 183 191 183 188 187 184 190 183 189 186 187 187 187 
187 187 187 186 189 183 190 184 187 188 183 191 183 189 187 185 190 182 190 185 186 189 183 191 184 188 187 184 190 183 190 186 186 190 183 190 184 187 188 184 191 183 189 186 185 190 182 190 185 187 189 183 191 183 188 187 184 190 183 189 186 187 187 187 
187 187 187 185 190 183 190 184 187 188 183 191 183 189 187 185 190 182 190 185 186 189 183 191 184 188 187 184 190 183 190 186 186 190 183 190 184 187 188 184 191 183 189 186 185 190 182 190 185 187 189 183 191 183 188 187 184 190 183 190 185 187 187 187 
187 187 187 185 190 183 190 184 187 188 183 191 183 189 187 185 190 182 190 185 186 189 183 191 184 188 187 184 190 183 190 186 186 190 183 190 184 187 188 184 191 183 189 186 185 190 182 190 185 187 189 183 191 183 188 187 184 190 183 190 185 187 187 187 
187 187 187 185 190 183 190 184 187 188 183 191 183 189 187 185 190 182 190 185 186 189 183 191 184 188 187 184 190 183 190 186 186 190 183 190 184 187 188 184 191 183 189 186 185 190 182 190 185 187 189 183 191 183 188 187 184 190 183 190 185 187 187 187 
187 186 187 185 190 183 190 184 187 188 183 191 183 189 187 185 190 182 190 185 186 189 183 191 184 188 187 184 190 183 190 186 186 190 183 190 184 187 188 184 191 183 189 186 185 190 182 190 185 187 189 183 191 183 188 187 184 190 183 190 185 187 186 187 
187 187 187 186 190 183 190 184 187 188 183 191 183 189 187 185 190 182 190 185 186 189 183 191 184 188 187 184 190 183 190 186 186 190 183 190 184 187 188 184 191 183 189 186 185 190 182 190 185 187 189 183 191 183 188 187 184 190 183 190 186 187 187 187 
187 187 187 186 190 183 190 184 187 188 183 191 183 189 187 185 190 182 190 185 186 189 183 191 184 188 187 184 190 183 190 186 186 190 183 190 184 187 188 184 191 183 189 186 185 190 182 190 185 187 189 183 191 183 188 187 184 190 183 190 186 187 187 187 
187 187 187 186 190 183 190 184 187 188 183 191 183 189 187 185 190 182 190 185 186 189 183 191 184 188 187 184 190 183 190 186 186 190 183 190 184 187 188 184 191 183 189 186 185 190 182 190 185 187 189 183 191 183 188 187 184 190 183 190 186 187 187 187 
187 188 186 186 190 183 190 184 187 188 183 191 183 189 187 185 190 182 190 185 186 189 183 191 184 188 187 184 190 183 190 186 186 190 183 190 184 187 188 184 191 183 189 186 185 190 182 190 185 187 189 183 191 183 188 187 184 190 183 190 186 186 188 187 
187 188 186 186 190 183 190 184 187 188 183 191 183 189 187 185 190 182 190 185 186 189 183 191 184 188 187 184 190 183 190 186 186 190 183 190 184 187 188 184 191 183 189 186 185 190 182 190 185 187 189 183 191 183 188 187 184 190 183 190 186 186 188 187 
187 188 186 186 190 183 190 184 187 188 183 191 183 189 187 185 190 182 190 185 186 189 183 191 184 188 187 184 190 183 190 186 186 190 183 190 184 187 188 184 191 183 189 186 185 190 182 190 185 187 189 183 191 183 188 187 184 190 183 190 186 186 188 187 
187 188 186 186 190 183 190 184 187 188 183 191 183 189 187 185 190 182 190 185 186 189 183 191 184 188 187 184 190 183 190 186 186 190 183 190 184 187 188 184 191 183 189 186 185 190 182 190 185 187 189 183 191 183 188 187 184 190 183 190 186 186 188 187 
187 188 186 186 190 183 190 184 187 188 183 191 183 189 187 185 190 182 190 185 186 189 183 191 184 188 187 184 190 183 190 186 186 190 183 190 184 187 188 184 191 183 189 186 185 190 182 190 185 187 189 183 191 183 188 187 184 190 183 190 186 186 188 187 
187 188 186 186 190 183 190 184 187 188 183 191 183 189 187 185 190 182 190 185 186 189 183 191 184 188 187 184 190 183 190 186 186 190 183 190 184 187 188 184 191 183 189 186 185 190 182 190 185 187 189 183 191 183 188 187 184 190 183 190 186 186 188 187 
187 188 186 186 190 183 190 184 187 188 183 191 183 189 187 185 190 182 190 185 186 189 183 191 184 188 187 184 190 183 190 186 186 190 183 190 184 187 188 184 191 183 189 186 185 190 182 190 185 187 189 183 191 183 188 187 184 190 183 190 186 186 188 187 
187 188 186 186 190 183 190 184 187 188 183 191 183 189 187 185 190 182 190 185 186 189 183 191 184 188 187 184 190 183 190 186 186 190 183 190 184 187 188 184 191 183 189 186 185 190 182 190 185 187 189 183 191 183 188 187 184 190 183 190 186 186 188 187 
187 188 186 186 190 183 190 184 187 188 183 191 183 189 187 185 190 182 190 185 186 189 183 191 184 188 187 184 190 183 190 186 186 190 183 190 184 187 188 184 191 183 189 186 185 190 182 190 185 187 189 183 191 183 188 187 184 190 183 190 186 186 188 187 
187 188 186 186 190 183 190 184 187 188 183 191 183 189 187 185 190 182 190 185 186 189 183 191 184 188 187 184 190 183 190 186 186 190 183 190 184 187 188 184 191 183 189 186 185 190 182 190 185 187 189 183 191 183 188 187 184 190 183 190 186 186 188 187 
187 187 187 186 190 183 190 184 187 188 183 191 183 189 187 185 190 182 190 185 186 189 183 191 184 188 187 184 190 183 190 186 186 190 183 190 184 187 188 184 191 183 189 186 185 190 182 190 185 187 189 183 191 183 188 187 184 190 183 190 186 187 187 187 
187 187 187 186 190 183 190 184 187 188 183 191 183 189 187 185 190 182 190 185 186 189 183 191 184 188 187 184 190 183 190 186 186 190 183 190 184 187 188 184 191 183 189 186 185 190 182 190 185 187 189 183 191 183 188 187 184 190 183 190 186 187 187 187 
187 187 187 186 190 183 190 184 187 188 183 191 183 189 187 185 190 182 190 185 186 189 183 191 184 188 187 184 190 183 190 186 186 190 183 190 184 187 188 184 191 183 189 186 185 190 182 190 185 187 189 183 191 183 188 187 184 190 183 190 186 187 187 187 
187 186 187 185 190 183 190 184 187 188 183 191 183 189 187 185 190 182 190 185 186 189 183 191 184 188 187 184 190 183 190 186 186 190 183 190 184 187 188 184 191 183 189 186 185 190 182 190 185 187 189 183 191 183 188 187 184 190 183 190 185 187 186 187 
187 187 187 185 190 183 190 184 187 188 183 191 183 189 187 185 190 182 190 185 186 189 183 191 184 188 187 184 190 183 190 186 186 190 183 190 184 187 188 184 191 183 189 186 185 190 182 190 185 187 189 183 191 183 188 187 184 190 183 190 185 187 187 187 
187 187 187 185 190 183 190 184 187 188 183 191 183 189 187 185 190 182 190 185 186 189 183 191 184 188 187 184 190 183 190 186 186 190 183 190 184 187 188 184 191 183 189 186 185 190 182 190 185 187 189 183 191 183 188 187 184 190 183 190 185 187 187 187 
187 187 187 185 190 183 190 184 187 188 183 191 183 189 187 185 190 182 190 185 186 189 183 191 184 188 187 184 190 183 190 186 186 190 183 190 184 187 188 184 191 183 189 186 185 190 182 190 185 187 189 183 191 183 188 187 184 190 183 190 185 187 187 187 
187 187 187 186 189 183 190 184 187 188 183 191 183 189 187 185 190 182 190 185 186 189 183 191 184 188 187 184 190 183 190 186 186 190 183 190 184 187 188 184 191 183 189 186 185 190 182 190 185 187 189 183 191 183 188 187 184 190 183 189 186 187 187 187 
187 187 187 186 189 183 190 184 187 188 183 191 183 189 187 185 190 182 190 185 186 189 183 191 184 188 187 184 190 183 190 186 186 190 183 190 184 187 188 184 191 183 189 186 185 190 182 190 185 187 189 183 191 183 188 187 184 190 183 189 186 187 187 187 
187 187 187 187 188 183 190 184 187 188 183 191 183 189 187 185 190 182 190 185 186 189 183 191 184 188 187 184 190 183 190 186 186 190 183 190 184 187 188 184 191 183 189 186 185 190 182 190 185 187 189 183 191 183 188 187 184 190 183 188 187 187 187 187 
187 187 187 187 187 184 190 184 187 188 183 191 183 189 187 185 190 182 190 185 186 189 183 191 184 188 187 184 190 183 190 186 186 190 183 190 184 187 188 184 191 183 189 186 185 190 182 190 185 187 189 183 191 183 188 187 184 190 184 187 187 187 187 187 
187 187 187 187 187 186 189 184 187 188 183 191 183 189 187 185 190 182 190 185 186 189 183 191 184 188 187 184 190 183 190 186 186 190 183 190 184 187 188 184 191 183 189 186 185 190 182 190 185 187 189 183 191 183 188 187 184 189 186 187 187 187 187 187 
187 187 187 187 187 187 188 185 187 188 183 191 183 189 187 185 190 182 190 185 186 189 183 191 184 188 187 184 190 183 190 186 186 190 183 190 184 187 188 184 191 183 189 186 185 190 182 190 185 187 189 183 191 183 188 187 185 188 187 187 187 187 187 187 
187 187 187 187 187 187 187 186 187 188 183 191 183 189 187 185 190 182 190 185 186 189 183 191 184 188 187 184 190 183 190 186 186 190 183 190 184 187 188 184 191 183 189 186 185 190 182 190 185 187 189 183 191 183 188 187 186 187 187 187 187 187 187 187 
187 187 187 187 187 187 187 187 186 188 183 191 183 189 187 185 190 182 190 185 186 189 183 191 184 188 187 184 190 183 190 186 186 190 183 190 184 187 188 184 191 183 189 186 185 190 182 190 185 187 189 183 191 183 188 186 187 187 187 187 187 187 187 187 
187 187 187 187 187 187 187 187 186 188 183 191 183 189 187 185 190 182 190 185 186 189 183 191 184 188 187 184 190 183 190 186 186 190 183 190 184 187 188 184 191 183 189 186 185 190 182 190 185 187 189 183 191 183 188 186 187 187 187 187 187 187 187 187 
187 187 187 187 187 187 187 187 186 188 184 190 183 189 187 185 190 182 190 185 186 189 183 191 184 188 187 184 190 183 190 186 186 190 183 190 184 187 188 184 191 183 189 186 185 190 182 190 185 187 189 183 190 184 188 186 187 187 187 187 187 187 187 187 
187 187 187 187 187 187 187 187 187 187 186 190 183 189 187 185 190 182 190 185 186 189 183 191 184 188 187 184 190 183 190 186 186 190 183 190 184 187 188 184 191 183 189 186 185 190 182 190 185 187 189 183 190 186 187 187 187 187 187 187 187 187 187 187 
187 187 187 187 187 187 187 187 187 187 187 188 185 188 187 185 190 182 190 185 186 189 183 191 184 188 187 184 190 183 190 186 186 190 183 190 184 187 188 184 191 183 189 186 185 190 182 190 185 187 188 185 188 187 187 187 187 187 187 187 187 187 187 187 
187 187 187 187 187 187 187 187 187 187 187 187 186 187 187 184 190 182 190 185 186 189 183 191 184 188 187 184 190 183 190 186 186 190 183 190 184 187 188 184 191 183 189 186 185 190 182 190 184 187 187 186 187 187 187 187 187 187 187 187 187 187 187 187 
187 187 187 187 187 187 187 187 187 187 187 187 187 187 187 185 190 182 190 185 186 189 183 191 184 188 187 184 190 183 190 186 186 190 183 190 184 187 188 184 191 183 189 186 185 190 182 190 185 187 187 187 187 187 187 187 187 187 187 187 187 187 187 187 
187 187 187 187 187 187 187 187 187 187 187 187 187 187 187 186 189 184 190 185 186 189 183 191 184 188 187 184 190 183 190 186 186 190 183 190 184 187 188 184 191 183 189 186 185 190 184 189 186 187 187 187 187 187 187 187 187 187 187 187 187 187 187 187 
187 187 187 187 187 187 187 187 187 187 187 187 187 187 187 187 187 186 188 185 186 189 183 191 184 188 187 184 190 183 190 186 186 190 183 190 184 187 188 184 191 183 189 186 185 188 186 187 187 187 187 187 187 187 187 187 187 187 187 187 187 187 187 187 
187 187 187 187 187 187 187 187 187 187 187 187 187 187 187 187 187 187 187 186 186 189 183 191 184 188 187 184 190 183 190 186 186 190 183 190 184 187 188 184 191 183 189 186 186 187 187 187 187 187 187 187 187 187 187 187 187 187 187 187 187 187 187 187 
187 187 187 187 187 187 187 187 187 187 187 187 187 187 187 187 187 187 187 187 187 187 185 189 185 188 187 184 190 183 189 186 186 189 183 190 184 187 188 185 189 185 187 187 187 187 187 187 187 187 187 187 187 187 187 187 187 187 187 187 187 187 187 187 
187 187 187 187 187 187 187 187 187 187 187 187 187 187 187 187 187 187 187 187 187 187 187 187 186 187 187 186 189 184 188 186 186 188 184 189 186 187 187 186 187 187 187 187 187 187 187 187 187 187 187 187 187 187 187 187 187 187 187 187 187 187 187 187 
187 187 187 187 187 187 187 187 187 187 187 187 187 187 187 187 187 187 187 187 187 187 187 187 187 187 187 187 187 186 187 187 187 187 186 187 187 187 187 187 187 187 187 187 187 187 187 187 187 187 187 187 187 187 187 187 187 187 187 187 187 187 187 187 
