187 187 187 187 187 187 187 187 187 187 187 187 187 187 187 187 187 187 187 187 187 187 187 187 187 187 187 185 189 183 190 185 185 190 183 189 185 187 187 187 187 187 187 187 187 187 187 187 187 187 187 187 187 187 187 187 187 187 187 187 187 187 187 187 
187 187 187 187 187 187 187 187 187 187 187 187 187 187 187 187 187 187 187 187 187 187 186 190 182 188 189 169 207 156 202 172 172 202 156 207 169 189 188 182 190 186 187 187 187 187 187 187 187 187 187 187 187 187 187 187 187 187 187 187 187 187 187 187 
187 187 187 187 187 187 187 187 187 187 187 187 187 187 187 187 187 187 187 187 185 193 169 207 157 188 182 139 221 121 209 148 148 209 121 221 139 182 188 157 207 169 193 185 187 187 187 187 187 187 187 187 187 187 187 187 187 187 187 187 187 187 187 187 
187 187 187 187 187 187 187 187 187 187 187 187 187 187 187 187 187 186 189 183 176 202 133 222 126 187 174 131 222 116 210 144 144 210 116 222 131 174 187 126 222 133 202 176 183 189 186 187 187 187 187 187 187 187 187 187 187 187 187 187 187 187 187 187 
187 187 187 187 187 187 187 187 187 187 187 187 187 187 187 186 191 172 203 163 159 202 112 224 123 187 174 131 222 116 210 144 144 210 116 222 131 174 187 123 224 112 202 159 163 203 172 191 186 187 187 187 187 187 187 187 187 187 187 187 187 187 187 187 
187 187 187 187 187 187 187 187 187 187 187 187 187 186 188 176 207 140 214 141 154 201 112 224 123 187 174 131 222 116 210 144 144 210 116 222 131 174 187 123 224 112 201 154 141 214 140 207 176 188 186 187 187 187 187 187 187 187 187 187 187 187 187 187 
187 187 187 187 187 187 187 187 187 187 187 187 187 186 190 155 217 118 217 139 154 201 112 224 123 187 174 131 222 116 210 144 144 210 116 222 131 174 187 123 224 112 201 154 139 217 118 217 155 190 186 187 187 187 187 187 187 187 187 187 187 187 187 187 
187 187 187 187 187 187 187 187 187 187 187 187 181 190 179 138 218 117 217 139 154 201 112 224 123 187 174 131 222 116 210 144 144 210 116 222 131 174 187 123 224 112 201 154 139 217 117 218 138 179 190 181 187 187 187 187 187 187 187 187 187 187 187 187 
187 187 187 187 187 187 187 187 187 187 185 197 160 195 161 137 218 117 217 139 154 201 112 224 123 187 174 131 222 116 210 144 144 210 116 222 131 174 187 123 224 112 201 154 139 217 117 218 137 161 195 160 197 185 187 187 187 187 187 187 187 187 187 187 
187 187 187 187 187 187 187 187 187 189 171 214 129 199 158 137 218 117 217 139 154 201 112 224 123 187 174 131 222 116 210 144 144 210 116 222 131 174 187 123 224 112 201 154 139 217 117 218 137 158 199 129 214 171 189 187 187 187 187 187 187 187 187 187 
187 187 187 187 187 187 187 187 185 196 147 223 113 199 158 137 218 117 217 139 154 201 112 224 123 187 174 131 222 116 210 144 144 210 116 222 131 174 187 123 224 112 201 154 139 217 117 218 137 158 199 113 223 147 196 185 187 187 187 187 187 187 187 187 
187 187 187 187 187 187 187 187 180 200 125 225 113 199 158 137 218 117 217 139 154 201 112 224 123 187 174 131 222 116 210 144 144 210 116 222 131 174 187 123 224 112 201 154 139 217 117 218 137 158 199 113 225 125 200 180 187 187 187 187 187 187 187 187 
187 187 187 187 187 187 187 186 174 195 121 225 113 199 158 137 218 117 217 139 154 201 112 224 123 187 174 131 222 116 210 144 144 210 116 222 131 174 187 123 224 112 201 154 139 217 117 218 137 158 199 113 225 121 195 174 186 187 187 187 187 187 187 187 
187 187 187 187 187 187 189 176 169 190 121 225 113 199 158 137 218 117 217 139 154 201 112 224 123 187 174 131 222 116 210 144 144 210 116 222 131 174 187 123 224 112 201 154 139 217 117 218 137 158 199 113 225 121 190 169 176 189 187 187 187 187 187 187 
187 187 187 187 187 184 198 157 170 190 121 225 113 199 158 137 218 117 217 139 154 201 112 224 123 187 174 131 222 116 210 144 144 210 116 222 131 174 187 123 224 112 201 154 139 217 117 218 137 158 199 113 225 121 190 170 157 198 184 187 187 187 187 187 
187 187 187 187 187 175 210 139 171 190 121 225 113 199 158 137 218 117 217 139 154 201 112 224 123 187 174 131 222 116 210 144 144 210 116 222 131 174 187 123 224 112 201 154 139 217 117 218 137 158 199 113 225 121 190 171 139 210 175 187 187 187 187 187 
187 187 187 187 192 158 218 133 171 190 121 225 113 199 158 137 218 117 217 139 154 201 112 224 123 187 174 131 222 116 210 144 144 210 116 222 131 174 187 123 224 112 201 154 139 217 117 218 137 158 199 113 225 121 190 171 133 218 158 192 187 187 187 187 
187 187 187 185 201 138 221 133 171 190 121 225 113 199 158 137 218 117 217 139 154 201 112 224 123 187 174 131 222 116 210 144 144 210 116 222 131 174 187 123 224 112 201 154 139 217 117 218 137 158 199 113 225 121 190 171 133 221 138 201 185 187 187 187 
187 187 187 180 208 122 222 133 171 190 121 225 113 199 158 137 218 117 217 139 154 201 112 224 123 187 174 131 222 116 210 144 144 210 116 222 131 174 187 123 224 112 201 154 139 217 117 218 137 158 199 113 225 121 190 171 133 222 122 208 180 187 187 187 
187 187 187 172 212 117 222 133 171 190 121 225 113 199 158 137 218 117 217 139 154 201 112 224 123 187 174 131 222 116 210 144 144 210 116 222 131 174 187 123 224 112 201 154 139 217 117 218 137 158 199 113 225 121 190 171 133 222 117 212 172 187 187 187 
187 187 190 164 213 117 222 133 171 190 121 225 113 199 158 137 218 117 217 139 154 201 112 224 123 187 174 131 222 116 210 144 144 210 116 222 131 174 187 123 224 112 201 154 139 217 117 218 137 158 199 113 225 121 190 171 133 222 117 213 164 190 187 187 
187 187 192 154 212 117 222 133 171 190 121 225 113 199 158 137 218 117 217 139 154 201 112 224 123 187 174 131 222 116 210 144 144 210 116 222 131 174 187 123 224 112 201 154 139 217 117 218 137 158 199 113 225 121 190 171 133 222 117 212 154 192 187 187 
187 186 191 145 212 117 222 133 171 190 121 225 113 199 158 137 218 117 217 139 154 201 112 224 123 187 174 131 222 116 210 144 144 210 116 222 131 174 187 123 224 112 201 154 139 217 117 218 137 158 199 113 225 121 190 171 133 222 117 212 145 191 186 187 
187 185 188 140 212 117 222 133 171 190 121 225 113 199 158 137 218 117 217 139 154 201 112 224 123 187 174 131 222 116 210 144 144 210 116 222 131 174 187 123 224 112 201 154 139 217 117 218 137 158 199 113 225 121 190 171 133 222 117 212 140 188 185 187 
187 186 184 141 212 117 222 133 171 190 121 225 113 199 158 137 218 117 217 139 154 201 112 224 123 187 174 131 222 116 210 144 144 210 116 222 131 174 187 123 224 112 201 154 139 217 117 218 137 158 199 113 225 121 190 171 133 222 117 212 141 184 186 187 
187 187 179 141 212 117 222 133 171 190 121 225 113 199 158 137 218 117 217 139 154 201 112 224 123 187 174 131 222 116 210 144 144 210 116 222 131 174 187 123 224 112 201 154 139 217 117 218 137 158 199 113 225 121 190 171 133 222 117 212 141 179 187 187 
187 189 173 141 212 117 222 133 171 190 121 225 113 199 158 137 218 117 217 139 154 201 112 224 123 187 174 131 222 116 210 144 144 210 116 222 131 174 187 123 224 112 201 154 139 217 117 218 137 158 199 113 225 121 190 171 133 222 117 212 141 173 189 187 
186 191 168 141 212 117 222 133 171 190 121 225 113 199 158 137 218 117 217 139 154 201 112 224 123 187 174 131 222 116 210 144 144 210 116 222 131 174 187 123 224 112 201 154 139 217 117 218 137 158 199 113 225 121 190 171 133 222 117 212 141 168 191 186 
186 192 164 141 212 117 222 133 171 190 121 225 113 199 158 137 218 117 217 139 154 201 112 224 123 187 174 131 222 116 210 144 144 210 116 222 131 174 187 123 224 112 201 154 139 217 117 218 137 158 199 113 225 121 190 171 133 222 117 212 141 164 192 186 
185 193 161 141 212 117 222 133 171 190 121 225 113 199 158 137 218 117 217 139 154 201 112 224 123 187 174 131 222 116 210 144 144 210 116 222 131 174 187 123 224 112 201 154 139 217 117 218 137 158 199 113 225 121 190 171 133 222 117 212 141 161 193 185 
184 194 158 141 212 117 222 133 171 190 121 225 113 199 158 137 218 117 217 139 154 201 112 224 123 187 174 131 222 116 210 144 144 210 116 222 131 174 187 123 224 112 201 154 139 217 117 218 137 158 199 113 225 121 190 171 133 222 117 212 141 158 194 184 
184 195 158 141 212 117 222 133 171 190 121 225 113 199 158 137 218 117 217 139 154 201 112 224 123 187 174 131 222 116 210 144 144 210 116 222 131 174 187 123 224 112 201 154 139 217 117 218 137 158 199 113 225 121 190 171 133 222 117 212 141 158 195 184 
184 195 158 141 212 117 222 133 171 190 121 225 113 199 158 137 218 117 217 139 154 201 112 224 123 187 174 131 222 116 210 144 144 210 116 222 131 174 187 123 224 112 201 154 139 217 117 218 137 158 199 113 225 121 190 171 133 222 117 212 141 158 195 184 
184 194 158 141 212 117 222 133 171 190 121 225 113 199 158 137 218 117 217 139 154 201 112 224 123 187 174 131 222 116 210 144 144 210 116 222 131 174 187 123 224 112 201 154 139 217 117 218 137 158 199 113 225 121 190 171 133 222 117 212 141 158 194 184 
185 193 161 141 212 117 222 133 171 190 121 225 113 199 158 137 218 117 217 139 154 201 112 224 123 187 174 131 222 116 210 144 144 210 116 222 131 174 187 123 224 112 201 154 139 217 117 218 137 158 199 113 225 121 190 171 133 222 117 212 141 161 193 185 
186 192 164 141 212 117 222 133 171 190 121 225 113 199 158 137 218 117 217 139 154 201 112 224 123 187 174 131 222 116 210 144 144 210 116 222 131 174 187 123 224 112 201 154 139 217 117 218 137 158 199 113 225 121 190 171 133 222 117 212 141 164 192 186 
186 191 168 141 212 117 222 133 171 190 121 225 113 199 158 137 218 117 217 139 154 201 112 224 123 187 174 131 222 116 210 144 144 210 116 222 131 174 187 123 224 112 201 154 139 217 117 218 137 158 199 113 225 121 190 171 133 222 117 212 141 168 191 186 
187 189 173 141 212 117 222 133 171 190 121 225 113 199 158 137 218 117 217 139 154 201 112 224 123 187 174 131 222 116 210 144 144 210 116 222 131 174 187 123 224 112 201 154 139 217 117 218 137 158 199 113 225 121 190 171 133 222 117 212 141 173 189 187 
187 187 179 141 212 117 222 133 171 190 121 225 113 199 158 137 218 117 217 139 154 201 112 224 123 187 174 131 222 116 210 144 144 210 116 222 131 174 187 123 224 112 201 154 139 217 117 218 137 158 199 113 225 121 190 171 133 222 117 212 141 179 187 187 
187 186 184 141 212 117 222 133 171 190 121 225 113 199 158 137 218 117 217 139 154 201 112 224 123 187 174 131 222 116 210 144 144 210 116 222 131 174 187 123 224 112 201 154 139 217 117 218 137 158 199 113 225 121 190 171 133 222 117 212 141 184 186 187 
187 185 188 140 212 117 222 133 171 190 121 225 113 199 158 137 218 117 217 139 154 201 112 224 123 187 174 131 222 116 210 144 144 210 116 222 131 174 187 123 224 112 201 154 139 217 117 218 137 158 199 113 225 121 190 171 133 222 117 212 140 188 185 187 
187 186 191 145 212 117 222 133 171 190 121 225 113 199 158 137 218 117 217 139 154 201 112 224 123 187 174 131 222 116 210 144 144 210 116 222 131 174 187 123 224 112 201 154 139 217 117 218 137 158 199 113 225 121 190 171 133 222 117 212 145 191 186 187 
187 187 192 154 212 117 222 133 171 190 121 225 113 199 158 137 218 117 217 139 154 201 112 224 123 187 174 131 222 116 210 144 144 210 116 222 131 174 187 123 224 112 201 154 139 217 117 218 137 158 199 113 225 121 190 171 133 222 117 212 154 192 187 187 
187 187 190 164 213 117 222 133 171 190 121 225 113 199 158 137 218 117 217 139 154 201 112 224 123 187 174 131 222 116 210 144 144 210 116 222 131 174 187 123 224 112 201 154 139 217 117 218 137 158 199 113 225 121 190 171 133 222 117 213 164 190 187 187 
187 187 187 172 212 117 222 133 171 190 121 225 113 199 158 137 218 117 217 139 154 201 112 224 123 187 174 131 222 116 210 144 144 210 116 222 131 174 187 123 224 112 201 154 139 217 117 218 137 158 199 113 225 121 190 171 133 222 117 212 172 187 187 187 
187 187 187 180 208 122 222 133 171 190 121 225 113 199 158 137 218 117 217 139 154 201 112 224 123 187 174 131 222 116 210 144 144 210 116 222 131 174 187 123 224 112 201 154 139 217 117 218 137 158 199 113 225 121 190 171 133 222 122 208 180 187 187 187 
187 187 187 185 201 138 221 133 171 190 121 225 113 199 158 137 218 117 217 139 154 201 112 224 123 187 174 131 222 116 210 144 144 210 116 222 131 174 187 123 224 112 201 154 139 217 117 218 137 158 199 113 225 121 190 171 133 221 138 201 185 187 187 187 
187 187 187 187 192 158 218 133 171 190 121 225 113 199 158 137 218 117 217 139 154 201 112 224 123 187 174 131 222 116 210 144 144 210 116 222 131 174 187 123 224 112 201 154 139 217 117 218 137 158 199 113 225 121 190 171 133 218 158 192 187 187 187 187 
187 187 187 187 187 175 210 139 171 190 121 225 113 199 158 137 218 117 217 139 154 201 112 224 123 187 174 131 222 116 210 144 144 210 116 222 131 174 187 123 224 112 201 154 139 217 117 218 137 158 199 113 225 121 190 171 139 210 175 187 187 187 187 187 
187 187 187 187 187 184 198 157 170 190 121 225 113 199 158 137 218 117 217 139 154 201 112 224 123 187 174 131 222 116 210 144 144 210 116 222 131 174 187 123 224 112 201 154 139 217 117 218 137 158 199 113 225 121 190 170 157 198 184 187 187 187 187 187 
187 187 187 187 187 187 189 176 169 190 121 225 113 199 158 137 218 117 217 139 154 201 112 224 123 187 174 131 222 116 210 144 144 210 116 222 131 174 187 123 224 112 201 154 139 217 117 218 137 158 199 113 225 121 190 169 176 189 187 187 187 187 187 187 
187 187 187 187 187 187 187 186 174 195 121 225 113 199 158 137 218 117 217 139 154 201 112 224 123 187 174 131 222 116 210 144 144 210 116 222 131 174 187 123 224 112 201 154 139 217 117 218 137 158 199 113 225 121 195 174 186 187 187 187 187 187 187 187 
187 187 187 187 187 187 187 187 180 200 125 225 113 199 158 137 218 117 217 139 154 201 112 224 123 187 174 131 222 116 210 144 144 210 116 222 131 174 187 123 224 112 201 154 139 217 117 218 137 158 199 113 225 125 200 180 187 187 187 187 187 187 187 187 
187 187 187 187 187 187 187 187 185 196 147 223 113 199 158 137 218 117 217 139 154 201 112 224 123 187 174 131 222 116 210 144 144 210 116 222 131 174 187 123 224 112 201 154 139 217 117 218 137 158 199 113 223 147 196 185 187 187 187 187 187 187 187 187 
187 187 187 187 187 187 187 187 187 189 171 214 129 199 158 137 218 117 217 139 154 201 112 224 123 187 174 131 222 116 210 144 144 210 116 222 131 174 187 123 224 112 201 154 139 217 117 218 137 158 199 129 214 171 189 187 187 187 187 187 187 187 187 187 
187 187 187 187 187 187 187 187 187 187 185 197 160 195 161 137 218 117 217 139 154 201 112 224 123 187 174 131 222 116 210 144 144 210 116 222 131 174 187 123 224 112 201 154 139 217 117 218 137 161 195 160 197 185 187 187 187 187 187 187 187 187 187 187 
187 187 187 187 187 187 187 187 187 187 187 187 181 190 179 138 218 117 217 139 154 201 112 224 123 187 174 131 222 116 210 144 144 210 116 222 131 174 187 123 224 112 201 154 139 217 117 218 138 179 190 181 187 187 187 187 187 187 187 187 187 187 187 187 
187 187 187 187 187 187 187 187 187 187 187 187 187 186 190 155 217 118 217 139 154 201 112 224 123 187 174 131 222 116 210 144 144 210 116 222 131 174 187 123 224 112 201 154 139 217 118 217 155 190 186 187 187 187 187 187 187 187 187 187 187 187 187 187 
187 187 187 187 187 187 187 187 187 187 187 187 187 186 188 176 207 140 214 141 154 201 112 224 123 187 174 131 222 116 210 144 144 210 116 222 131 174 187 123 224 112 201 154 141 214 140 207 176 188 186 187 187 187 187 187 187 187 187 187 187 187 187 187 
187 187 187 187 187 187 187 187 187 187 187 187 187 187 187 186 191 172 203 163 159 202 112 224 123 187 174 131 222 116 210 144 144 210 116 222 131 174 187 123 224 112 202 159 163 203 172 191 186 187 187 187 187 187 187 187 187 187 187 187 187 187 187 187 
187 187 187 187 187 187 187 187 187 187 187 187 187 187 187 187 187 186 189 183 176 202 133 222 126 187 174 131 222 116 210 144 144 210 116 222 131 174 187 126 222 133 202 176 183 189 186 187 187 187 187 187 187 187 187 187 187 187 187 187 187 187 187 187 
187 187 187 187 187 187 187 187 187 187 187 187 187 187 187 187 187 187 187 187 185 193 169 207 157 188 182 139 221 121 209 148 148 209 121 221 139 182 188 157 207 169 193 185 187 187 187 187 187 187 187 187 187 187 187 187 187 187 187 187 187 187 187 187 
187 187 187 187 187 187 187 187 187 187 187 187 187 187 187 187 187 187 187 187 187 187 186 190 182 188 189 169 207 156 202 172 172 202 156 207 169 189 188 182 190 186 187 187 187 187 187 187 187 187 187 187 187 187 187 187 187 187 187 187 187 187 187 187 
187 187 187 187 187 187 187 187 187 187 187 187 187 187 187 187 187 187 187 187 187 187 187 187 187 187 187 185 189 183 190 185 185 190 183 189 185 187 187 187 187 187 187 187 187 187 187 187 187 187 187 187 187 187 187 187 187 187 187 187 187 187 187 187 
