187 187 187 187 187 187 187 187 187 187 187 187 187 187 187 187 187 187 187 187 187 187 187 187 187 187 187 187 187 187 187 187 187 187 187 187 187 187 187 187 187 187 187 187 187 187 187 187 187 187 187 187 187 187 187 187 187 187 187 187 187 187 187 187 
187 187 187 187 187 187 187 187 187 187 187 187 187 187 187 187 187 187 187 187 187 187 187 187 187 187 187 187 187 187 187 187 187 187 187 187 187 187 187 187 187 187 187 187 187 187 187 187 187 187 187 187 187 187 187 187 187 187 187 187 187 187 187 187 
187 187 187 187 187 187 187 187 187 187 187 187 187 187 187 187 187 187 187 187 187 187 187 187 187 187 187 187 187 187 187 187 187 187 187 187 187 187 187 187 187 187 187 187 187 187 187 187 187 187 187 187 187 187 187 187 187 187 187 187 187 187 187 187 
187 187 187 187 187 187 187 187 187 187 187 187 187 187 187 187 187 187 187 187 187 187 187 187 187 187 187 187 187 187 187 187 187 187 187 187 187 187 187 187 187 187 187 187 187 187 187 187 187 187 187 187 187 187 187 187 187 187 187 187 187 187 187 187 
187 187 187 187 187 187 187 187 187 187 187 187 187 187 187 187 187 187 187 187 187 187 187 187 187 187 187 187 187 187 187 187 187 187 187 187 187 187 187 187 187 187 187 187 187 187 187 187 187 187 187 187 187 187 187 187 187 187 187 187 187 187 187 187 
187 187 187 187 187 187 187 187 187 187 187 187 187 187 187 187 187 187 187 187 187 187 187 187 187 187 187 187 187 187 187 187 187 187 187 187 187 187 187 187 187 187 187 187 187 187 187 187 187 187 187 187 187 187 187 187 187 187 187 187 187 187 187 187 
187 187 187 187 187 187 187 187 187 187 187 187 187 187 187 187 187 187 186 186 187 187 187 187 187 187 187 187 187 187 187 187 187 187 187 187 187 187 187 187 187 187 187 187 187 187 187 187 188 187 187 187 187 187 187 187 187 187 187 187 187 187 187 187 
187 187 187 187 187 187 187 187 187 187 187 187 187 187 187 187 188 190 189 186 186 186 186 187 187 187 187 187 187 187 187 187 187 187 188 187 187 187 187 187 187 188 187 187 187 187 186 185 183 185 188 187 187 187 187 187 187 187 187 187 187 187 187 187 
187 187 187 187 187 187 187 187 187 187 187 187 187 187 186 187 186 177 185 193 191 186 186 187 187 187 187 187 187 187 187 187 188 186 184 187 186 186 185 185 186 184 184 185 185 184 189 187 190 185 188 186 187 187 187 187 187 187 187 187 187 187 187 187 
187 187 187 187 187 187 187 187 187 187 187 187 187 187 186 187 190 183 185 179 186 193 191 188 187 187 187 187 187 186 187 187 184 177 199 178 184 189 192 180 187 193 181 190 194 182 191 182 190 185 187 189 186 187 187 187 187 187 187 187 187 187 187 187 
187 187 187 187 187 187 187 187 187 187 187 186 187 187 187 188 191 177 191 187 187 173 177 186 188 191 186 185 184 187 189 184 188 179 206 173 186 190 186 183 191 191 181 189 187 184 187 187 189 186 187 182 192 189 186 187 187 187 187 187 187 187 187 187 
187 187 187 187 187 187 187 187 187 187 188 191 190 188 185 182 189 174 188 183 183 184 190 179 185 182 187 185 186 187 186 190 186 174 197 171 182 192 186 176 191 186 180 188 191 182 186 188 189 183 187 185 185 184 185 187 187 187 187 187 187 187 187 187 
187 187 187 187 187 187 187 187 187 188 189 172 187 182 184 184 202 168 207 179 182 205 176 191 193 188 190 185 186 187 191 189 180 175 210 171 192 192 190 182 198 193 186 188 193 185 188 186 182 186 190 184 189 192 184 187 187 187 187 187 187 187 187 187 
187 187 187 187 187 187 187 187 186 189 191 168 198 188 179 194 192 162 205 180 180 196 186 196 190 188 189 188 181 189 188 187 191 180 212 165 176 178 182 175 187 180 182 188 181 182 182 191 183 193 188 185 184 190 183 188 187 187 187 187 187 187 187 187 
187 187 187 187 187 187 187 187 186 190 192 172 204 189 185 182 202 161 199 181 186 182 174 184 189 176 179 178 184 190 189 185 172 170 193 169 183 218 174 188 180 178 184 181 189 193 184 189 184 187 181 190 191 186 185 187 187 187 187 187 187 187 187 187 
187 187 187 187 187 187 187 187 186 189 192 166 192 180 184 185 202 161 203 175 182 174 165 203 193 174 199 195 186 187 195 174 200 180 192 194 167 203 173 177 201 189 192 177 189 189 181 186 186 188 184 186 186 189 184 188 187 187 187 187 187 187 187 187 
187 187 187 187 187 187 187 187 186 188 190 175 188 199 173 193 192 164 206 186 182 216 200 194 180 173 191 162 192 189 180 187 185 194 194 183 176 205 174 179 202 181 191 189 185 194 184 190 186 189 189 184 185 191 184 188 187 187 187 187 187 187 187 187 
187 187 187 187 187 187 187 187 186 187 190 181 183 197 179 178 202 167 199 177 185 170 169 206 166 183 210 170 197 189 180 184 189 174 185 194 168 201 177 171 196 190 172 183 184 190 180 189 187 184 187 185 186 184 185 188 187 187 187 187 187 187 187 187 
187 187 187 187 187 187 187 187 187 186 188 183 178 202 184 182 200 159 203 177 188 193 178 203 185 178 177 166 199 193 178 188 193 192 181 190 172 203 177 173 200 189 178 190 183 193 184 190 187 182 191 187 187 190 184 188 187 187 187 187 187 187 187 187 
187 187 187 187 187 187 187 187 187 186 188 187 173 202 178 184 199 170 200 177 185 188 182 194 171 180 212 160 200 184 182 189 186 184 192 179 191 194 177 177 204 185 186 183 189 188 185 186 185 189 190 186 182 192 183 188 187 187 187 187 187 187 187 187 
187 187 187 187 187 187 187 187 187 186 188 189 171 203 180 179 203 168 202 179 186 187 196 187 191 180 183 176 186 182 191 175 190 179 188 193 170 204 174 177 194 184 185 174 184 190 186 190 184 179 193 185 184 192 182 188 187 187 187 187 187 187 187 187 
187 187 187 187 187 187 187 187 187 186 188 189 171 201 182 183 195 166 194 176 186 184 183 193 185 180 175 203 175 185 183 188 181 180 192 176 180 206 167 190 180 184 191 197 193 191 183 196 187 176 191 184 188 191 183 188 187 187 187 187 187 187 187 187 
187 187 187 187 187 187 187 187 187 186 189 191 167 203 183 181 203 185 187 177 186 191 178 190 185 183 190 186 195 191 189 182 196 181 210 165 190 188 187 181 190 190 176 182 187 180 173 189 182 194 182 190 189 185 185 188 187 187 187 187 187 187 187 187 
187 187 187 187 187 187 187 187 187 186 189 191 165 202 186 179 191 179 182 186 183 188 191 189 186 186 184 187 185 188 185 184 183 182 206 164 187 191 186 177 189 192 181 187 192 185 178 198 181 193 178 191 184 188 185 187 187 187 187 187 187 187 187 187 
187 187 187 187 187 187 187 187 187 186 189 194 168 199 186 179 190 179 177 201 181 184 192 185 185 184 186 188 188 189 188 181 186 179 204 164 193 190 189 179 189 193 181 186 192 186 175 201 177 190 185 185 188 186 186 187 187 187 187 187 187 187 187 187 
187 187 187 187 187 187 187 187 187 186 188 191 173 194 185 182 193 203 170 184 185 187 184 189 184 183 187 186 190 187 183 184 193 183 207 164 192 191 186 181 190 193 182 187 193 187 178 200 188 189 188 191 188 190 186 187 187 187 187 187 187 187 187 187 
187 187 187 187 187 187 187 187 187 186 188 191 175 194 192 182 183 194 166 190 185 186 183 191 186 183 188 188 186 184 194 189 185 167 208 156 186 190 186 185 189 189 185 187 192 182 184 181 179 183 180 183 175 182 188 187 187 187 187 187 187 187 187 187 
187 187 187 187 187 187 187 187 187 186 187 191 178 190 187 177 186 199 164 201 182 185 192 184 189 183 190 185 187 193 175 189 184 180 199 178 189 186 182 182 182 181 182 182 182 183 184 187 190 189 190 191 191 189 187 187 187 187 187 187 187 187 187 187 
187 187 187 187 187 187 187 187 187 186 187 190 181 184 195 188 182 203 156 202 180 184 186 190 183 184 188 186 192 172 199 180 182 193 183 186 188 187 187 187 188 188 187 188 188 187 187 188 186 186 186 186 186 186 187 187 187 187 187 187 187 187 187 187 
187 187 187 187 187 187 187 187 187 187 186 189 183 181 192 187 179 204 156 205 182 185 186 188 181 189 186 187 186 185 185 180 194 185 188 187 187 187 187 187 187 187 187 187 187 187 187 187 187 187 187 187 187 187 187 187 187 187 187 187 187 187 187 187 
187 187 187 187 187 187 187 187 187 187 186 189 185 175 201 181 180 203 160 189 181 185 194 184 189 190 188 195 175 193 186 181 193 185 187 187 187 187 187 187 187 187 187 187 187 187 187 187 187 187 187 187 187 187 187 187 187 187 187 187 187 187 187 187 
187 187 187 187 187 187 187 187 187 187 186 188 189 173 201 184 181 205 155 210 181 182 187 184 182 184 173 198 178 186 188 180 193 186 187 187 187 187 187 187 187 187 187 187 187 187 187 187 187 187 187 187 187 187 187 187 187 187 187 187 187 187 187 187 
187 187 187 187 187 187 187 187 187 187 186 188 189 173 197 179 187 198 164 204 174 183 195 184 195 178 199 180 186 185 188 180 194 185 187 187 187 187 187 187 187 187 187 187 187 187 187 187 187 187 187 187 187 187 187 187 187 187 187 187 187 187 187 187 
187 187 187 187 187 187 187 187 187 187 186 189 193 169 201 182 182 193 163 198 170 182 198 173 201 162 194 189 185 185 188 182 191 187 186 187 187 187 187 187 187 187 187 187 187 187 187 187 187 187 187 187 187 187 187 187 187 187 187 187 187 187 187 187 
187 187 187 187 187 187 187 187 187 187 186 189 192 170 198 185 182 204 170 198 185 183 185 190 187 203 180 184 180 187 187 187 180 194 186 185 186 186 186 187 187 187 187 187 187 187 187 187 187 187 187 187 187 187 187 187 187 187 187 187 187 187 187 187 
187 187 187 187 187 187 187 187 187 187 186 188 192 172 195 186 181 191 177 188 185 185 182 190 186 167 186 195 176 191 184 189 185 181 194 189 187 189 186 185 187 187 187 187 187 187 187 187 187 187 187 187 187 187 187 187 187 187 187 187 187 187 187 187 
187 187 187 187 187 187 187 187 187 187 186 187 192 178 190 193 173 199 182 190 176 187 190 177 196 182 190 188 186 188 184 184 190 187 181 187 192 179 195 192 189 187 185 184 185 185 186 188 188 188 189 189 187 187 187 187 187 187 187 187 187 187 187 187 
187 187 187 187 187 187 187 187 187 187 186 187 191 176 186 194 176 196 179 181 185 183 185 192 190 187 181 187 191 174 196 181 181 189 186 184 189 187 184 181 187 188 191 192 193 192 194 185 191 190 183 184 187 187 187 187 187 187 187 187 187 187 187 187 
187 187 187 187 187 187 187 187 187 187 187 186 191 178 187 194 170 196 191 169 211 179 179 197 188 182 185 185 189 192 173 197 194 176 174 186 172 176 176 182 185 186 187 183 186 185 190 182 186 186 188 190 187 187 187 187 187 187 187 187 187 187 187 187 
187 187 187 187 187 187 187 187 187 187 187 186 189 182 181 197 183 188 197 169 187 185 185 179 200 179 188 185 181 191 193 180 173 194 205 179 206 204 198 191 186 180 178 175 172 171 173 172 177 177 179 178 187 187 187 187 187 187 187 187 187 187 187 187 
187 187 187 187 187 187 187 187 187 187 187 186 187 189 172 200 184 184 198 164 187 183 184 193 191 184 186 186 183 184 187 191 191 178 188 160 191 181 175 179 183 191 192 194 199 202 204 190 199 189 192 190 192 186 187 187 187 187 187 187 187 187 187 187 
187 187 187 187 187 187 187 187 187 187 187 186 187 190 170 199 175 185 210 153 219 178 177 197 183 184 186 185 184 186 185 192 186 183 194 166 192 191 182 181 188 193 183 177 179 192 172 187 187 194 178 189 182 187 187 187 187 187 187 187 187 187 187 187 
187 187 187 187 187 187 187 187 187 187 187 186 188 190 170 204 181 188 198 155 201 178 183 189 193 181 189 190 187 187 185 192 188 182 190 165 201 192 184 185 186 195 185 182 187 194 181 182 185 189 178 196 184 187 187 187 187 187 187 187 187 187 187 187 
187 187 187 187 187 187 187 187 187 187 187 186 186 197 160 203 174 180 205 158 199 178 181 193 188 183 177 184 188 178 188 190 191 180 192 167 187 188 184 178 184 193 183 180 188 195 184 189 184 191 185 184 185 187 187 187 187 187 187 187 187 187 187 187 
187 187 187 187 187 187 187 187 187 187 187 187 186 199 159 203 191 179 202 160 205 183 180 198 181 189 185 186 174 198 186 192 176 185 196 190 177 212 160 197 184 188 190 185 182 184 184 186 184 187 178 188 183 188 187 187 187 187 187 187 187 187 187 187 
187 187 187 187 187 187 187 187 187 187 187 187 187 196 165 199 186 176 204 167 203 179 185 182 190 183 179 192 204 166 198 174 184 186 180 174 187 206 163 179 191 193 162 193 191 186 192 183 187 191 190 193 181 188 187 187 187 187 187 187 187 187 187 187 
187 187 187 187 187 187 187 187 187 187 187 187 187 194 167 193 183 182 195 168 195 174 185 184 190 180 174 179 181 176 206 173 191 181 200 194 170 207 170 180 191 205 168 186 193 183 189 188 188 184 182 189 177 188 187 187 187 187 187 187 187 187 187 187 
187 187 187 187 187 187 187 187 187 187 187 186 187 192 167 197 189 184 188 190 183 191 181 191 184 191 188 196 184 193 194 174 184 189 174 177 172 210 167 180 191 186 169 190 195 184 186 187 186 179 189 205 176 189 187 187 187 187 187 187 187 187 187 187 
187 187 187 187 187 187 187 187 187 187 187 186 187 190 167 210 167 190 186 183 182 187 184 184 183 187 188 183 172 192 185 190 176 189 187 195 174 203 166 192 186 202 167 178 192 186 186 186 190 187 181 189 179 189 187 187 187 187 187 187 187 187 187 187 
187 187 187 187 187 187 187 187 187 187 187 187 186 190 169 206 185 201 192 192 181 179 185 185 190 186 191 183 186 179 191 194 179 175 194 201 169 217 159 175 192 208 169 192 192 178 190 192 184 188 181 192 182 188 187 187 187 187 187 187 187 187 187 187 
187 187 187 187 187 187 187 187 187 187 187 187 187 187 186 182 175 174 176 190 171 202 181 180 191 182 187 186 187 190 185 185 191 185 182 168 184 190 178 191 183 185 187 189 195 185 189 184 186 186 192 188 182 188 187 187 187 187 187 187 187 187 187 187 
187 187 187 187 187 187 187 187 187 187 187 187 187 187 187 188 188 189 188 191 176 198 179 180 194 196 185 188 188 188 188 187 184 183 190 176 193 194 188 182 180 182 187 178 186 180 184 183 192 178 195 183 184 188 187 187 187 187 187 187 187 187 187 187 
187 187 187 187 187 187 187 187 187 187 187 187 187 187 186 187 187 187 188 192 173 185 180 192 181 181 184 184 185 187 188 190 190 185 193 174 191 194 184 182 184 187 191 184 183 177 196 186 195 191 189 188 185 187 187 187 187 187 187 187 187 187 187 187 
187 187 187 187 187 187 187 187 187 187 187 187 187 187 187 187 187 186 186 191 174 195 190 187 187 188 188 187 187 186 185 184 184 181 187 179 192 189 188 190 188 187 193 188 184 176 193 180 180 176 181 190 184 187 187 187 187 187 187 187 187 187 187 187 
187 187 187 187 187 187 187 187 187 187 187 187 187 187 187 187 187 187 187 188 184 187 186 186 187 187 187 187 187 187 187 187 188 187 186 186 186 185 184 181 181 185 192 192 189 188 190 193 194 181 190 188 186 187 187 187 187 187 187 187 187 187 187 187 
187 187 187 187 187 187 187 187 187 187 187 187 187 187 187 187 187 187 187 187 187 187 186 187 187 187 187 187 187 187 187 187 187 187 188 187 188 188 188 188 187 186 184 182 180 181 184 194 193 196 187 185 187 187 187 187 187 187 187 187 187 187 187 187 
187 187 187 187 187 187 187 187 187 187 187 187 187 187 187 187 187 187 187 187 187 187 187 187 187 187 187 187 187 187 187 187 187 187 187 187 187 187 187 187 187 187 188 188 188 188 185 177 176 187 183 186 187 187 187 187 187 187 187 187 187 187 187 187 
187 187 187 187 187 187 187 187 187 187 187 187 187 187 187 187 187 187 187 187 187 187 187 187 187 187 187 187 187 187 187 187 187 187 187 187 187 187 187 187 187 187 187 187 187 187 188 189 188 186 187 187 187 187 187 187 187 187 187 187 187 187 187 187 
187 187 187 187 187 187 187 187 187 187 187 187 187 187 187 187 187 187 187 187 187 187 187 187 187 187 187 187 187 187 187 187 187 187 187 187 187 187 187 187 187 187 187 187 187 187 187 187 187 187 187 187 187 187 187 187 187 187 187 187 187 187 187 187 
187 187 187 187 187 187 187 187 187 187 187 187 187 187 187 187 187 187 187 187 187 187 187 187 187 187 187 187 187 187 187 187 187 187 187 187 187 187 187 187 187 187 187 187 187 187 187 187 187 187 187 187 187 187 187 187 187 187 187 187 187 187 187 187 
187 187 187 187 187 187 187 187 187 187 187 187 187 187 187 187 187 187 187 187 187 187 187 187 187 187 187 187 187 187 187 187 187 187 187 187 187 187 187 187 187 187 187 187 187 187 187 187 187 187 187 187 187 187 187 187 187 187 187 187 187 187 187 187 
187 187 187 187 187 187 187 187 187 187 187 187 187 187 187 187 187 187 187 187 187 187 187 187 187 187 187 187 187 187 187 187 187 187 187 187 187 187 187 187 187 187 187 187 187 187 187 187 187 187 187 187 187 187 187 187 187 187 187 187 187 187 187 187 
187 187 187 187 187 187 187 187 187 187 187 187 187 187 187 187 187 187 187 187 187 187 187 187 187 187 187 187 187 187 187 187 187 187 187 187 187 187 187 187 187 187 187 187 187 187 187 187 187 187 187 187 187 187 187 187 187 187 187 187 187 187 187 187 
187 187 187 187 187 187 187 187 187 187 187 187 187 187 187 187 187 187 187 187 187 187 187 187 187 187 187 187 187 187 187 187 187 187 187 187 187 187 187 187 187 187 187 187 187 187 187 187 187 187 187 187 187 187 187 187 187 187 187 187 187 187 187 187 
