187 187 187 187 187 187 187 187 187 187 187 187 187 187 187 187 187 187 187 187 187 187 187 187 187 187 187 185 186 186 189 185 184 189 185 188 187 187 187 187 187 187 187 187 187 187 187 187 187 187 187 187 187 187 187 187 187 187 187 187 187 187 187 187 
187 187 187 187 187 187 187 187 187 187 187 187 187 187 187 187 187 187 187 187 187 187 187 189 185 181 190 184 201 175 187 189 180 193 173 189 193 182 183 185 188 187 187 187 187 187 187 187 187 187 187 187 187 187 187 187 187 187 187 187 187 187 187 187 
187 187 187 187 187 187 187 187 187 187 187 187 187 187 187 187 187 187 187 186 188 188 176 173 180 176 201 157 202 167 166 206 190 172 210 159 184 193 166 197 194 193 184 184 186 187 187 187 187 187 187 187 187 187 187 187 187 187 187 187 187 187 187 187 
187 187 187 187 187 187 187 187 187 187 187 187 187 187 187 187 187 187 189 188 177 197 196 199 200 194 166 204 167 195 185 183 199 165 174 175 178 185 201 174 178 176 192 179 193 188 186 187 187 187 187 187 187 187 187 187 187 187 187 187 187 187 187 187 
187 187 187 187 187 187 187 187 187 187 187 187 187 187 187 187 187 180 170 198 175 188 197 188 181 196 176 176 203 168 164 189 206 173 187 200 202 155 198 167 163 183 204 189 165 179 189 189 187 187 187 187 187 187 187 187 187 187 187 187 187 187 187 187 
187 187 187 187 187 187 187 187 187 187 187 187 187 187 188 190 169 197 200 158 177 175 192 164 185 169 178 189 168 189 209 159 161 202 200 170 188 205 160 192 204 171 171 202 205 211 168 184 181 187 187 187 187 187 187 187 187 187 187 187 187 187 187 187 
187 187 187 187 187 187 187 187 187 187 187 187 187 187 188 166 194 203 197 205 192 168 175 194 192 207 158 208 169 194 201 167 192 182 175 182 165 174 202 193 192 205 179 170 166 168 195 185 186 192 187 186 187 187 187 187 187 187 187 187 187 187 187 187 
187 187 187 187 187 187 187 187 187 187 187 187 189 191 165 201 186 157 158 184 163 178 193 177 199 176 180 171 195 156 201 164 179 184 160 202 198 185 153 202 192 138 208 188 177 176 180 178 199 194 175 190 186 187 187 187 187 187 187 187 187 187 187 187 
187 187 187 187 187 187 187 187 187 187 187 183 193 200 156 208 153 211 201 184 205 163 210 153 209 153 204 176 188 205 162 193 188 203 161 195 187 196 164 170 190 175 176 174 206 173 179 174 198 197 164 199 189 187 187 187 187 187 187 187 187 187 187 187 
187 187 187 187 187 187 187 187 187 187 187 197 201 158 196 167 196 181 163 198 200 164 198 182 153 192 198 173 188 160 199 156 210 163 189 192 190 188 197 197 169 207 157 201 197 171 215 158 170 208 170 179 196 190 188 187 187 187 187 187 187 187 187 187 
187 187 187 187 187 187 187 187 187 189 196 184 160 169 206 209 157 199 174 175 169 187 189 192 195 193 194 158 209 197 205 190 152 182 203 180 180 195 192 176 186 196 166 194 197 156 159 199 192 153 188 182 163 176 178 187 187 187 187 187 187 187 187 187 
187 187 187 187 187 187 187 187 188 192 152 182 194 178 161 182 164 159 188 207 157 200 188 187 188 198 155 202 162 165 160 172 204 198 180 169 167 186 202 154 205 168 190 193 196 193 202 170 188 204 176 175 208 208 188 184 187 187 187 187 187 187 187 187 
187 187 187 187 187 187 186 181 184 202 157 200 199 191 170 195 203 203 196 190 170 199 184 197 196 168 190 187 174 209 206 166 190 200 151 212 206 170 185 170 201 155 197 205 152 179 168 206 153 203 204 187 171 167 180 196 189 186 187 187 187 187 187 187 
187 187 187 187 187 187 187 199 157 203 184 183 199 161 183 200 180 152 203 166 191 194 156 156 199 160 192 208 180 162 203 175 190 176 193 155 164 183 160 208 198 203 160 151 192 195 203 157 200 173 168 163 168 193 176 163 194 188 187 187 187 187 187 187 
187 187 187 187 187 188 178 194 197 165 180 196 169 190 198 188 165 209 161 176 200 182 187 202 157 213 177 157 166 177 148 194 179 188 165 208 196 204 160 177 155 179 205 201 200 199 190 185 198 170 183 211 168 209 177 201 170 183 187 187 187 187 187 187 
187 187 187 187 186 191 191 153 190 160 188 162 203 156 199 188 179 200 165 184 205 193 178 198 175 161 163 210 198 204 186 176 156 207 160 186 189 204 205 195 218 160 201 171 155 166 163 169 178 182 190 172 197 165 171 195 202 197 183 186 187 187 187 187 
187 187 187 187 184 189 195 192 181 199 211 160 202 171 189 198 153 163 207 159 159 165 162 196 193 201 182 166 205 170 178 197 194 200 184 193 169 156 161 174 157 193 174 197 213 212 175 214 202 169 165 187 196 177 185 171 170 201 173 189 187 187 187 187 
187 187 187 187 191 166 200 191 200 196 157 189 207 195 177 203 199 195 190 200 206 210 180 202 192 187 199 170 177 190 190 157 199 195 164 168 203 197 207 176 187 181 176 175 173 168 172 158 205 166 197 203 197 206 188 171 194 166 184 184 187 187 187 187 
187 187 187 184 186 175 188 203 151 171 176 166 158 172 168 159 183 199 192 194 153 167 177 157 190 189 193 172 181 196 195 176 182 199 168 173 203 204 189 176 214 180 199 174 179 180 202 185 192 167 189 171 160 157 212 162 205 193 162 193 185 187 187 187 
187 187 187 193 195 170 151 200 165 215 179 212 208 209 161 211 177 154 200 159 201 205 175 190 172 201 193 185 153 188 189 199 158 202 196 171 162 166 147 175 176 171 155 212 182 164 205 182 187 177 161 182 207 193 170 169 192 195 197 196 178 187 187 187 
187 187 186 178 196 181 173 210 179 172 164 169 157 187 184 165 211 169 196 159 201 176 195 169 190 150 196 196 200 191 188 198 159 200 162 209 202 192 193 200 155 211 211 169 174 175 196 187 188 201 203 171 177 201 176 186 180 153 203 203 176 186 187 187 
187 187 190 165 214 162 196 156 180 198 190 198 217 157 206 183 182 164 201 199 160 157 206 155 207 168 204 171 171 195 192 183 181 195 159 154 199 202 162 176 200 175 169 161 206 189 190 176 161 170 194 204 152 199 194 161 206 189 153 156 187 189 187 187 
187 187 191 181 162 155 202 199 190 172 193 172 163 173 202 169 191 170 205 189 204 204 154 201 194 186 154 187 179 172 196 174 189 193 198 196 154 185 184 168 168 190 205 163 204 172 156 204 172 204 151 206 165 202 204 186 165 204 201 204 196 193 187 187 
187 184 193 202 205 209 200 182 182 175 172 174 195 199 201 162 214 173 159 161 177 201 197 167 199 193 204 163 199 179 167 163 213 184 196 194 208 181 186 203 198 163 204 165 204 187 185 209 157 210 191 172 186 158 157 169 191 163 179 164 166 174 186 187 
187 182 200 160 162 166 166 187 182 205 166 201 184 152 196 170 172 172 206 209 182 177 165 189 168 206 188 170 203 171 187 199 169 172 181 198 156 158 203 194 204 160 195 174 171 186 198 173 179 169 162 196 192 205 203 197 166 194 183 196 197 201 186 187 
187 180 189 209 196 187 169 188 192 198 154 201 194 206 185 170 205 194 173 169 163 175 167 214 172 165 170 207 202 180 161 172 169 175 173 170 206 196 158 167 180 152 208 180 157 193 197 155 215 170 207 168 180 162 196 195 169 197 194 188 191 178 184 187 
187 193 177 156 160 189 172 184 199 207 159 205 199 153 169 160 197 198 157 168 208 202 173 167 175 215 164 159 172 208 169 206 208 205 205 175 166 173 199 196 183 198 203 159 213 198 200 184 178 174 207 205 176 168 202 197 162 179 177 201 191 192 177 187 
187 189 197 206 211 174 192 199 155 163 179 175 183 194 206 178 195 194 186 206 206 166 206 200 173 167 191 208 186 158 202 199 160 164 154 193 173 211 158 207 198 196 158 199 161 162 167 209 168 188 168 164 171 168 169 184 210 194 165 165 194 197 196 186 
186 194 179 157 156 199 186 156 202 205 167 183 153 177 182 171 198 190 192 159 167 162 169 184 171 188 200 191 165 190 170 209 157 205 196 200 180 174 176 160 154 195 192 186 172 218 155 200 176 175 180 210 212 211 208 161 161 163 200 174 165 192 188 186 
189 200 157 214 189 194 156 202 195 197 204 188 201 190 183 187 160 199 181 183 211 167 198 201 209 156 200 170 176 196 179 155 205 200 195 190 203 164 210 200 200 173 165 180 197 154 182 199 202 195 181 172 161 166 153 210 205 202 202 162 212 178 176 189 
185 181 181 176 157 192 179 206 179 162 158 195 195 199 197 205 162 206 184 165 198 174 183 152 207 158 198 197 187 180 179 190 157 158 164 184 193 143 167 194 195 202 163 209 159 206 198 180 153 180 185 181 211 168 194 178 160 174 199 158 185 169 184 186 
186 177 213 166 211 172 179 174 171 203 159 205 168 158 163 185 169 169 175 200 198 195 191 189 194 162 203 193 184 169 186 203 197 202 189 186 162 207 199 162 185 195 169 209 172 181 205 155 208 189 166 191 207 155 213 162 215 166 202 197 187 190 195 187 
188 182 173 189 202 167 179 182 208 148 197 192 181 208 193 160 214 163 213 195 155 169 177 187 163 185 195 157 192 199 170 169 195 187 188 199 176 204 197 172 180 161 205 161 179 166 193 174 209 159 203 170 171 195 160 182 186 177 168 202 204 162 183 185 
188 185 159 206 189 175 208 157 200 189 190 150 168 191 194 196 177 168 170 160 196 205 160 206 164 172 204 178 154 203 206 167 206 195 192 195 150 170 176 198 208 167 169 204 190 167 183 187 180 164 203 169 175 207 200 171 181 186 181 164 168 150 201 188 
189 187 149 198 185 177 165 197 189 190 191 183 211 164 205 157 194 187 190 209 202 169 198 194 175 175 196 202 169 194 167 167 167 154 205 156 209 172 177 158 169 193 205 167 177 217 162 193 178 171 212 199 168 156 200 158 205 172 177 202 204 196 184 184 
186 180 209 201 204 166 173 185 194 193 197 162 161 192 184 164 209 175 176 160 158 198 160 161 202 171 183 204 165 170 187 208 213 161 209 162 208 208 192 209 172 172 202 178 170 179 190 185 212 179 164 151 204 205 169 184 203 202 184 162 187 202 183 187 
187 181 177 165 171 199 209 160 204 180 160 187 206 162 189 198 156 183 202 171 204 158 204 195 197 204 182 174 197 175 178 165 178 168 210 160 177 157 156 197 177 166 200 180 188 191 174 176 171 164 207 200 187 165 179 187 164 168 160 207 168 181 185 187 
187 192 168 181 175 170 171 171 179 166 207 179 165 200 176 169 201 198 200 155 214 163 194 192 171 167 160 169 199 189 190 193 178 207 163 169 202 203 175 198 174 160 197 198 166 209 162 194 183 173 207 202 156 204 188 182 189 208 161 202 201 181 181 186 
187 189 170 203 198 195 205 179 183 200 193 186 203 200 156 212 134 190 196 175 183 168 195 192 168 188 211 199 159 176 193 195 190 195 168 209 173 200 192 157 205 197 195 203 166 174 167 204 178 154 180 164 191 186 171 200 199 207 156 199 187 162 184 187 
187 188 185 177 173 178 174 166 209 206 153 179 155 207 159 207 163 189 198 176 160 204 189 187 198 166 159 200 168 210 158 174 195 196 159 173 153 195 198 177 187 186 166 171 171 199 197 188 196 198 167 207 173 186 196 174 158 157 184 200 190 201 191 187 
187 189 183 180 170 205 169 190 164 165 189 203 194 157 192 174 196 195 191 165 204 165 192 187 188 196 194 173 167 176 200 165 196 196 206 217 171 166 205 165 198 159 201 200 171 169 197 188 187 189 194 163 180 200 159 166 216 193 205 169 176 186 186 187 
187 186 183 198 187 177 199 165 182 175 171 172 197 202 162 175 195 192 157 211 172 182 195 198 195 196 193 203 167 212 165 164 208 168 158 156 189 175 197 160 217 163 207 189 210 187 166 191 187 187 192 198 154 176 211 188 152 172 167 185 176 185 186 187 
187 187 189 194 183 167 202 183 196 204 198 196 168 206 192 202 196 151 204 157 171 204 174 157 170 156 194 197 173 177 185 186 190 166 205 197 198 166 201 169 167 181 164 169 165 166 199 189 187 187 189 183 185 204 152 179 206 204 205 173 184 189 187 187 
187 187 186 173 181 201 172 166 198 186 167 184 157 173 176 169 167 199 200 169 201 197 165 205 180 187 176 163 199 158 205 171 198 168 199 197 203 166 188 208 198 192 176 201 193 167 175 195 187 188 189 184 177 186 188 185 166 164 165 172 194 187 187 187 
187 187 186 194 193 208 162 207 171 165 199 198 180 196 193 184 205 171 180 161 200 187 175 171 187 190 190 188 169 200 203 155 204 177 184 160 158 197 165 173 160 189 161 188 175 208 166 193 200 186 196 199 166 190 180 200 193 206 206 201 187 187 187 187 
187 187 187 185 180 170 169 205 174 187 188 155 193 188 163 158 178 183 204 172 198 169 196 200 157 183 203 172 204 160 206 163 208 166 161 197 210 166 191 197 178 194 203 161 202 203 162 198 156 159 185 192 170 203 165 171 178 157 159 169 185 187 187 187 
187 187 187 187 184 166 202 201 154 208 172 173 207 166 185 201 205 167 172 203 164 210 165 203 206 187 168 167 174 184 163 196 186 165 204 177 173 178 184 167 197 173 163 195 167 183 180 170 199 203 156 194 183 199 175 170 189 208 198 190 187 187 187 187 
187 187 187 187 188 195 156 196 188 164 186 208 160 186 195 188 199 163 182 191 174 163 171 176 160 166 210 183 211 159 217 159 187 199 198 203 181 185 197 201 187 212 162 203 182 162 176 201 192 201 188 161 185 195 167 208 171 160 192 187 187 187 187 187 
187 187 187 187 186 191 194 167 205 202 201 176 166 196 187 195 164 199 190 174 171 181 210 162 211 194 176 150 200 169 189 159 201 191 154 170 173 188 201 151 177 155 171 195 192 204 183 175 198 157 172 194 195 192 169 188 199 189 183 187 187 187 187 187 
187 187 187 187 187 187 192 180 167 161 164 176 197 191 196 201 169 192 156 210 201 199 200 154 199 200 177 157 199 198 170 183 196 164 202 200 180 167 210 169 211 203 194 187 191 172 166 200 201 171 171 202 194 190 199 156 200 189 185 187 187 187 187 187 
187 187 187 187 187 187 186 188 168 207 194 190 190 183 164 166 163 186 201 183 155 181 205 154 206 157 201 175 198 189 194 195 191 194 169 169 203 171 166 176 169 161 192 187 194 170 209 177 184 168 197 152 166 186 208 164 198 183 187 187 187 187 187 187 
187 187 187 187 187 187 186 193 170 196 189 187 193 165 201 214 163 200 198 157 220 160 194 175 204 159 207 158 193 201 180 163 192 184 182 191 166 202 202 165 192 181 192 191 201 173 167 191 189 174 205 197 203 158 186 181 187 187 187 187 187 187 187 187 
187 187 187 187 187 187 187 187 186 195 185 195 193 166 206 174 159 195 199 167 182 178 166 197 204 156 201 197 178 166 190 198 166 192 184 205 155 198 201 193 170 198 197 173 182 186 167 210 162 168 193 201 205 168 198 181 187 187 187 187 187 187 187 187 
187 187 187 187 187 187 187 187 186 182 172 180 194 189 160 192 197 189 198 166 188 201 167 202 152 188 187 170 200 158 173 207 158 184 178 200 169 206 170 164 197 194 169 185 152 206 172 185 184 202 156 156 164 164 191 187 187 187 187 187 187 187 187 187 
187 187 187 187 187 187 187 187 187 187 189 176 194 191 159 199 196 190 197 156 199 189 173 171 199 199 172 186 168 200 169 193 210 188 154 203 156 191 154 165 197 188 194 185 197 201 180 186 185 194 201 202 196 190 187 187 187 187 187 187 187 187 187 187 
187 187 187 187 187 187 187 187 187 187 186 190 192 182 193 161 165 196 189 156 196 208 162 202 150 199 197 191 165 206 201 161 162 163 183 207 196 181 203 197 198 130 175 175 162 190 176 183 165 202 183 172 190 187 187 187 187 187 187 187 187 187 187 187 
187 187 187 187 187 187 187 187 187 187 187 187 189 173 203 195 197 168 165 215 193 174 168 204 196 157 186 157 209 174 165 193 198 203 175 156 169 166 195 189 195 206 205 200 208 158 207 186 177 170 187 183 187 187 187 187 187 187 187 187 187 187 187 187 
187 187 187 187 187 187 187 187 187 187 187 187 186 190 178 170 181 207 182 155 173 180 186 163 175 199 181 198 159 190 170 196 190 188 199 207 206 163 173 194 184 159 164 155 180 161 206 166 197 192 188 187 187 187 187 187 187 187 187 187 187 187 187 187 
187 187 187 187 187 187 187 187 187 187 187 187 187 187 186 193 173 176 204 206 211 159 207 205 154 198 189 193 192 176 170 196 181 199 175 159 167 189 199 192 171 163 205 202 171 209 187 177 190 187 187 187 187 187 187 187 187 187 187 187 187 187 187 187 
187 187 187 187 187 187 187 187 187 187 187 187 187 187 187 187 189 182 189 165 161 182 180 207 158 200 187 193 164 211 197 175 186 165 180 201 213 163 198 197 196 196 192 198 165 195 179 187 186 187 187 187 187 187 187 187 187 187 187 187 187 187 187 187 
187 187 187 187 187 187 187 187 187 187 187 187 187 187 187 187 187 187 183 195 183 195 174 186 161 200 187 190 178 161 162 162 207 164 214 152 171 168 181 157 189 200 187 196 182 189 186 187 187 187 187 187 187 187 187 187 187 187 187 187 187 187 187 187 
187 187 187 187 187 187 187 187 187 187 187 187 187 187 187 187 187 187 187 187 185 191 185 187 170 201 197 196 204 189 202 200 159 174 179 183 195 206 169 201 174 178 183 184 186 187 187 187 187 187 187 187 187 187 187 187 187 187 187 187 187 187 187 187 
187 187 187 187 187 187 187 187 187 187 187 187 187 187 187 187 187 187 187 187 187 187 186 189 184 179 177 180 173 194 189 192 197 195 180 189 186 193 180 189 188 187 187 187 187 187 187 187 187 187 187 187 187 187 187 187 187 187 187 187 187 187 187 187 
187 187 187 187 187 187 187 187 187 187 187 187 187 187 187 187 187 187 187 187 187 187 187 187 187 187 187 187 187 186 184 183 187 187 188 185 187 187 186 187 187 187 187 187 187 187 187 187 187 187 187 187 187 187 187 187 187 187 187 187 187 187 187 187 
