187 187 187 187 187 187 187 187 187 187 187 187 187 187 187 187 187 187 187 187 187 187 187 187 187 187 187 187 187 187 188 187 187 188 187 187 187 187 187 187 187 187 187 187 187 187 187 187 187 187 187 187 187 187 187 187 187 187 187 187 187 187 187 187 
187 187 187 187 187 187 187 187 187 187 187 187 187 187 187 187 187 187 187 187 187 187 187 187 186 186 186 183 188 181 187 183 182 187 180 188 183 186 186 186 187 187 187 187 187 187 187 187 187 187 187 187 187 187 187 187 187 187 187 187 187 187 187 187 
187 187 187 187 187 187 187 187 187 187 187 187 187 187 187 187 187 187 187 187 186 187 185 190 185 189 190 185 195 183 193 188 187 194 183 195 185 189 190 184 190 185 187 186 187 187 187 187 187 187 187 187 187 187 187 187 187 187 187 187 187 187 187 187 
187 187 187 187 187 187 187 187 187 187 187 187 187 187 187 187 187 187 188 188 187 191 182 193 182 188 188 182 193 180 191 185 184 191 180 192 182 187 189 181 193 182 191 187 188 188 187 187 187 187 187 187 187 187 187 187 187 187 187 187 187 187 187 187 
187 187 187 187 187 187 187 187 187 187 187 187 187 187 187 186 187 183 186 181 182 187 177 189 178 185 184 178 189 177 187 181 180 188 176 189 179 183 186 177 190 177 186 182 181 187 183 187 186 187 187 187 187 187 187 187 187 187 187 187 187 187 187 187 
187 187 187 187 187 187 187 187 187 187 187 187 187 187 187 187 193 187 196 190 191 196 186 198 187 194 193 188 198 186 196 191 190 197 186 198 189 193 195 187 198 186 195 192 189 197 187 193 187 187 187 187 187 187 187 187 187 187 187 187 187 187 187 187 
187 187 187 187 187 187 187 187 187 187 187 187 187 186 185 179 186 173 185 177 179 184 174 187 175 182 181 175 186 173 184 178 178 185 173 186 176 180 183 174 187 174 183 180 176 186 173 186 179 185 186 187 187 187 187 187 187 187 187 187 187 187 187 187 
187 187 187 187 187 187 187 187 187 187 187 187 186 189 191 188 197 185 196 189 191 196 186 198 187 193 193 187 197 186 196 190 189 196 186 197 188 192 194 186 198 186 195 192 188 197 185 197 189 190 190 186 187 187 187 187 187 187 187 187 187 187 187 187 
187 187 187 187 187 187 187 187 187 187 187 189 183 187 184 180 190 177 189 181 182 188 177 190 178 186 185 179 190 177 188 182 181 189 177 190 179 184 186 178 190 178 187 183 180 189 177 189 181 183 188 183 189 187 187 187 187 187 187 187 187 187 187 187 
187 187 187 187 187 187 187 187 187 187 183 189 180 188 186 182 191 179 191 183 185 190 179 192 181 187 187 181 192 179 190 184 183 190 179 192 182 186 188 180 192 180 189 185 182 191 179 191 182 185 189 180 189 184 187 187 187 187 187 187 187 187 187 187 
187 187 187 187 187 187 187 187 187 190 186 196 185 193 191 187 196 184 195 188 189 194 184 196 186 192 192 186 196 184 194 189 188 195 184 196 186 191 193 185 196 184 193 190 187 196 184 195 188 190 194 184 196 186 190 187 187 187 187 187 187 187 187 187 
187 187 187 187 187 187 187 187 184 185 175 187 174 183 181 177 186 173 186 178 179 185 174 187 175 182 182 175 187 174 185 179 178 186 174 186 176 181 183 175 187 174 184 180 177 186 174 186 177 180 184 174 187 175 185 184 187 187 187 187 187 187 187 187 
187 187 187 187 187 187 187 188 189 195 187 199 187 196 193 189 198 187 198 190 192 197 187 199 188 195 194 188 199 187 197 191 191 197 187 198 189 193 195 188 199 187 196 193 190 198 187 198 190 192 196 187 199 188 195 190 188 187 187 187 187 187 187 187 
187 187 187 187 187 187 187 184 182 184 176 188 176 184 182 178 187 175 187 179 180 186 175 188 176 183 183 177 188 175 186 180 179 186 175 188 177 182 184 176 188 175 185 181 178 187 175 187 178 181 185 175 188 176 184 182 183 187 187 187 187 187 187 187 
187 187 187 187 187 186 188 185 188 191 183 195 183 192 188 185 194 182 193 186 187 192 182 195 183 190 190 184 194 182 193 187 186 193 182 194 185 189 191 183 195 183 192 188 185 194 182 194 186 188 192 182 195 183 190 189 185 189 186 187 187 187 187 187 
187 187 187 187 187 186 192 184 188 191 182 194 182 191 188 184 193 181 193 185 187 192 182 194 183 189 189 183 194 181 192 186 185 193 181 193 184 188 190 182 194 182 191 187 184 193 181 193 185 187 191 182 194 183 190 189 184 192 186 187 187 187 187 187 
187 187 187 187 187 180 188 178 182 185 176 189 176 185 182 178 188 175 187 179 181 186 176 188 177 184 183 177 188 175 186 180 180 187 175 188 178 183 185 176 189 176 185 182 178 188 175 187 179 181 186 176 189 177 184 183 177 188 180 187 187 187 187 187 
187 187 187 187 191 187 198 189 193 195 187 199 187 196 193 189 198 186 197 190 192 196 187 199 188 194 194 188 198 186 197 191 190 197 186 198 189 193 195 187 199 187 196 192 189 198 186 198 190 192 196 187 199 188 194 194 188 198 186 191 187 187 187 187 
187 187 187 185 187 174 186 176 180 183 174 187 174 183 180 176 186 173 185 177 179 184 174 187 175 182 182 175 187 173 185 179 178 185 173 186 176 181 183 175 187 174 184 180 177 186 173 186 177 179 184 174 187 175 182 181 176 186 174 187 185 187 187 187 
187 187 187 186 194 185 196 187 191 194 185 197 185 194 191 187 196 185 196 188 190 195 185 197 186 193 192 186 197 185 195 189 189 195 185 197 187 191 193 185 197 185 194 191 188 196 185 196 188 190 194 185 197 186 193 192 187 197 185 194 186 187 187 187 
187 187 187 184 190 178 191 181 185 188 179 191 179 188 185 181 191 178 190 182 184 189 179 191 180 187 186 180 191 178 189 183 183 190 178 191 181 185 188 179 191 179 188 185 181 191 178 190 182 184 189 179 191 180 187 186 180 191 178 190 184 187 187 187 
187 187 187 182 189 178 190 181 185 187 179 191 179 187 184 181 190 178 189 182 183 188 178 191 179 186 186 180 191 178 189 183 182 189 178 190 180 185 187 179 191 178 188 184 181 190 178 190 181 184 188 178 191 179 186 185 180 190 178 189 182 187 187 187 
187 187 190 188 196 185 197 188 191 194 186 198 186 194 191 188 197 185 196 189 190 195 185 197 186 193 193 187 197 185 195 190 189 196 185 197 187 192 194 186 197 186 194 191 188 197 185 196 188 190 195 185 197 186 193 192 187 197 185 196 188 189 187 187 
187 186 184 177 185 173 186 176 180 183 174 187 174 183 180 176 186 173 186 177 179 184 174 186 175 182 181 175 186 173 185 179 178 185 173 186 176 181 183 174 187 174 183 180 177 186 173 186 177 179 184 174 187 175 182 181 175 186 173 185 178 184 186 187 
187 187 191 190 197 186 198 189 193 195 187 199 187 195 193 189 198 186 197 190 191 196 186 198 188 194 194 188 198 187 197 191 190 197 186 198 189 193 195 187 199 187 196 192 189 198 186 197 190 192 196 187 199 187 194 193 188 198 186 197 191 190 187 187 
187 186 184 180 188 176 188 178 182 185 177 189 176 185 182 179 188 176 188 180 181 186 176 189 177 184 184 177 189 176 187 181 180 187 176 188 178 183 185 177 189 176 186 182 179 188 175 188 179 182 186 176 189 177 184 184 178 189 176 187 180 183 186 187 
187 187 187 185 192 181 193 184 187 190 181 193 181 190 187 184 193 181 192 184 186 191 181 193 182 189 188 183 193 181 191 186 185 192 181 193 183 188 190 182 193 181 190 187 184 193 181 192 184 186 191 181 193 182 189 188 183 193 181 192 185 186 187 187 
187 189 188 186 194 183 195 185 189 192 183 195 183 192 189 185 195 182 194 186 188 193 183 195 184 191 190 184 195 183 193 187 187 194 183 195 185 189 192 183 195 183 192 189 186 194 183 194 186 188 193 183 195 184 191 190 185 195 183 193 187 188 189 187 
186 185 181 178 186 174 187 177 181 184 175 188 175 184 181 177 187 174 186 178 180 185 175 188 176 183 182 176 187 175 186 180 179 186 174 187 177 182 184 176 188 175 185 181 177 187 174 187 178 180 185 175 188 176 183 182 177 187 174 186 179 180 185 186 
187 191 192 190 198 187 198 189 193 195 187 199 187 195 193 189 198 187 198 190 192 197 187 199 188 195 194 188 199 187 197 191 191 197 187 199 189 193 195 188 199 187 196 193 190 198 187 198 190 192 196 187 199 188 195 194 189 199 187 197 191 191 192 187 
186 184 180 178 186 174 186 177 181 184 175 187 175 184 181 177 186 174 186 178 180 184 174 187 175 183 182 176 187 174 185 179 178 186 174 187 177 181 183 175 187 175 184 180 177 186 174 186 177 180 184 174 187 175 183 182 176 187 174 185 178 179 185 186 
187 190 189 187 195 183 195 186 190 192 184 196 184 193 190 186 195 184 195 187 189 194 184 196 185 192 191 185 196 184 194 188 188 194 184 196 186 190 192 184 196 184 193 190 187 195 184 195 187 189 193 184 196 185 192 191 186 196 184 194 188 188 191 187 
186 188 185 183 191 180 192 182 186 189 180 193 180 189 186 182 192 180 191 183 185 190 180 192 181 188 187 181 192 180 190 185 184 191 180 192 182 186 189 181 193 180 189 186 183 192 180 192 183 185 190 180 192 181 188 187 182 192 180 190 184 184 188 186 
186 186 182 181 188 177 189 179 184 186 177 190 177 186 183 179 189 176 188 180 182 187 177 190 178 185 185 178 190 177 188 182 181 188 177 189 179 184 186 177 190 177 187 183 180 189 176 189 180 182 187 177 190 178 185 184 179 189 177 188 181 182 186 186 
187 191 191 189 197 186 197 188 192 195 186 198 186 195 192 188 197 186 197 189 191 196 186 198 187 194 193 188 198 186 196 191 190 197 186 198 188 192 194 187 198 186 195 192 189 197 186 197 189 191 196 186 198 187 194 193 188 198 186 196 190 190 191 187 
186 184 180 177 185 173 186 176 180 183 174 186 174 183 180 176 186 173 185 177 179 184 174 186 175 182 181 175 186 174 185 179 178 185 173 186 176 180 183 174 187 174 184 180 176 186 173 185 177 179 184 174 187 174 182 181 175 186 173 185 178 179 185 186 
187 190 191 189 197 186 197 188 192 195 186 198 186 195 192 188 197 186 197 189 191 196 186 198 187 194 193 188 198 186 196 190 190 197 186 197 188 192 194 187 198 186 195 192 189 197 186 197 189 191 195 186 198 187 194 193 188 198 186 196 190 190 190 187 
187 186 184 181 189 177 189 179 184 186 178 190 178 186 183 180 189 177 189 181 182 188 177 190 178 185 185 179 190 177 188 182 181 188 177 190 179 184 186 178 190 178 187 183 180 189 177 189 180 182 187 177 190 178 185 185 179 190 177 188 182 183 186 187 
187 187 187 183 191 179 192 182 186 189 180 192 180 189 186 182 192 179 191 183 185 190 180 192 181 188 187 181 192 180 190 184 184 191 179 192 182 186 188 180 192 180 189 186 182 192 179 191 183 185 190 180 192 181 188 187 182 192 179 190 184 186 187 187 
187 187 189 187 195 184 196 186 190 193 185 196 185 193 190 186 195 184 195 188 189 194 184 196 185 192 191 186 196 184 194 189 188 195 184 196 186 191 193 185 196 184 193 190 187 195 184 195 187 189 193 184 196 185 192 191 186 196 184 194 188 189 187 187 
187 186 185 178 186 174 186 177 181 183 175 187 175 183 181 177 186 174 186 178 179 184 174 187 175 182 182 176 187 174 185 179 178 186 174 187 176 181 183 175 187 174 184 180 177 186 174 186 177 180 184 174 187 175 183 182 176 187 174 185 179 184 186 187 
187 187 190 189 198 187 198 189 193 196 187 199 187 196 193 189 198 187 198 190 192 196 187 199 188 195 194 188 199 187 197 191 191 197 187 199 189 193 195 188 199 187 196 193 189 198 187 198 190 192 196 187 199 188 195 194 189 199 187 197 190 190 187 187 
187 187 187 180 186 174 187 177 182 184 175 188 175 184 181 177 187 174 186 178 180 185 175 188 176 183 183 176 188 175 186 180 179 186 175 187 177 182 184 176 188 175 185 181 178 187 174 187 178 180 185 175 188 176 183 182 177 187 175 186 180 186 187 187 
187 187 187 186 194 182 194 185 189 192 183 195 183 192 189 185 194 182 194 186 188 193 182 195 184 190 190 184 195 182 193 187 186 193 182 194 185 189 191 183 195 183 192 188 185 194 182 194 186 188 192 183 195 184 191 190 184 194 183 193 186 187 187 187 
187 187 187 185 191 181 193 184 188 190 182 194 182 190 187 184 193 181 192 185 186 191 181 194 183 189 189 183 194 181 192 186 185 192 181 193 183 188 190 182 194 182 191 187 184 193 181 193 185 187 191 181 194 182 189 188 183 193 181 191 185 187 187 187 
187 187 187 186 188 176 188 178 182 185 177 189 176 185 182 178 188 175 187 179 181 186 176 189 177 184 184 177 189 176 187 181 180 187 175 188 178 182 185 177 189 176 186 182 179 188 175 188 179 182 186 176 189 177 184 183 178 188 176 188 186 187 187 187 
187 187 187 186 190 186 198 189 193 195 187 199 187 196 192 189 198 186 197 190 192 196 186 199 188 194 194 188 198 187 197 191 190 197 186 198 189 193 195 187 199 187 196 192 189 198 186 198 190 192 196 187 199 187 195 194 188 198 186 190 186 187 187 187 
187 187 187 187 187 180 186 176 180 183 174 187 174 183 180 176 186 173 185 177 179 184 174 187 175 182 182 175 187 173 184 179 178 185 173 186 176 181 183 174 187 174 183 180 177 186 173 186 177 179 184 174 187 175 182 181 176 186 180 187 187 187 187 187 
187 187 187 187 187 187 194 188 191 194 186 197 186 194 191 188 197 185 196 188 190 195 185 197 186 193 192 187 197 185 195 190 189 196 185 197 187 191 193 186 197 186 194 191 188 197 185 196 188 190 195 185 197 186 193 192 187 194 187 187 187 187 187 187 
187 187 187 187 187 186 187 182 185 187 179 191 179 188 185 181 190 178 190 182 183 189 178 191 180 186 186 180 191 178 189 183 182 190 178 191 180 185 187 179 191 178 188 184 181 190 178 190 182 184 188 178 191 179 187 185 181 187 186 187 187 187 187 187 
187 187 187 187 187 187 187 186 185 188 179 191 179 188 185 181 190 178 190 182 184 189 178 191 180 186 186 180 191 178 189 183 182 190 178 191 180 185 187 179 191 179 188 184 181 190 178 190 182 184 188 179 191 180 187 186 185 187 187 187 187 187 187 187 
187 187 187 187 187 187 187 187 188 193 185 197 185 194 191 188 197 185 196 188 190 195 185 197 186 193 192 186 197 185 195 190 189 196 185 197 187 191 193 186 197 185 194 191 188 196 185 196 188 190 195 185 197 186 193 188 187 187 187 187 187 187 187 187 
187 187 187 187 187 187 187 187 184 186 175 187 174 183 180 176 186 173 186 177 179 184 174 187 175 182 182 175 186 173 185 179 178 185 173 186 176 181 183 174 187 174 183 180 177 186 173 186 177 179 184 174 187 175 185 185 187 187 187 187 187 187 187 187 
187 187 187 187 187 187 187 187 187 190 187 198 187 196 192 189 198 186 197 190 192 196 187 199 188 194 194 188 198 186 197 191 190 197 186 198 189 193 195 187 199 187 196 192 189 198 186 198 190 192 196 187 198 187 190 187 187 187 187 187 187 187 187 187 
187 187 187 187 187 187 187 187 187 187 183 187 177 185 182 178 188 175 187 179 181 186 176 189 177 184 184 177 188 176 186 180 180 187 175 188 178 182 185 177 189 176 186 182 178 188 175 188 179 181 186 176 187 183 187 187 187 187 187 187 187 187 187 187 
187 187 187 187 187 187 187 187 187 187 187 189 185 190 188 184 193 181 192 185 186 191 181 194 183 189 189 183 194 181 192 186 185 192 181 193 184 188 190 182 194 182 191 187 184 193 181 193 185 187 191 185 190 187 187 187 187 187 187 187 187 187 187 187 
187 187 187 187 187 187 187 187 187 187 187 186 186 188 188 185 194 182 193 186 188 192 182 195 184 190 190 184 195 182 193 187 186 193 182 194 185 189 191 183 195 183 192 188 185 194 182 194 185 188 188 185 187 187 187 187 187 187 187 187 187 187 187 187 
187 187 187 187 187 187 187 187 187 187 187 187 187 187 186 181 188 175 187 178 180 185 175 188 176 183 183 176 188 175 186 180 179 186 175 187 177 182 184 176 188 175 185 181 178 187 175 187 181 186 187 187 187 187 187 187 187 187 187 187 187 187 187 187 
187 187 187 187 187 187 187 187 187 187 187 187 187 187 187 187 193 187 197 190 192 196 187 199 188 195 194 188 199 187 197 191 190 197 187 199 189 193 195 187 199 187 196 193 190 197 187 193 187 187 187 187 187 187 187 187 187 187 187 187 187 187 187 187 
187 187 187 187 187 187 187 187 187 187 187 187 187 187 187 186 187 182 185 180 179 184 174 187 175 182 182 176 187 174 185 179 178 186 174 187 176 181 183 175 187 174 184 180 179 186 183 187 186 187 187 187 187 187 187 187 187 187 187 187 187 187 187 187 
187 187 187 187 187 187 187 187 187 187 187 187 187 187 187 187 187 187 188 189 189 193 185 196 186 192 191 186 196 184 194 189 188 195 184 196 186 191 193 185 196 186 193 189 188 188 187 187 187 187 187 187 187 187 187 187 187 187 187 187 187 187 187 187 
187 187 187 187 187 187 187 187 187 187 187 187 187 187 187 187 187 187 187 187 186 187 183 188 182 186 186 181 191 179 190 184 183 190 179 191 181 185 187 181 188 183 187 186 187 187 187 187 187 187 187 187 187 187 187 187 187 187 187 187 187 187 187 187 
187 187 187 187 187 187 187 187 187 187 187 187 187 187 187 187 187 187 187 187 187 187 187 187 187 187 188 185 190 183 189 185 185 189 183 190 185 188 187 187 187 187 187 187 187 187 187 187 187 187 187 187 187 187 187 187 187 187 187 187 187 187 187 187 
187 187 187 187 187 187 187 187 187 187 187 187 187 187 187 187 187 187 187 187 187 187 187 187 187 187 187 186 187 186 187 187 187 187 186 187 186 187 187 187 187 187 187 187 187 187 187 187 187 187 187 187 187 187 187 187 187 187 187 187 187 187 187 187 
