187 187 187 187 187 187 187 187 187 187 187 187 187 187 187 187 187 187 187 187 187 187 187 187 187 186 187 185 189 184 189 185 185 189 184 189 185 187 186 187 187 187 187 187 187 187 187 187 187 187 187 187 187 187 187 187 187 187 187 187 187 187 187 187 
187 187 187 187 187 187 187 187 187 187 187 187 187 187 187 187 187 187 187 187 187 187 186 188 186 182 195 169 205 165 198 175 175 198 165 205 169 195 182 186 188 186 187 187 187 187 187 187 187 187 187 187 187 187 187 187 187 187 187 187 187 187 187 187 
187 187 187 187 187 187 187 187 187 187 187 187 187 187 187 187 187 187 187 187 184 194 175 195 177 168 203 143 219 139 203 160 160 203 139 219 143 203 168 177 195 175 194 184 187 187 187 187 187 187 187 187 187 187 187 187 187 187 187 187 187 187 187 187 
187 187 187 187 187 187 187 187 187 187 187 187 187 187 187 187 187 187 183 195 166 211 149 202 161 158 204 136 221 136 204 158 158 204 136 221 136 204 158 161 202 149 211 166 195 183 187 187 187 187 187 187 187 187 187 187 187 187 187 187 187 187 187 187 
187 187 187 187 187 187 187 187 187 187 187 187 187 187 187 187 187 187 172 203 141 221 136 204 158 158 204 136 221 136 204 158 158 204 136 221 136 204 158 158 204 136 221 141 203 172 187 187 187 187 187 187 187 187 187 187 187 187 187 187 187 187 187 187 
187 187 187 187 187 187 187 187 187 187 187 187 187 187 188 181 194 175 160 204 136 221 136 204 158 158 204 136 221 136 204 158 158 204 136 221 136 204 158 158 204 136 221 136 204 160 175 194 181 188 187 187 187 187 187 187 187 187 187 187 187 187 187 187 
187 187 187 187 187 187 187 187 187 187 187 187 187 181 201 160 202 160 158 204 136 221 136 204 158 158 204 136 221 136 204 158 158 204 136 221 136 204 158 158 204 136 221 136 204 158 160 202 160 201 181 187 187 187 187 187 187 187 187 187 187 187 187 187 
187 187 187 187 187 187 187 187 187 187 187 186 193 164 215 139 204 158 158 204 136 221 136 204 158 158 204 136 221 136 204 158 158 204 136 221 136 204 158 158 204 136 221 136 204 158 158 204 139 215 164 193 186 187 187 187 187 187 187 187 187 187 187 187 
187 187 187 187 187 187 187 187 187 187 188 178 201 142 221 136 204 158 158 204 136 221 136 204 158 158 204 136 221 136 204 158 158 204 136 221 136 204 158 158 204 136 221 136 204 158 158 204 136 221 142 201 178 188 187 187 187 187 187 187 187 187 187 187 
187 187 187 187 187 187 187 187 187 186 189 167 205 136 221 136 204 158 158 204 136 221 136 204 158 158 204 136 221 136 204 158 158 204 136 221 136 204 158 158 204 136 221 136 204 158 158 204 136 221 136 205 167 189 186 187 187 187 187 187 187 187 187 187 
187 187 187 187 187 187 187 187 187 189 181 158 204 136 221 136 204 158 158 204 136 221 136 204 158 158 204 136 221 136 204 158 158 204 136 221 136 204 158 158 204 136 221 136 204 158 158 204 136 221 136 204 158 181 189 187 187 187 187 187 187 187 187 187 
187 187 187 187 187 187 187 187 181 195 167 158 204 136 221 136 204 158 158 204 136 221 136 204 158 158 204 136 221 136 204 158 158 204 136 221 136 204 158 158 204 136 221 136 204 158 158 204 136 221 136 204 158 167 195 181 187 187 187 187 187 187 187 187 
187 187 187 187 187 187 186 194 167 202 158 158 204 136 221 136 204 158 158 204 136 221 136 204 158 158 204 136 221 136 204 158 158 204 136 221 136 204 158 158 204 136 221 136 204 158 158 204 136 221 136 204 158 158 202 167 194 186 187 187 187 187 187 187 
187 187 187 187 187 187 181 205 147 204 158 158 204 136 221 136 204 158 158 204 136 221 136 204 158 158 204 136 221 136 204 158 158 204 136 221 136 204 158 158 204 136 221 136 204 158 158 204 136 221 136 204 158 158 204 147 205 181 187 187 187 187 187 187 
187 187 187 187 187 189 169 215 136 204 158 158 204 136 221 136 204 158 158 204 136 221 136 204 158 158 204 136 221 136 204 158 158 204 136 221 136 204 158 158 204 136 221 136 204 158 158 204 136 221 136 204 158 158 204 136 215 169 189 187 187 187 187 187 
187 187 187 187 186 195 153 221 136 204 158 158 204 136 221 136 204 158 158 204 136 221 136 204 158 158 204 136 221 136 204 158 158 204 136 221 136 204 158 158 204 136 221 136 204 158 158 204 136 221 136 204 158 158 204 136 221 153 195 186 187 187 187 187 
187 187 187 187 182 201 140 221 136 204 158 158 204 136 221 136 204 158 158 204 136 221 136 204 158 158 204 136 221 136 204 158 158 204 136 221 136 204 158 158 204 136 221 136 204 158 158 204 136 221 136 204 158 158 204 136 221 140 201 182 187 187 187 187 
187 187 187 187 175 205 136 221 136 204 158 158 204 136 221 136 204 158 158 204 136 221 136 204 158 158 204 136 221 136 204 158 158 204 136 221 136 204 158 158 204 136 221 136 204 158 158 204 136 221 136 204 158 158 204 136 221 136 205 175 187 187 187 187 
187 187 187 190 168 205 136 221 136 204 158 158 204 136 221 136 204 158 158 204 136 221 136 204 158 158 204 136 221 136 204 158 158 204 136 221 136 204 158 158 204 136 221 136 204 158 158 204 136 221 136 204 158 158 204 136 221 136 205 168 190 187 187 187 
187 187 186 190 160 204 136 221 136 204 158 158 204 136 221 136 204 158 158 204 136 221 136 204 158 158 204 136 221 136 204 158 158 204 136 221 136 204 158 158 204 136 221 136 204 158 158 204 136 221 136 204 158 158 204 136 221 136 204 160 190 186 187 187 
187 187 186 188 157 204 136 221 136 204 158 158 204 136 221 136 204 158 158 204 136 221 136 204 158 158 204 136 221 136 204 158 158 204 136 221 136 204 158 158 204 136 221 136 204 158 158 204 136 221 136 204 158 158 204 136 221 136 204 157 188 186 187 187 
187 187 186 183 158 204 136 221 136 204 158 158 204 136 221 136 204 158 158 204 136 221 136 204 158 158 204 136 221 136 204 158 158 204 136 221 136 204 158 158 204 136 221 136 204 158 158 204 136 221 136 204 158 158 204 136 221 136 204 158 183 186 187 187 
187 187 189 177 158 204 136 221 136 204 158 158 204 136 221 136 204 158 158 204 136 221 136 204 158 158 204 136 221 136 204 158 158 204 136 221 136 204 158 158 204 136 221 136 204 158 158 204 136 221 136 204 158 158 204 136 221 136 204 158 177 189 187 187 
187 187 192 169 158 204 136 221 136 204 158 158 204 136 221 136 204 158 158 204 136 221 136 204 158 158 204 136 221 136 204 158 158 204 136 221 136 204 158 158 204 136 221 136 204 158 158 204 136 221 136 204 158 158 204 136 221 136 204 158 169 192 187 187 
187 185 194 163 158 204 136 221 136 204 158 158 204 136 221 136 204 158 158 204 136 221 136 204 158 158 204 136 221 136 204 158 158 204 136 221 136 204 158 158 204 136 221 136 204 158 158 204 136 221 136 204 158 158 204 136 221 136 204 158 163 194 185 187 
187 182 197 159 158 204 136 221 136 204 158 158 204 136 221 136 204 158 158 204 136 221 136 204 158 158 204 136 221 136 204 158 158 204 136 221 136 204 158 158 204 136 221 136 204 158 158 204 136 221 136 204 158 158 204 136 221 136 204 158 159 197 182 187 
187 179 199 158 158 204 136 221 136 204 158 158 204 136 221 136 204 158 158 204 136 221 136 204 158 158 204 136 221 136 204 158 158 204 136 221 136 204 158 158 204 136 221 136 204 158 158 204 136 221 136 204 158 158 204 136 221 136 204 158 158 199 179 187 
188 175 200 158 158 204 136 221 136 204 158 158 204 136 221 136 204 158 158 204 136 221 136 204 158 158 204 136 221 136 204 158 158 204 136 221 136 204 158 158 204 136 221 136 204 158 158 204 136 221 136 204 158 158 204 136 221 136 204 158 158 200 175 188 
189 172 202 158 158 204 136 221 136 204 158 158 204 136 221 136 204 158 158 204 136 221 136 204 158 158 204 136 221 136 204 158 158 204 136 221 136 204 158 158 204 136 221 136 204 158 158 204 136 221 136 204 158 158 204 136 221 136 204 158 158 202 172 189 
190 169 202 158 158 204 136 221 136 204 158 158 204 136 221 136 204 158 158 204 136 221 136 204 158 158 204 136 221 136 204 158 158 204 136 221 136 204 158 158 204 136 221 136 204 158 158 204 136 221 136 204 158 158 204 136 221 136 204 158 158 202 169 190 
190 168 203 158 158 204 136 221 136 204 158 158 204 136 221 136 204 158 158 204 136 221 136 204 158 158 204 136 221 136 204 158 158 204 136 221 136 204 158 158 204 136 221 136 204 158 158 204 136 221 136 204 158 158 204 136 221 136 204 158 158 203 168 190 
191 167 203 158 158 204 136 221 136 204 158 158 204 136 221 136 204 158 158 204 136 221 136 204 158 158 204 136 221 136 204 158 158 204 136 221 136 204 158 158 204 136 221 136 204 158 158 204 136 221 136 204 158 158 204 136 221 136 204 158 158 203 167 191 
191 167 203 158 158 204 136 221 136 204 158 158 204 136 221 136 204 158 158 204 136 221 136 204 158 158 204 136 221 136 204 158 158 204 136 221 136 204 158 158 204 136 221 136 204 158 158 204 136 221 136 204 158 158 204 136 221 136 204 158 158 203 167 191 
190 168 203 158 158 204 136 221 136 204 158 158 204 136 221 136 204 158 158 204 136 221 136 204 158 158 204 136 221 136 204 158 158 204 136 221 136 204 158 158 204 136 221 136 204 158 158 204 136 221 136 204 158 158 204 136 221 136 204 158 158 203 168 190 
190 169 202 158 158 204 136 221 136 204 158 158 204 136 221 136 204 158 158 204 136 221 136 204 158 158 204 136 221 136 204 158 158 204 136 221 136 204 158 158 204 136 221 136 204 158 158 204 136 221 136 204 158 158 204 136 221 136 204 158 158 202 169 190 
189 172 202 158 158 204 136 221 136 204 158 158 204 136 221 136 204 158 158 204 136 221 136 204 158 158 204 136 221 136 204 158 158 204 136 221 136 204 158 158 204 136 221 136 204 158 158 204 136 221 136 204 158 158 204 136 221 136 204 158 158 202 172 189 
188 175 200 158 158 204 136 221 136 204 158 158 204 136 221 136 204 158 158 204 136 221 136 204 158 158 204 136 221 136 204 158 158 204 136 221 136 204 158 158 204 136 221 136 204 158 158 204 136 221 136 204 158 158 204 136 221 136 204 158 158 200 175 188 
187 179 199 158 158 204 136 221 136 204 158 158 204 136 221 136 204 158 158 204 136 221 136 204 158 158 204 136 221 136 204 158 158 204 136 221 136 204 158 158 204 136 221 136 204 158 158 204 136 221 136 204 158 158 204 136 221 136 204 158 158 199 179 187 
187 182 197 159 158 204 136 221 136 204 158 158 204 136 221 136 204 158 158 204 136 221 136 204 158 158 204 136 221 136 204 158 158 204 136 221 136 204 158 158 204 136 221 136 204 158 158 204 136 221 136 204 158 158 204 136 221 136 204 158 159 197 182 187 
187 185 194 163 158 204 136 221 136 204 158 158 204 136 221 136 204 158 158 204 136 221 136 204 158 158 204 136 221 136 204 158 158 204 136 221 136 204 158 158 204 136 221 136 204 158 158 204 136 221 136 204 158 158 204 136 221 136 204 158 163 194 185 187 
187 187 192 169 158 204 136 221 136 204 158 158 204 136 221 136 204 158 158 204 136 221 136 204 158 158 204 136 221 136 204 158 158 204 136 221 136 204 158 158 204 136 221 136 204 158 158 204 136 221 136 204 158 158 204 136 221 136 204 158 169 192 187 187 
187 187 189 177 158 204 136 221 136 204 158 158 204 136 221 136 204 158 158 204 136 221 136 204 158 158 204 136 221 136 204 158 158 204 136 221 136 204 158 158 204 136 221 136 204 158 158 204 136 221 136 204 158 158 204 136 221 136 204 158 177 189 187 187 
187 187 186 183 158 204 136 221 136 204 158 158 204 136 221 136 204 158 158 204 136 221 136 204 158 158 204 136 221 136 204 158 158 204 136 221 136 204 158 158 204 136 221 136 204 158 158 204 136 221 136 204 158 158 204 136 221 136 204 158 183 186 187 187 
187 187 186 188 157 204 136 221 136 204 158 158 204 136 221 136 204 158 158 204 136 221 136 204 158 158 204 136 221 136 204 158 158 204 136 221 136 204 158 158 204 136 221 136 204 158 158 204 136 221 136 204 158 158 204 136 221 136 204 157 188 186 187 187 
187 187 186 190 160 204 136 221 136 204 158 158 204 136 221 136 204 158 158 204 136 221 136 204 158 158 204 136 221 136 204 158 158 204 136 221 136 204 158 158 204 136 221 136 204 158 158 204 136 221 136 204 158 158 204 136 221 136 204 160 190 186 187 187 
187 187 187 190 168 205 136 221 136 204 158 158 204 136 221 136 204 158 158 204 136 221 136 204 158 158 204 136 221 136 204 158 158 204 136 221 136 204 158 158 204 136 221 136 204 158 158 204 136 221 136 204 158 158 204 136 221 136 205 168 190 187 187 187 
187 187 187 187 175 205 136 221 136 204 158 158 204 136 221 136 204 158 158 204 136 221 136 204 158 158 204 136 221 136 204 158 158 204 136 221 136 204 158 158 204 136 221 136 204 158 158 204 136 221 136 204 158 158 204 136 221 136 205 175 187 187 187 187 
187 187 187 187 182 201 140 221 136 204 158 158 204 136 221 136 204 158 158 204 136 221 136 204 158 158 204 136 221 136 204 158 158 204 136 221 136 204 158 158 204 136 221 136 204 158 158 204 136 221 136 204 158 158 204 136 221 140 201 182 187 187 187 187 
187 187 187 187 186 195 153 221 136 204 158 158 204 136 221 136 204 158 158 204 136 221 136 204 158 158 204 136 221 136 204 158 158 204 136 221 136 204 158 158 204 136 221 136 204 158 158 204 136 221 136 204 158 158 204 136 221 153 195 186 187 187 187 187 
187 187 187 187 187 189 169 215 136 204 158 158 204 136 221 136 204 158 158 204 136 221 136 204 158 158 204 136 221 136 204 158 158 204 136 221 136 204 158 158 204 136 221 136 204 158 158 204 136 221 136 204 158 158 204 136 215 169 189 187 187 187 187 187 
187 187 187 187 187 187 181 205 147 204 158 158 204 136 221 136 204 158 158 204 136 221 136 204 158 158 204 136 221 136 204 158 158 204 136 221 136 204 158 158 204 136 221 136 204 158 158 204 136 221 136 204 158 158 204 147 205 181 187 187 187 187 187 187 
187 187 187 187 187 187 186 194 167 202 158 158 204 136 221 136 204 158 158 204 136 221 136 204 158 158 204 136 221 136 204 158 158 204 136 221 136 204 158 158 204 136 221 136 204 158 158 204 136 221 136 204 158 158 202 167 194 186 187 187 187 187 187 187 
187 187 187 187 187 187 187 187 181 195 167 158 204 136 221 136 204 158 158 204 136 221 136 204 158 158 204 136 221 136 204 158 158 204 136 221 136 204 158 158 204 136 221 136 204 158 158 204 136 221 136 204 158 167 195 181 187 187 187 187 187 187 187 187 
187 187 187 187 187 187 187 187 187 189 181 158 204 136 221 136 204 158 158 204 136 221 136 204 158 158 204 136 221 136 204 158 158 204 136 221 136 204 158 158 204 136 221 136 204 158 158 204 136 221 136 204 158 181 189 187 187 187 187 187 187 187 187 187 
187 187 187 187 187 187 187 187 187 186 189 167 205 136 221 136 204 158 158 204 136 221 136 204 158 158 204 136 221 136 204 158 158 204 136 221 136 204 158 158 204 136 221 136 204 158 158 204 136 221 136 205 167 189 186 187 187 187 187 187 187 187 187 187 
187 187 187 187 187 187 187 187 187 187 188 178 201 142 221 136 204 158 158 204 136 221 136 204 158 158 204 136 221 136 204 158 158 204 136 221 136 204 158 158 204 136 221 136 204 158 158 204 136 221 142 201 178 188 187 187 187 187 187 187 187 187 187 187 
187 187 187 187 187 187 187 187 187 187 187 186 193 164 215 139 204 158 158 204 136 221 136 204 158 158 204 136 221 136 204 158 158 204 136 221 136 204 158 158 204 136 221 136 204 158 158 204 139 215 164 193 186 187 187 187 187 187 187 187 187 187 187 187 
187 187 187 187 187 187 187 187 187 187 187 187 187 181 201 160 202 160 158 204 136 221 136 204 158 158 204 136 221 136 204 158 158 204 136 221 136 204 158 158 204 136 221 136 204 158 160 202 160 201 181 187 187 187 187 187 187 187 187 187 187 187 187 187 
187 187 187 187 187 187 187 187 187 187 187 187 187 187 188 181 194 175 160 204 136 221 136 204 158 158 204 136 221 136 204 158 158 204 136 221 136 204 158 158 204 136 221 136 204 160 175 194 181 188 187 187 187 187 187 187 187 187 187 187 187 187 187 187 
187 187 187 187 187 187 187 187 187 187 187 187 187 187 187 187 187 187 172 203 141 221 136 204 158 158 204 136 221 136 204 158 158 204 136 221 136 204 158 158 204 136 221 141 203 172 187 187 187 187 187 187 187 187 187 187 187 187 187 187 187 187 187 187 
187 187 187 187 187 187 187 187 187 187 187 187 187 187 187 187 187 187 183 195 166 211 149 202 161 158 204 136 221 136 204 158 158 204 136 221 136 204 158 161 202 149 211 166 195 183 187 187 187 187 187 187 187 187 187 187 187 187 187 187 187 187 187 187 
187 187 187 187 187 187 187 187 187 187 187 187 187 187 187 187 187 187 187 187 184 194 175 195 177 168 203 143 219 139 203 160 160 203 139 219 143 203 168 177 195 175 194 184 187 187 187 187 187 187 187 187 187 187 187 187 187 187 187 187 187 187 187 187 
187 187 187 187 187 187 187 187 187 187 187 187 187 187 187 187 187 187 187 187 187 187 186 188 186 182 195 169 205 165 198 175 175 198 165 205 169 195 182 186 188 186 187 187 187 187 187 187 187 187 187 187 187 187 187 187 187 187 187 187 187 187 187 187 
187 187 187 187 187 187 187 187 187 187 187 187 187 187 187 187 187 187 187 187 187 187 187 187 187 186 187 185 189 184 189 185 185 189 184 189 185 187 186 187 187 187 187 187 187 187 187 187 187 187 187 187 187 187 187 187 187 187 187 187 187 187 187 187 
