187 187 187 187 187 187 187 187 187 187 187 187 187 187 187 187 187 187 187 187 187 187 187 187 187 187 187 187 187 187 187 187 187 187 187 187 187 187 187 187 187 187 187 187 187 187 187 187 187 187 187 187 187 187 187 187 187 187 187 187 187 187 187 187 
187 187 187 187 187 187 187 187 187 187 187 187 187 187 187 187 187 187 187 187 187 187 187 187 187 187 187 187 187 187 187 187 187 187 187 187 187 187 187 187 187 187 187 187 187 187 187 187 187 187 187 187 187 187 187 187 187 187 187 187 187 187 187 187 
187 187 187 187 187 187 187 187 187 187 187 187 187 187 187 187 187 187 187 187 187 187 187 187 187 187 187 187 187 187 187 187 187 187 187 187 187 187 187 187 187 187 187 187 187 187 187 187 187 187 187 187 187 187 187 187 187 187 187 187 187 187 187 187 
187 187 187 187 187 187 187 187 187 187 187 187 187 187 187 187 187 187 187 187 187 187 187 187 187 187 187 187 187 187 187 187 187 187 187 187 187 187 187 187 187 187 187 187 187 187 187 187 187 187 187 187 187 187 187 187 187 187 187 187 187 187 187 187 
187 187 187 187 187 187 187 187 187 187 187 187 187 187 187 187 187 187 187 187 187 187 187 187 187 187 187 187 187 187 187 187 187 187 187 187 187 187 187 187 187 187 187 187 187 187 187 187 187 187 187 187 187 187 187 187 187 187 187 187 187 187 187 187 
187 187 187 187 187 187 187 187 187 187 187 187 187 187 187 187 187 187 187 187 187 187 187 187 187 187 187 187 187 187 187 187 187 187 187 187 187 187 187 187 187 187 187 187 187 187 187 187 187 187 187 187 187 187 187 187 187 187 187 187 187 187 187 187 
187 187 187 187 187 187 187 187 187 187 187 187 187 187 187 187 187 187 187 187 187 187 187 187 187 187 187 187 187 187 187 187 187 187 187 187 187 187 187 187 187 187 187 187 187 187 187 187 187 187 187 187 187 187 187 187 187 187 187 187 187 187 187 187 
187 187 187 187 187 187 187 187 187 187 187 187 187 187 187 187 187 187 187 187 187 187 187 187 187 187 187 187 187 187 187 187 187 187 187 187 187 187 187 187 187 187 187 187 187 187 187 187 188 187 187 187 187 187 187 187 187 187 187 187 187 187 187 187 
187 187 187 187 187 187 187 187 187 187 187 187 187 187 187 187 187 187 187 187 187 187 187 187 187 187 187 187 187 187 187 187 187 187 187 187 187 187 187 187 187 187 187 187 187 187 187 187 182 184 188 187 187 187 187 187 187 187 187 187 187 187 187 187 
187 187 187 187 187 187 187 187 187 187 187 187 187 187 187 187 187 187 187 187 187 187 187 187 187 187 187 187 187 187 187 187 187 187 187 187 187 187 187 187 187 187 187 187 187 187 188 181 203 183 186 188 187 187 187 187 187 187 187 187 187 187 187 187 
187 187 187 187 187 187 187 187 187 187 187 187 187 187 187 187 187 187 187 187 187 187 187 187 187 187 187 186 187 187 187 187 187 187 187 187 187 187 187 187 187 187 187 187 187 187 188 176 203 173 187 186 188 187 187 187 187 187 187 187 187 187 187 187 
187 187 187 187 187 187 187 187 187 187 187 187 187 187 187 187 187 187 187 187 187 187 187 187 187 188 188 187 187 187 187 187 187 187 187 187 187 187 187 187 187 187 187 187 187 187 187 179 195 180 184 190 185 187 187 187 187 187 187 187 187 187 187 187 
187 187 187 187 187 187 187 187 187 187 187 187 187 187 187 187 187 187 187 187 187 187 187 187 182 179 180 188 188 187 187 187 187 187 187 187 187 187 187 187 187 187 187 187 187 187 187 184 190 188 182 185 188 186 187 187 187 187 187 187 187 187 187 187 
187 187 187 187 187 187 187 187 187 187 187 187 187 187 187 187 187 187 187 187 187 187 188 187 182 215 177 179 190 186 187 187 187 187 187 187 187 187 187 187 187 187 187 187 187 187 187 188 173 200 188 185 186 187 185 188 187 187 187 187 187 187 187 187 
187 187 187 187 187 187 187 187 187 187 187 187 187 187 187 187 187 187 187 187 187 187 187 188 174 191 186 185 190 189 188 187 187 187 187 187 187 187 187 187 187 187 187 187 187 187 187 187 190 178 172 190 189 190 183 188 187 187 187 187 187 187 187 187 
187 187 187 187 187 187 187 187 187 187 187 187 187 187 187 187 187 187 187 187 187 187 187 187 188 179 190 183 186 180 187 187 187 187 187 187 187 187 187 187 187 187 187 187 187 187 187 188 178 200 206 184 187 185 188 187 187 187 187 187 187 187 187 187 
187 187 187 187 187 187 187 187 187 187 187 187 187 187 187 187 187 187 187 187 187 187 187 187 187 182 189 187 188 181 192 186 187 187 187 187 187 187 187 187 187 187 187 187 187 187 187 187 188 176 178 184 188 186 188 185 188 187 187 187 187 187 187 187 
187 187 187 187 187 187 187 187 187 187 187 187 187 187 187 187 187 187 187 187 187 187 187 187 188 185 188 190 183 189 188 186 187 187 187 187 187 187 187 187 187 187 187 187 186 185 185 188 185 190 186 186 187 186 185 187 187 187 187 187 187 187 187 187 
187 187 187 187 187 187 187 187 187 187 187 187 187 187 187 187 187 187 187 187 187 187 187 187 187 184 188 188 182 184 190 186 187 187 187 187 187 187 187 187 187 187 186 186 187 190 190 187 185 186 187 187 186 188 186 189 187 187 187 187 187 187 187 187 
187 187 187 187 187 187 187 187 187 187 187 187 187 187 187 187 187 187 187 187 187 187 187 187 187 184 191 182 193 182 188 189 187 187 187 187 187 187 187 187 187 186 187 189 187 186 184 188 187 189 186 188 186 188 184 188 187 187 187 187 187 187 187 187 
187 187 187 187 187 187 187 187 187 187 187 187 187 187 187 187 187 187 187 187 187 187 187 187 187 185 190 187 187 191 185 183 190 187 187 187 187 187 187 187 186 188 187 185 187 185 186 187 187 184 187 188 187 185 189 187 187 187 187 187 187 187 187 187 
187 187 187 187 187 187 187 187 187 187 187 187 187 187 187 187 187 187 187 187 187 187 187 187 187 186 189 178 189 184 187 187 183 189 186 187 187 187 185 185 190 185 186 188 185 190 188 188 188 188 187 188 186 185 188 187 187 187 187 187 187 187 187 187 
187 187 187 187 187 187 187 187 187 187 187 187 187 187 187 187 187 187 187 187 187 187 187 187 187 187 183 195 184 187 190 189 183 187 189 186 187 186 190 188 184 186 186 185 188 185 187 185 185 187 186 188 182 193 186 187 187 187 187 187 187 187 187 187 
187 187 187 187 187 187 187 187 187 187 187 187 187 187 187 187 187 187 187 187 187 187 187 187 187 187 186 185 186 188 185 188 185 187 187 190 187 190 182 186 189 188 188 187 187 188 187 188 189 187 188 187 182 192 186 187 187 187 187 187 187 187 187 187 
187 187 187 187 187 187 187 187 187 187 187 187 187 187 187 187 187 187 187 187 187 187 187 187 187 187 187 187 186 188 187 187 187 186 183 184 187 190 184 189 185 186 187 185 187 188 186 186 185 187 185 187 182 192 186 187 187 187 187 187 187 187 187 187 
187 187 187 187 187 187 187 187 187 187 187 187 187 187 187 187 187 187 187 187 187 187 187 187 187 187 187 187 187 187 186 187 188 184 194 187 183 186 187 188 187 188 186 188 187 186 188 187 187 189 187 188 183 190 187 187 187 187 187 187 187 187 187 187 
187 187 187 187 187 187 187 187 187 187 187 187 187 187 187 187 187 187 187 187 187 187 188 187 186 187 187 187 187 187 184 190 185 187 181 191 191 187 181 184 187 184 187 187 187 187 188 187 188 187 187 187 186 181 190 186 187 187 187 187 187 187 187 187 
187 187 187 187 187 187 187 187 187 187 187 187 187 187 187 187 187 187 187 186 186 189 186 189 191 187 187 187 186 186 188 180 190 184 189 183 181 188 190 192 186 186 187 187 186 186 186 186 186 185 187 187 188 184 190 186 187 187 187 187 187 187 187 187 
187 187 187 187 187 187 187 187 187 187 187 187 187 189 188 187 187 187 188 190 189 186 186 186 180 188 183 184 186 190 189 184 189 189 186 190 190 184 184 186 191 186 186 188 188 187 187 188 187 187 188 187 188 187 185 189 186 187 187 187 187 187 187 187 
187 187 187 187 187 187 187 187 187 187 187 186 189 185 179 188 188 187 184 185 185 186 188 183 183 191 192 189 186 184 186 191 187 188 180 190 182 187 187 184 187 187 186 186 186 187 185 188 188 186 187 186 185 187 185 189 187 187 187 187 187 187 187 187 
187 187 187 187 187 187 187 187 187 187 187 187 186 187 187 189 187 186 190 185 186 188 182 184 195 183 189 184 188 188 186 180 183 187 186 190 185 188 190 182 189 187 187 186 188 188 186 185 187 188 186 188 187 188 187 183 190 186 187 187 187 187 187 187 
187 187 187 187 187 187 187 187 187 187 188 187 185 188 190 185 185 186 188 185 191 181 186 195 183 186 185 187 189 185 190 193 189 186 185 187 189 182 184 184 193 182 186 188 186 186 188 187 186 187 187 187 187 187 186 184 189 186 187 187 187 187 187 187 
187 187 187 187 187 187 187 187 187 187 187 185 187 186 187 187 184 188 188 184 188 187 192 179 189 191 185 188 182 185 186 187 180 190 187 187 187 188 192 191 184 187 187 187 187 187 187 187 186 186 187 185 188 186 188 186 188 187 187 187 187 187 187 187 
187 187 187 187 187 187 187 187 188 185 188 189 188 185 189 187 185 189 186 187 188 185 187 185 187 185 185 187 186 188 184 184 192 184 187 186 184 187 187 182 187 187 186 186 187 187 186 187 185 187 188 187 186 187 187 186 187 187 187 187 187 187 187 187 
187 187 187 187 187 187 187 187 185 191 183 184 186 187 185 190 190 184 186 187 182 191 186 187 185 187 188 185 189 186 189 186 186 190 185 184 190 188 183 188 187 189 188 188 187 188 185 187 187 188 187 188 187 189 186 185 186 187 187 187 187 187 187 187 
187 187 187 187 187 187 187 188 181 193 182 188 189 184 178 196 183 189 184 189 186 190 184 187 188 187 189 185 188 190 191 183 185 190 189 188 191 183 185 186 186 185 188 186 185 187 187 187 185 188 184 187 186 185 188 186 189 187 187 187 187 187 187 187 
187 187 187 187 187 187 187 188 184 188 192 174 185 192 179 191 183 185 186 186 188 186 184 190 184 190 182 190 186 184 183 191 185 186 185 189 184 187 186 188 187 186 185 187 186 190 187 188 187 186 189 187 187 187 188 184 190 186 187 187 187 187 187 187 
187 187 187 187 187 187 187 187 186 184 193 187 194 187 188 188 186 189 189 186 186 187 188 187 186 187 186 189 187 186 189 187 187 191 184 185 187 186 188 188 186 189 188 186 187 185 185 190 186 186 188 184 187 185 189 180 191 186 187 187 187 187 187 187 
187 187 187 187 187 187 187 184 193 184 186 189 179 186 186 187 188 187 187 186 188 185 184 187 187 186 187 186 190 186 185 185 188 183 186 187 187 188 187 186 188 189 184 187 188 187 188 186 186 187 188 186 187 186 190 183 190 186 187 187 187 187 187 187 
187 187 187 187 187 187 187 185 189 185 186 187 188 188 187 186 184 188 184 188 186 188 186 191 188 186 186 185 186 183 189 187 183 189 187 187 186 187 185 187 186 186 188 184 190 185 187 186 185 187 187 188 187 184 189 183 190 186 187 187 187 187 187 187 
187 187 187 187 187 187 187 186 187 185 188 187 182 186 190 184 189 190 186 188 189 188 187 183 186 188 188 187 186 188 184 189 185 189 187 187 187 187 188 191 184 189 183 189 183 187 184 190 186 192 184 188 186 187 188 182 190 186 187 187 187 187 187 187 
187 187 187 187 187 187 187 187 186 193 183 187 189 188 185 187 184 186 185 187 183 185 187 186 187 184 186 190 184 192 188 186 186 187 186 187 190 186 186 185 188 186 188 184 188 187 190 187 182 187 186 186 188 188 186 186 189 186 187 187 187 187 187 187 
187 187 187 187 187 187 187 187 185 184 191 181 184 183 185 189 186 187 185 188 187 187 186 187 188 186 187 185 188 186 188 185 187 187 188 186 186 185 187 186 184 190 185 189 192 183 184 188 186 185 187 187 189 186 186 182 190 186 187 187 187 187 187 187 
187 187 187 187 187 187 187 187 188 184 189 196 189 187 188 187 185 186 189 186 183 192 185 190 184 187 188 187 188 185 187 185 189 187 187 188 187 188 185 188 190 183 187 185 184 185 190 187 187 188 185 187 185 188 188 182 190 186 187 187 187 187 187 187 
187 187 187 187 187 187 187 187 187 188 184 181 185 191 191 182 190 187 188 186 188 185 185 187 187 187 185 185 184 189 186 188 187 186 185 187 185 187 188 186 186 189 188 188 187 185 191 187 184 191 185 188 187 186 183 188 189 187 187 187 187 187 187 187 
187 187 187 187 187 187 187 187 187 187 188 188 183 190 185 183 187 184 186 189 187 189 186 187 185 187 187 189 187 187 184 184 186 185 185 186 185 186 187 186 185 183 188 188 186 188 184 188 184 184 186 188 187 187 191 182 189 187 187 187 187 187 187 187 
187 187 187 187 187 187 187 187 187 187 187 187 188 183 189 188 186 186 187 189 184 185 187 188 189 186 187 183 187 186 186 188 189 188 187 188 189 185 188 187 192 187 184 187 186 187 184 187 184 189 188 187 187 188 182 189 187 187 187 187 187 187 187 187 
187 187 187 187 187 187 187 187 187 187 187 187 187 188 184 189 191 184 189 182 188 185 192 182 188 182 189 184 187 191 188 187 188 185 190 184 191 187 187 189 183 188 185 189 187 186 189 188 189 186 185 186 189 181 189 188 187 187 187 187 187 187 187 187 
187 187 187 187 187 187 187 187 187 187 187 187 187 187 187 183 188 188 187 186 187 180 190 186 188 190 189 185 186 186 187 183 189 185 185 189 183 189 185 186 188 186 186 187 187 185 190 185 183 187 188 186 185 189 188 186 187 187 187 187 187 187 187 187 
187 187 187 187 187 187 187 187 187 187 187 187 187 187 187 187 185 184 189 188 184 194 180 189 188 182 188 188 186 188 185 188 186 187 187 187 183 185 187 187 188 187 191 186 186 187 185 185 188 187 184 187 189 187 187 187 187 187 187 187 187 187 187 187 
187 187 187 187 187 187 187 187 187 187 187 187 187 187 187 187 187 187 184 189 193 186 180 184 187 190 184 182 190 186 190 187 185 187 186 188 188 187 188 187 185 186 186 187 187 185 189 187 183 185 190 188 187 187 187 187 187 187 187 187 187 187 187 187 
187 187 187 187 187 187 187 187 187 187 187 187 187 187 187 187 187 187 187 184 184 190 192 188 184 187 189 190 182 184 187 187 185 189 188 185 183 189 186 186 188 185 185 187 188 186 190 182 190 189 186 186 187 187 187 187 187 187 187 187 187 187 187 187 
187 187 187 187 187 187 187 187 187 187 187 187 187 187 187 187 187 187 187 187 186 182 189 188 192 182 185 185 188 189 186 187 190 183 184 187 189 192 184 187 186 190 189 187 186 185 187 184 189 186 187 187 187 187 187 187 187 187 187 187 187 187 187 187 
187 187 187 187 187 187 187 187 187 187 187 187 187 187 187 187 187 187 187 187 187 187 185 183 184 192 192 187 184 184 185 185 185 183 189 187 184 183 186 185 187 184 186 186 185 186 187 189 186 187 187 187 187 187 187 187 187 187 187 187 187 187 187 187 
187 187 187 187 187 187 187 187 187 187 187 187 187 187 187 187 187 187 187 187 187 187 187 187 187 184 183 185 188 193 194 191 193 193 189 189 186 189 188 188 189 187 186 188 189 188 187 187 187 187 187 187 187 187 187 187 187 187 187 187 187 187 187 187 
187 187 187 187 187 187 187 187 187 187 187 187 187 187 187 187 187 187 187 187 187 187 187 187 187 187 187 187 186 183 182 183 183 182 184 185 187 186 186 186 186 187 187 187 187 187 187 187 187 187 187 187 187 187 187 187 187 187 187 187 187 187 187 187 
187 187 187 187 187 187 187 187 187 187 187 187 187 187 187 187 187 187 187 187 187 187 187 187 187 187 187 187 187 187 187 187 187 187 187 187 187 187 187 187 187 187 187 187 187 187 187 187 187 187 187 187 187 187 187 187 187 187 187 187 187 187 187 187 
187 187 187 187 187 187 187 187 187 187 187 187 187 187 187 187 187 187 187 187 187 187 187 187 187 187 187 187 187 187 187 187 187 187 187 187 187 187 187 187 187 187 187 187 187 187 187 187 187 187 187 187 187 187 187 187 187 187 187 187 187 187 187 187 
187 187 187 187 187 187 187 187 187 187 187 187 187 187 187 187 187 187 187 187 187 187 187 187 187 187 187 187 187 187 187 187 187 187 187 187 187 187 187 187 187 187 187 187 187 187 187 187 187 187 187 187 187 187 187 187 187 187 187 187 187 187 187 187 
187 187 187 187 187 187 187 187 187 187 187 187 187 187 187 187 187 187 187 187 187 187 187 187 187 187 187 187 187 187 187 187 187 187 187 187 187 187 187 187 187 187 187 187 187 187 187 187 187 187 187 187 187 187 187 187 187 187 187 187 187 187 187 187 
187 187 187 187 187 187 187 187 187 187 187 187 187 187 187 187 187 187 187 187 187 187 187 187 187 187 187 187 187 187 187 187 187 187 187 187 187 187 187 187 187 187 187 187 187 187 187 187 187 187 187 187 187 187 187 187 187 187 187 187 187 187 187 187 
187 187 187 187 187 187 187 187 187 187 187 187 187 187 187 187 187 187 187 187 187 187 187 187 187 187 187 187 187 187 187 187 187 187 187 187 187 187 187 187 187 187 187 187 187 187 187 187 187 187 187 187 187 187 187 187 187 187 187 187 187 187 187 187 
187 187 187 187 187 187 187 187 187 187 187 187 187 187 187 187 187 187 187 187 187 187 187 187 187 187 187 187 187 187 187 187 187 187 187 187 187 187 187 187 187 187 187 187 187 187 187 187 187 187 187 187 187 187 187 187 187 187 187 187 187 187 187 187 
187 187 187 187 187 187 187 187 187 187 187 187 187 187 187 187 187 187 187 187 187 187 187 187 187 187 187 187 187 187 187 187 187 187 187 187 187 187 187 187 187 187 187 187 187 187 187 187 187 187 187 187 187 187 187 187 187 187 187 187 187 187 187 187 
