187 187 187 187 187 187 187 187 187 187 187 187 187 187 187 187 187 187 187 187 187 187 187 187 187 187 187 187 187 187 187 187 187 187 187 187 187 187 187 187 187 187 187 187 187 187 187 187 187 187 187 187 187 187 187 187 187 187 187 187 187 187 187 187 
187 187 187 187 187 187 187 187 187 187 187 187 187 187 187 187 187 187 187 187 187 187 187 187 187 187 187 187 187 187 187 187 187 187 187 187 187 187 187 187 187 187 187 187 187 187 187 187 187 187 187 187 187 187 187 187 187 187 187 187 187 187 187 187 
187 187 187 187 187 187 187 187 187 187 187 187 187 187 187 187 187 187 187 187 187 187 187 187 187 187 187 187 187 187 187 187 187 187 187 187 187 187 187 187 187 187 187 187 187 187 187 187 187 187 187 187 187 187 187 187 187 187 187 187 187 187 187 187 
187 187 187 187 187 187 187 187 187 187 187 187 187 187 187 187 187 187 187 187 187 187 187 187 187 187 187 187 187 187 187 187 187 187 187 187 187 187 187 187 187 187 187 187 187 187 187 187 187 187 187 187 187 187 187 187 187 187 187 187 187 187 187 187 
187 187 187 187 187 187 187 187 187 187 187 187 187 187 187 187 187 187 187 187 187 187 187 187 187 187 187 187 187 187 187 187 187 187 187 187 187 187 187 187 187 187 187 187 187 187 187 187 187 187 187 187 187 187 187 187 187 187 187 187 187 187 187 187 
187 187 187 187 187 187 187 187 187 187 187 187 187 187 187 187 187 187 187 187 187 187 187 187 187 187 187 187 187 187 187 187 187 187 187 187 187 187 187 187 187 187 187 187 187 187 187 187 187 187 187 187 187 187 187 187 187 187 187 187 187 187 187 187 
187 187 187 187 187 187 187 187 187 187 187 187 187 187 187 187 187 187 187 187 187 187 187 187 187 187 187 187 187 187 187 187 187 187 187 187 187 187 187 187 187 187 187 187 187 187 187 187 187 187 187 187 187 187 187 187 187 187 187 187 187 187 187 187 
187 187 187 187 187 187 187 187 187 187 187 187 187 187 187 187 187 187 187 187 187 187 187 187 187 187 187 187 187 187 187 187 187 187 187 187 187 187 187 187 187 187 187 187 187 187 187 187 187 187 187 187 187 187 187 187 187 187 187 187 187 187 187 187 
187 187 187 187 187 187 187 187 187 187 187 187 187 187 187 187 187 187 187 187 187 187 187 187 187 187 187 187 187 187 187 187 187 187 187 187 187 187 187 187 187 187 187 187 187 187 187 187 187 187 187 187 187 187 187 187 187 187 187 187 187 187 187 187 
187 187 187 187 187 187 187 187 187 187 187 187 187 187 187 187 187 187 187 187 187 187 187 187 187 187 187 187 187 187 187 187 187 187 187 187 187 187 187 187 187 187 187 187 187 187 187 187 187 187 187 187 187 187 187 187 187 187 187 187 187 187 187 187 
187 187 187 187 187 187 187 187 187 187 187 187 187 187 187 187 187 187 187 187 187 187 187 187 187 187 187 187 187 187 187 187 187 187 187 187 187 187 187 187 187 187 187 187 187 187 187 187 187 187 187 187 187 187 187 187 187 187 187 187 187 187 187 187 
187 187 187 187 187 187 187 187 187 187 187 187 187 187 187 187 187 187 187 187 187 187 187 187 187 187 187 187 187 187 187 187 187 187 187 187 187 187 187 187 187 187 188 188 188 187 187 187 187 187 187 187 187 187 187 187 187 187 187 187 187 187 187 187 
187 187 187 187 187 187 187 187 187 187 187 187 187 187 187 187 187 187 187 187 187 187 187 187 187 187 187 187 187 187 187 186 184 189 188 187 187 187 187 187 187 187 183 185 179 187 187 187 187 187 187 187 187 187 187 187 187 187 187 187 187 187 187 187 
187 187 187 187 187 187 187 187 187 187 187 187 187 187 187 187 187 187 187 187 187 187 187 187 187 187 187 187 187 188 183 187 195 177 180 187 188 188 188 187 187 188 183 189 200 180 186 187 187 187 187 187 187 187 187 187 187 187 187 187 187 187 187 187 
187 187 187 187 187 187 187 187 187 187 187 187 187 187 187 187 187 187 187 187 187 188 186 183 186 187 187 187 187 186 188 182 186 194 197 182 183 180 175 184 189 183 187 189 187 185 190 182 185 187 187 187 187 187 187 187 187 187 187 187 187 187 187 187 
187 187 187 187 187 187 187 187 187 187 187 187 187 187 187 187 187 188 188 188 188 186 187 197 184 186 187 187 187 187 189 183 184 192 179 187 182 196 197 188 180 183 198 173 188 188 181 198 179 189 187 187 187 187 187 187 187 187 187 187 187 187 187 187 
187 187 187 187 187 187 187 187 187 187 187 187 187 187 187 187 187 182 179 177 185 188 170 196 182 186 187 187 188 187 185 185 188 192 182 189 183 179 193 188 189 181 197 177 188 190 181 193 185 181 188 187 187 187 187 187 187 187 187 187 187 187 187 187 
187 187 187 187 187 187 187 187 187 187 187 187 187 187 187 188 183 190 197 200 183 191 184 188 179 190 184 187 185 188 193 176 183 180 191 183 189 185 186 186 185 180 198 173 188 184 187 185 186 189 181 188 187 187 187 187 187 187 187 187 187 187 187 187 
187 187 187 187 187 187 187 187 187 187 187 187 187 187 187 187 186 186 187 186 182 188 184 192 186 189 185 187 186 176 191 192 192 179 184 189 189 185 169 202 174 194 195 176 188 181 191 189 181 198 181 185 188 187 187 187 187 187 187 187 187 187 187 187 
187 187 187 187 187 187 187 187 187 187 187 187 187 187 187 187 186 185 196 174 181 194 183 185 187 183 188 189 190 184 188 184 193 184 184 195 185 182 198 185 175 188 193 177 181 194 186 190 179 184 192 189 182 188 187 187 187 187 187 187 187 187 187 187 
187 187 187 187 187 187 187 187 187 187 187 187 187 187 187 187 186 187 186 184 190 188 188 187 187 184 186 186 192 182 179 193 192 179 188 185 189 182 177 195 186 180 198 171 193 190 191 179 191 188 187 181 182 185 187 187 187 187 187 187 187 187 187 187 
187 187 187 187 187 187 187 187 187 188 187 187 187 187 187 187 187 188 183 192 181 184 191 185 188 192 183 189 189 185 181 188 191 179 187 187 188 185 184 196 192 178 200 179 191 180 191 188 186 190 188 192 197 190 186 188 187 187 187 187 187 187 187 187 
187 187 187 187 187 187 187 187 188 183 183 188 187 187 187 187 186 190 189 187 188 183 192 188 181 174 177 191 180 195 178 198 182 188 183 188 188 186 179 189 186 178 198 177 187 180 179 177 190 190 183 171 163 201 176 187 187 187 187 187 187 187 187 187 
187 187 187 187 187 187 187 188 181 196 195 184 188 187 187 187 187 188 179 183 187 187 181 192 175 216 191 171 188 190 178 199 175 190 191 182 187 189 175 196 185 188 185 186 182 186 202 178 183 180 187 189 191 173 197 182 187 187 187 187 187 187 187 187 
187 187 187 187 187 187 187 188 177 195 173 190 186 186 184 181 184 187 193 184 187 186 189 183 178 187 182 194 177 188 185 190 184 182 189 187 187 189 176 188 197 175 189 185 191 189 178 202 178 190 177 192 174 192 179 196 183 187 187 187 187 187 187 187 
187 187 187 187 187 187 187 187 185 189 186 176 183 192 184 190 188 184 191 188 188 187 187 184 193 186 189 191 178 188 191 188 186 186 192 183 187 190 172 197 189 181 188 188 186 187 182 185 191 183 186 190 180 192 174 195 184 187 187 187 187 187 187 187 
187 187 187 187 187 187 187 187 192 171 190 196 187 179 190 196 190 178 167 190 190 187 184 188 183 185 191 180 184 187 185 187 186 187 186 186 186 190 170 206 176 188 187 187 186 186 180 194 196 168 186 192 181 205 167 193 185 187 187 187 187 187 187 187 
187 187 187 187 187 187 187 185 178 194 185 185 183 190 182 180 189 198 206 183 181 188 184 186 183 185 182 191 182 190 182 183 186 188 185 191 185 186 191 176 188 188 187 187 187 183 190 185 184 195 185 180 174 199 167 202 181 187 187 187 187 187 187 187 
187 187 187 187 187 187 187 184 195 189 186 191 190 182 185 186 184 168 188 181 183 195 189 188 181 192 187 191 181 190 173 206 175 188 188 184 188 189 186 186 187 187 187 187 188 184 190 186 197 175 188 183 211 160 181 186 188 186 187 187 187 187 187 187 
187 187 187 187 187 187 187 185 184 187 184 180 186 193 193 190 191 176 196 192 189 180 182 193 179 203 182 180 189 186 182 202 173 189 187 188 185 185 189 186 187 187 187 187 187 183 187 190 185 183 188 183 182 174 206 168 186 187 187 187 187 187 187 187 
187 187 187 187 187 187 187 186 186 189 190 186 187 184 184 187 188 175 193 176 192 185 187 185 180 191 179 189 188 183 186 188 187 183 188 187 187 187 188 186 187 187 188 187 188 181 189 198 176 189 189 182 193 192 190 182 186 188 187 187 187 187 187 187 
187 187 187 187 187 187 187 186 188 186 186 180 181 181 185 186 186 184 185 195 183 187 188 187 187 188 186 187 188 179 195 177 196 181 187 187 187 187 187 188 184 185 188 187 186 184 192 176 188 186 188 183 188 182 195 182 181 190 186 187 187 187 187 187 
187 187 187 187 187 187 187 187 187 184 182 190 192 194 181 188 183 202 196 182 185 187 186 187 185 192 186 186 186 169 206 179 186 189 185 187 187 187 186 188 189 174 189 187 185 190 183 189 187 187 187 184 189 184 181 188 178 190 187 187 187 187 187 187 
187 187 187 187 187 187 187 187 187 190 196 192 182 185 198 186 185 181 173 188 187 189 187 188 187 185 187 186 198 169 192 183 184 191 185 187 187 187 188 186 187 178 186 187 186 189 185 187 187 188 186 185 190 191 185 182 189 187 187 187 187 187 187 187 
187 187 187 187 187 187 187 187 187 184 180 186 192 187 181 177 181 185 191 185 187 186 185 187 187 187 187 187 187 185 191 186 195 180 188 187 187 187 187 185 184 202 170 189 187 188 184 189 187 186 185 183 194 186 178 189 186 187 187 187 187 187 187 187 
187 187 187 187 187 187 187 187 187 182 188 181 184 187 170 197 201 188 182 185 183 188 186 187 187 187 189 183 187 176 188 194 176 188 188 186 187 186 188 187 184 187 189 183 186 191 183 188 186 188 191 192 184 183 179 195 185 187 187 187 187 187 187 187 
187 187 187 187 187 187 187 188 181 199 192 181 186 171 202 200 174 172 189 191 190 187 184 192 184 186 189 180 192 180 201 178 189 187 187 186 187 187 187 185 183 178 197 175 185 192 183 188 186 186 182 185 179 191 179 194 184 187 187 187 187 187 187 187 
187 187 187 187 187 187 187 188 179 192 183 189 178 209 187 166 185 193 189 185 183 191 179 196 181 189 190 171 197 180 179 187 187 187 186 188 187 187 188 178 201 180 195 181 184 194 178 189 184 190 185 186 194 177 189 186 187 187 187 187 187 187 187 187 
187 187 187 187 187 187 187 188 183 194 189 176 170 198 169 193 188 189 185 185 183 194 183 185 189 182 193 175 198 185 188 188 187 186 188 187 187 187 189 172 201 180 190 181 185 191 183 190 185 186 190 184 195 184 192 180 188 187 187 187 187 187 187 187 
187 187 187 187 187 187 187 187 187 183 184 194 195 175 190 186 190 182 190 177 197 173 189 184 179 192 189 180 185 188 186 187 187 188 187 186 187 187 187 180 190 187 191 184 186 179 201 172 186 187 180 184 196 170 191 189 186 187 187 187 187 187 187 187 
187 187 187 187 187 187 187 187 187 188 184 187 192 187 187 186 189 184 180 192 195 179 189 186 193 191 176 193 182 193 181 186 189 185 187 187 188 185 187 185 183 199 175 189 185 185 189 190 183 187 188 186 203 169 195 185 187 187 187 187 187 187 187 187 
187 187 187 187 187 187 187 187 187 187 187 185 183 186 187 186 191 187 178 190 189 183 186 189 187 186 177 197 187 185 176 193 187 187 185 190 182 190 181 202 187 177 187 188 185 186 184 200 177 186 191 193 174 186 189 186 187 187 187 187 187 187 187 187 
187 187 187 187 187 187 187 187 187 187 187 187 187 187 187 186 190 181 183 193 184 188 183 187 190 183 182 182 186 185 191 184 187 187 179 200 171 192 186 180 182 190 186 188 183 193 180 195 173 190 184 173 195 185 188 187 187 187 187 187 187 187 187 187 
187 187 187 187 187 187 187 187 187 187 187 187 187 187 187 187 187 183 191 188 179 194 186 186 191 178 198 198 196 178 192 183 188 188 176 205 174 189 187 188 186 187 188 186 184 188 186 197 183 183 191 181 192 186 187 187 187 187 187 187 187 187 187 187 
187 187 187 187 187 187 187 187 187 187 187 187 187 187 187 187 187 189 185 189 192 181 187 189 181 192 175 174 175 193 182 188 187 189 179 196 182 189 187 186 189 182 190 185 181 192 193 169 188 189 184 193 185 187 187 187 187 187 187 187 187 187 187 187 
187 187 187 187 187 187 187 187 187 187 187 187 187 187 187 187 187 187 185 183 184 187 187 189 187 184 188 190 191 187 184 188 185 189 184 190 184 188 187 182 196 177 188 192 181 176 193 181 187 193 175 189 186 187 187 187 187 187 187 187 187 187 187 187 
187 187 187 187 187 187 187 187 187 187 187 187 187 187 187 187 187 187 187 187 187 187 187 187 189 181 190 181 189 187 187 189 186 187 187 184 191 187 185 181 197 180 183 197 182 183 197 178 190 190 188 185 187 187 187 187 187 187 187 187 187 187 187 187 
187 187 187 187 187 187 187 187 187 187 187 187 187 187 187 187 187 187 187 187 187 187 187 187 185 185 196 183 188 187 186 185 186 185 180 190 187 185 183 184 194 181 187 191 183 189 192 177 191 186 186 187 187 187 187 187 187 187 187 187 187 187 187 187 
187 187 187 187 187 187 187 187 187 187 187 187 187 187 187 187 187 187 187 187 187 187 187 186 186 188 182 184 187 186 191 178 189 188 198 186 186 190 182 186 187 185 187 178 190 185 187 186 191 185 187 187 187 187 187 187 187 187 187 187 187 187 187 187 
187 187 187 187 187 187 187 187 187 187 187 187 187 187 187 187 187 187 187 187 187 187 187 187 187 187 188 187 187 187 187 188 193 184 181 186 187 188 187 178 189 195 185 192 187 187 187 186 185 187 187 187 187 187 187 187 187 187 187 187 187 187 187 187 
187 187 187 187 187 187 187 187 187 187 187 187 187 187 187 187 187 187 187 187 187 187 187 187 187 187 187 187 187 187 187 185 184 187 188 187 187 188 185 196 192 178 190 184 187 187 187 187 187 187 187 187 187 187 187 187 187 187 187 187 187 187 187 187 
187 187 187 187 187 187 187 187 187 187 187 187 187 187 187 187 187 187 187 187 187 187 187 187 187 187 187 187 187 187 187 187 187 187 187 187 187 187 186 182 182 187 186 186 187 187 187 187 187 187 187 187 187 187 187 187 187 187 187 187 187 187 187 187 
187 187 187 187 187 187 187 187 187 187 187 187 187 187 187 187 187 187 187 187 187 187 187 187 187 187 187 187 187 187 187 187 187 187 187 187 187 187 187 187 187 187 187 187 187 187 187 187 187 187 187 187 187 187 187 187 187 187 187 187 187 187 187 187 
187 187 187 187 187 187 187 187 187 187 187 187 187 187 187 187 187 187 187 187 187 187 187 187 187 187 187 187 187 187 187 187 187 187 187 187 187 187 187 187 187 187 187 187 187 187 187 187 187 187 187 187 187 187 187 187 187 187 187 187 187 187 187 187 
187 187 187 187 187 187 187 187 187 187 187 187 187 187 187 187 187 187 187 187 187 187 187 187 187 187 187 187 187 187 187 187 187 187 187 187 187 187 187 187 187 187 187 187 187 187 187 187 187 187 187 187 187 187 187 187 187 187 187 187 187 187 187 187 
187 187 187 187 187 187 187 187 187 187 187 187 187 187 187 187 187 187 187 187 187 187 187 187 187 187 187 187 187 187 187 187 187 187 187 187 187 187 187 187 187 187 187 187 187 187 187 187 187 187 187 187 187 187 187 187 187 187 187 187 187 187 187 187 
187 187 187 187 187 187 187 187 187 187 187 187 187 187 187 187 187 187 187 187 187 187 187 187 187 187 187 187 187 187 187 187 187 187 187 187 187 187 187 187 187 187 187 187 187 187 187 187 187 187 187 187 187 187 187 187 187 187 187 187 187 187 187 187 
187 187 187 187 187 187 187 187 187 187 187 187 187 187 187 187 187 187 187 187 187 187 187 187 187 187 187 187 187 187 187 187 187 187 187 187 187 187 187 187 187 187 187 187 187 187 187 187 187 187 187 187 187 187 187 187 187 187 187 187 187 187 187 187 
187 187 187 187 187 187 187 187 187 187 187 187 187 187 187 187 187 187 187 187 187 187 187 187 187 187 187 187 187 187 187 187 187 187 187 187 187 187 187 187 187 187 187 187 187 187 187 187 187 187 187 187 187 187 187 187 187 187 187 187 187 187 187 187 
187 187 187 187 187 187 187 187 187 187 187 187 187 187 187 187 187 187 187 187 187 187 187 187 187 187 187 187 187 187 187 187 187 187 187 187 187 187 187 187 187 187 187 187 187 187 187 187 187 187 187 187 187 187 187 187 187 187 187 187 187 187 187 187 
187 187 187 187 187 187 187 187 187 187 187 187 187 187 187 187 187 187 187 187 187 187 187 187 187 187 187 187 187 187 187 187 187 187 187 187 187 187 187 187 187 187 187 187 187 187 187 187 187 187 187 187 187 187 187 187 187 187 187 187 187 187 187 187 
187 187 187 187 187 187 187 187 187 187 187 187 187 187 187 187 187 187 187 187 187 187 187 187 187 187 187 187 187 187 187 187 187 187 187 187 187 187 187 187 187 187 187 187 187 187 187 187 187 187 187 187 187 187 187 187 187 187 187 187 187 187 187 187 
187 187 187 187 187 187 187 187 187 187 187 187 187 187 187 187 187 187 187 187 187 187 187 187 187 187 187 187 187 187 187 187 187 187 187 187 187 187 187 187 187 187 187 187 187 187 187 187 187 187 187 187 187 187 187 187 187 187 187 187 187 187 187 187 
187 187 187 187 187 187 187 187 187 187 187 187 187 187 187 187 187 187 187 187 187 187 187 187 187 187 187 187 187 187 187 187 187 187 187 187 187 187 187 187 187 187 187 187 187 187 187 187 187 187 187 187 187 187 187 187 187 187 187 187 187 187 187 187 
