187 187 187 187 187 187 187 187 187 187 187 187 187 187 187 187 187 187 187 187 187 187 187 187 187 187 187 187 187 187 187 187 187 187 187 187 187 187 187 187 187 187 187 187 187 187 187 187 187 187 187 187 187 187 187 187 187 187 187 187 187 187 187 187 
187 187 187 187 187 187 187 187 187 187 187 187 187 187 187 187 187 187 187 187 187 187 187 187 187 187 187 187 187 187 187 187 187 187 187 187 187 187 187 187 187 187 187 187 187 187 187 187 187 187 187 187 187 187 187 187 187 187 187 187 187 187 187 187 
187 187 187 187 187 187 187 187 187 187 187 187 187 187 187 187 187 187 187 187 187 187 187 187 187 187 187 187 187 187 187 187 187 187 187 187 187 187 187 187 187 187 187 187 187 187 187 187 187 187 187 187 187 187 187 187 187 187 187 187 187 187 187 187 
187 187 187 187 187 187 187 187 187 187 187 187 187 187 187 187 187 187 187 187 187 187 187 187 187 187 187 187 187 187 187 187 187 187 187 187 187 187 187 187 187 187 187 187 187 187 187 187 187 187 187 187 187 187 187 187 187 187 187 187 187 187 187 187 
187 187 187 187 187 187 187 187 187 187 187 187 187 187 187 187 187 187 187 187 187 187 187 187 187 187 187 187 187 187 187 187 187 187 187 187 187 187 187 187 187 187 187 187 187 187 187 187 187 187 187 187 187 187 187 187 187 187 187 187 187 187 187 187 
187 187 187 187 187 187 187 187 187 187 187 187 187 187 187 187 187 187 187 187 187 187 187 187 187 187 187 187 187 187 187 187 187 187 187 187 187 187 187 187 187 187 187 187 187 187 187 187 187 187 187 187 187 187 187 187 187 187 187 187 187 187 187 187 
187 187 187 187 187 187 187 187 187 187 187 187 187 187 187 187 187 187 187 187 187 187 187 187 187 187 187 187 187 187 187 187 187 187 187 187 187 187 187 187 187 187 187 187 187 187 187 187 187 187 187 187 187 187 187 187 187 187 187 187 187 187 187 187 
187 187 187 187 187 187 187 187 187 187 187 187 187 187 187 187 187 187 187 187 187 187 187 187 187 187 187 187 187 187 187 187 187 187 187 187 187 187 187 187 187 187 187 187 187 187 187 187 187 187 187 187 187 187 187 187 187 187 187 187 187 187 187 187 
187 187 187 187 187 187 187 187 187 187 187 187 187 187 187 187 187 187 187 187 187 187 187 187 187 187 187 187 187 187 187 187 187 187 187 187 187 187 187 187 187 187 187 187 187 187 187 187 187 187 187 187 187 187 187 187 187 187 187 187 187 187 187 187 
187 187 187 187 187 187 187 187 187 187 187 187 187 187 187 187 187 187 187 187 187 187 187 187 187 187 187 187 187 187 187 187 187 187 187 187 187 187 187 187 187 187 187 187 187 187 187 187 187 187 187 187 187 187 187 187 187 187 187 187 187 187 187 187 
187 187 187 187 187 187 187 187 187 187 187 187 187 187 187 187 187 187 187 187 187 187 187 187 187 187 187 187 187 187 187 187 187 187 187 187 187 187 187 187 187 187 187 187 187 187 187 187 187 187 187 187 187 187 187 187 187 187 187 187 187 187 187 187 
187 187 187 187 187 187 187 187 187 187 187 187 187 187 187 187 187 187 187 187 187 187 187 187 187 187 187 187 187 187 187 187 187 187 187 187 187 187 187 187 187 187 187 187 187 187 187 187 187 187 187 187 187 187 187 187 187 187 187 187 187 187 187 187 
187 187 187 187 187 187 187 187 187 187 187 187 187 187 187 187 187 187 187 187 187 187 187 187 187 187 187 187 187 187 187 187 187 187 187 187 187 187 187 187 187 187 187 187 187 187 187 187 187 187 187 187 187 187 187 187 187 187 187 187 187 187 187 187 
187 187 187 187 187 187 187 187 187 187 187 187 187 187 187 187 187 187 187 187 187 187 187 187 187 187 187 187 187 187 187 187 187 187 187 187 187 187 187 187 187 187 187 187 187 187 187 187 187 187 187 187 187 187 187 187 187 187 187 187 187 187 187 187 
187 187 187 187 187 187 187 187 187 187 187 187 187 187 187 187 187 187 187 187 187 187 187 187 187 187 187 187 187 187 187 187 187 187 187 187 187 187 187 187 187 187 187 187 187 187 187 187 187 187 187 187 187 187 187 187 187 187 187 187 187 187 187 187 
187 187 187 187 187 187 187 187 187 187 187 187 187 187 187 187 187 187 187 187 187 187 187 187 187 187 187 187 187 187 187 187 187 187 187 187 187 187 187 187 187 187 187 187 187 187 187 187 187 187 187 187 187 187 187 187 187 187 187 187 187 187 187 187 
187 187 187 187 187 187 187 187 187 187 187 187 187 187 187 187 187 187 187 187 187 187 187 187 187 187 187 187 187 187 187 187 187 187 187 187 187 187 187 187 187 187 187 187 187 187 187 187 187 187 187 187 187 187 187 187 187 187 187 187 187 187 187 187 
187 187 187 187 187 187 187 187 187 187 187 187 187 187 187 187 187 187 187 187 187 187 187 187 187 187 187 187 187 187 187 187 187 187 187 187 187 187 187 187 187 187 187 187 187 187 187 187 187 187 187 187 187 187 187 187 187 187 187 187 187 187 187 187 
187 187 187 187 187 187 187 187 187 187 187 187 187 187 187 187 187 187 187 187 187 187 187 187 187 187 187 187 187 187 187 187 187 187 187 187 187 187 187 187 187 187 187 187 187 187 187 187 187 187 187 187 187 187 187 187 187 187 187 187 187 187 187 187 
187 187 187 187 187 187 187 187 187 187 187 187 187 187 187 187 187 187 187 187 187 187 187 187 187 187 187 187 187 187 187 187 187 187 187 187 187 187 187 187 187 187 187 187 187 187 187 187 187 187 187 187 187 187 187 187 187 187 187 187 187 187 187 187 
187 187 187 187 187 187 187 187 187 187 187 187 187 187 187 187 187 187 187 187 187 187 187 187 187 187 187 187 187 187 187 187 187 187 187 187 187 187 187 187 187 187 187 187 187 187 187 187 187 187 187 187 187 187 187 187 187 187 187 187 187 187 187 187 
187 187 187 187 187 187 187 187 187 187 187 187 187 187 187 187 187 187 187 187 187 187 187 187 187 187 187 187 187 187 187 187 187 187 187 187 187 187 187 187 187 187 187 187 187 187 187 187 187 187 187 187 187 187 187 187 187 187 187 187 187 187 187 187 
187 187 185 192 198 163 195 188 187 187 187 187 190 196 199 173 180 176 176 176 194 189 187 187 187 187 187 187 187 187 192 174 193 187 187 187 187 190 178 186 188 187 187 187 187 187 187 187 189 195 193 193 195 188 187 187 187 187 187 189 197 181 187 187 
187 185 189 196 156 180 193 187 187 187 191 199 182 162 167 158 193 183 182 180 155 198 188 187 187 187 187 187 187 187 198 157 198 187 187 187 187 189 187 175 191 187 187 187 187 187 187 187 187 187 189 189 187 187 187 187 187 187 187 194 205 174 187 187 
187 188 194 162 197 195 187 187 187 195 186 151 175 196 202 197 158 201 190 194 187 162 198 187 187 187 187 187 187 188 201 156 197 187 187 187 188 198 189 169 191 187 187 187 187 187 187 187 187 187 187 187 187 187 187 187 187 187 195 168 155 182 188 187 
187 187 189 186 163 201 193 191 200 175 162 199 192 188 187 194 176 178 191 187 196 169 174 199 190 189 189 189 193 201 165 182 190 187 187 189 198 159 160 197 191 196 198 197 192 188 187 187 187 187 187 187 187 187 187 187 187 189 182 174 209 193 187 187 
187 187 187 195 182 152 170 182 153 175 198 188 187 187 187 187 200 155 196 187 187 197 174 158 183 181 181 182 170 152 181 195 187 187 187 197 154 192 197 192 191 154 159 156 170 194 191 187 187 187 187 187 187 187 187 187 187 187 196 160 167 183 185 187 
187 187 187 187 191 199 188 182 197 193 187 187 187 187 187 187 199 158 198 187 187 187 194 192 181 181 181 181 188 199 191 187 187 187 189 183 175 194 188 200 151 203 200 199 193 154 195 187 187 187 187 187 187 187 187 187 187 187 188 197 187 182 186 187 
187 187 187 187 187 187 188 189 187 187 187 187 187 187 187 187 199 158 198 187 187 187 187 194 199 198 197 196 192 188 187 187 187 187 189 182 183 198 201 175 177 192 187 191 203 154 197 187 187 187 187 187 187 187 187 187 187 187 187 187 188 189 188 187 
187 187 187 187 187 187 187 187 187 187 187 187 187 187 187 187 200 155 196 187 187 188 198 169 155 162 164 164 179 196 189 187 187 187 187 196 149 167 154 170 197 187 190 191 150 191 190 187 187 187 187 187 187 187 187 187 187 187 187 187 187 187 187 187 
187 191 196 198 198 197 193 188 187 187 187 187 187 187 188 198 176 177 191 187 188 199 164 179 203 196 196 196 181 155 197 187 187 187 187 190 197 196 197 194 187 188 199 150 201 191 187 187 187 187 187 187 187 187 187 187 187 187 187 187 187 187 187 187 
186 175 157 158 158 155 169 195 193 187 187 187 187 193 198 160 166 197 187 187 198 164 179 195 187 187 187 188 193 187 169 191 187 187 187 187 187 187 187 187 187 198 158 191 191 187 187 187 187 187 187 187 187 187 187 187 187 187 187 187 187 187 191 188 
186 191 198 199 199 200 190 155 175 197 187 187 196 176 153 192 196 187 187 194 169 179 195 187 187 187 187 187 187 197 165 194 187 187 187 187 187 187 187 187 193 181 169 195 187 187 187 187 187 187 187 187 187 193 196 191 187 187 187 187 188 198 180 183 
187 187 187 187 187 187 189 199 170 175 193 192 181 165 201 190 187 187 187 199 154 200 187 187 187 187 187 187 187 196 162 196 187 187 187 187 187 187 187 193 193 154 199 187 187 187 187 187 187 187 187 187 198 170 153 181 198 188 187 188 199 165 180 188 
187 187 187 187 187 187 187 187 201 155 197 199 151 201 187 187 187 187 190 183 176 191 189 195 196 190 187 187 187 199 155 200 187 187 187 187 187 187 195 182 154 198 189 187 187 187 187 187 187 187 187 195 169 179 205 170 159 197 198 202 164 178 193 187 
187 187 187 187 187 187 187 188 202 158 197 184 175 192 187 187 187 187 198 155 198 192 192 154 159 182 196 187 187 194 162 194 189 187 187 187 187 193 182 165 199 189 187 187 187 187 187 187 187 187 193 192 158 198 188 195 191 157 160 154 179 195 187 187 
187 187 187 187 187 187 187 198 164 179 196 181 183 190 187 187 187 188 194 160 196 197 153 203 201 165 175 192 187 188 194 154 200 188 187 188 195 193 154 199 188 187 187 187 187 187 187 187 187 195 182 154 198 188 187 187 189 197 199 206 202 190 187 187 
187 187 187 187 187 187 197 174 174 196 189 188 170 192 187 187 187 194 167 189 191 184 177 192 188 203 156 197 187 187 193 179 162 200 201 194 167 155 198 189 188 188 187 187 187 187 187 187 195 179 164 199 189 187 187 187 187 195 186 155 156 190 190 187 
187 190 192 194 197 201 169 165 198 187 187 198 156 199 187 187 188 198 153 199 189 184 176 192 187 200 158 198 187 187 187 195 186 155 157 163 189 198 189 195 183 188 198 189 187 187 187 193 179 164 199 188 187 187 187 187 192 181 162 202 200 166 183 187 
187 184 175 165 159 154 181 197 187 187 187 196 160 192 192 187 196 167 186 190 187 198 153 203 193 199 157 195 187 187 187 187 190 196 197 194 189 187 190 182 168 169 156 198 191 187 189 195 154 200 188 187 187 187 187 187 198 153 201 188 188 195 186 187 
187 187 191 195 197 198 191 187 187 187 187 188 198 154 193 202 193 158 198 187 187 193 180 153 183 155 191 189 187 187 187 187 187 187 187 187 187 187 195 162 198 196 193 151 192 201 202 153 194 189 187 187 187 187 187 189 184 176 192 187 187 187 188 187 
187 187 187 187 187 187 187 187 187 187 187 187 189 198 157 155 158 197 188 187 187 187 193 197 181 193 191 187 187 187 187 187 187 187 187 187 187 187 199 156 200 187 190 198 159 158 154 191 192 187 187 187 187 187 187 189 181 182 189 187 187 187 187 187 
187 187 189 191 188 187 187 187 187 187 187 187 187 189 201 203 202 190 187 187 187 187 187 187 189 188 187 187 187 188 189 188 187 187 187 187 187 187 198 159 196 187 187 188 195 198 196 190 189 195 198 198 195 189 187 189 184 175 192 187 187 187 187 187 
187 187 185 183 194 199 192 187 187 187 187 187 191 198 169 165 165 193 200 196 189 187 187 187 187 187 187 187 196 193 181 187 196 187 187 187 187 189 189 169 192 187 187 187 187 187 187 191 191 157 158 158 158 186 197 188 199 151 200 187 187 187 187 187 
187 187 187 186 167 153 177 200 196 191 191 199 187 151 187 198 194 163 156 158 186 198 188 187 187 187 187 196 168 160 184 162 175 197 188 187 188 200 160 194 188 187 187 187 187 187 188 194 155 199 200 200 198 168 167 196 192 181 170 193 187 187 187 187 
187 187 187 187 192 200 177 153 162 175 176 158 163 199 191 187 189 194 199 198 168 156 198 187 187 187 188 193 160 201 190 199 165 166 194 197 197 168 167 196 187 187 187 187 187 187 192 168 190 190 187 187 188 200 160 194 188 200 157 194 187 187 187 187 
187 187 187 187 187 187 192 198 197 184 184 197 195 188 187 187 187 187 187 188 196 181 177 190 187 187 189 181 183 190 187 188 196 188 165 164 163 185 197 187 187 187 187 187 187 187 193 165 199 187 187 187 187 189 190 169 192 191 183 182 187 187 187 187 
187 187 187 187 187 187 187 187 187 189 189 187 187 187 187 187 187 187 187 187 189 191 169 191 187 188 191 188 175 191 187 187 187 189 192 194 193 189 187 187 191 197 197 193 187 187 191 169 187 190 187 187 187 188 197 164 193 187 192 184 187 187 187 187 
187 187 187 187 187 187 187 187 187 187 187 187 187 187 187 187 187 187 187 187 195 164 194 194 198 188 183 169 172 191 187 187 187 187 187 187 187 187 187 194 181 155 157 170 196 187 187 198 154 198 187 187 187 189 182 179 190 187 187 187 187 187 187 187 
187 187 187 187 187 187 187 187 187 187 187 187 187 187 187 187 187 187 187 188 198 154 205 180 154 170 182 187 196 187 187 187 187 187 187 187 187 187 188 193 158 203 203 168 186 189 187 195 163 193 188 187 187 192 165 193 188 187 187 187 187 187 187 187 
187 187 187 187 187 187 188 192 190 187 187 187 187 187 187 187 187 187 187 195 168 188 196 157 202 192 189 188 187 187 190 196 198 198 196 191 187 187 195 159 195 189 188 197 162 196 187 189 189 169 192 187 187 194 164 196 187 187 187 187 187 187 187 187 
187 187 187 187 187 187 186 182 192 189 187 188 194 196 191 187 187 187 189 195 155 206 160 195 189 187 187 187 187 188 193 154 158 157 158 177 196 187 197 156 201 187 187 198 154 199 188 188 198 164 193 187 187 193 167 193 188 187 187 187 187 187 187 187 
187 187 187 187 187 187 187 187 182 193 193 194 163 154 181 192 187 189 198 153 194 201 155 199 187 187 187 187 187 197 159 198 199 200 199 176 171 191 197 155 200 187 187 190 187 164 199 198 173 181 190 187 187 189 190 180 187 187 187 187 187 187 187 187 
187 187 187 187 187 187 187 187 185 191 183 160 195 211 156 197 187 198 155 193 193 193 165 194 187 187 187 187 189 194 159 197 187 187 188 199 164 193 191 178 177 191 187 187 196 166 169 168 165 197 187 187 187 187 188 187 187 187 187 187 187 187 187 187 
187 187 187 187 187 187 187 187 187 187 179 192 203 194 159 195 188 188 168 195 192 169 189 189 187 187 187 187 199 157 193 188 187 187 187 197 164 193 187 198 162 195 187 187 187 196 187 187 196 187 187 187 187 187 187 187 187 187 187 187 187 187 187 187 
187 187 187 187 187 187 187 187 187 187 187 179 175 160 197 188 189 181 183 189 193 165 198 187 187 187 187 196 169 179 194 187 187 187 189 184 174 191 187 200 156 198 187 187 187 191 198 199 194 189 187 187 187 187 187 187 187 187 187 187 187 187 187 187 
187 187 187 187 187 187 187 187 187 187 187 187 188 192 189 187 192 184 181 189 192 165 194 189 187 187 192 182 165 197 187 187 187 187 189 181 182 189 187 200 156 198 187 187 194 181 155 157 164 190 193 189 187 187 187 187 187 187 187 187 187 187 187 187 
187 187 187 187 187 187 187 187 187 187 187 187 187 188 191 195 188 155 193 188 188 194 155 202 189 189 198 152 200 187 187 187 187 187 189 182 181 189 187 196 162 196 187 189 191 158 203 200 191 178 183 186 187 187 187 187 187 187 187 187 187 187 187 187 
187 187 187 187 187 187 187 187 187 187 187 187 187 187 185 179 178 191 191 187 187 193 180 155 195 199 155 192 190 187 187 187 187 187 192 169 188 188 188 194 165 192 187 198 155 198 188 187 187 187 187 187 187 187 187 187 187 187 187 187 187 187 187 187 
187 187 187 187 187 187 187 187 187 187 187 187 187 187 187 187 187 187 187 187 187 187 193 194 165 163 191 191 187 187 187 187 187 187 193 164 197 187 196 167 188 189 188 195 164 193 187 187 187 187 187 187 187 187 187 187 187 187 187 187 187 187 187 187 
187 187 187 187 187 187 187 187 187 187 187 187 187 187 187 187 187 187 187 187 187 187 187 188 192 193 189 187 187 187 187 187 187 187 196 165 196 192 191 158 197 187 191 179 187 187 187 187 187 187 187 187 187 187 187 187 187 187 187 187 187 187 187 187 
187 187 187 187 187 187 187 187 187 187 187 187 187 187 187 187 187 187 187 187 187 187 187 187 187 187 187 187 187 190 197 196 197 197 197 153 198 196 160 194 188 187 188 185 187 187 187 187 187 187 187 187 187 187 187 187 187 187 187 187 187 187 187 187 
187 187 187 187 187 187 187 187 187 187 187 187 187 187 187 187 187 187 187 187 187 187 187 187 187 187 187 187 189 190 170 168 168 169 171 189 192 181 187 187 187 187 187 187 187 187 187 187 187 187 187 187 187 187 187 187 187 187 187 187 187 187 187 187 
187 187 187 187 187 187 187 187 187 187 187 187 187 187 187 187 187 187 187 187 187 187 187 187 187 187 187 187 188 184 188 189 188 188 188 187 187 186 187 187 187 187 187 187 187 187 187 187 187 187 187 187 187 187 187 187 187 187 187 187 187 187 187 187 
