187 187 187 187 187 187 187 187 187 187 187 187 187 187 187 187 187 187 187 187 187 187 187 187 187 187 186 186 185 187 186 185 185 185 185 188 187 186 187 187 187 187 187 187 187 187 187 187 187 187 187 187 187 187 187 187 187 187 187 187 187 187 187 187 
187 187 187 187 187 187 187 187 187 187 187 187 187 187 187 187 187 187 187 187 187 187 187 186 191 184 197 186 188 182 183 187 187 187 180 190 180 189 187 188 187 186 187 187 187 187 187 187 187 187 187 187 187 187 187 187 187 187 187 187 187 187 187 187 
187 187 187 187 187 187 187 187 187 187 187 187 187 187 187 187 187 187 187 187 186 183 188 186 188 180 195 184 188 194 192 182 195 178 187 188 171 203 170 186 191 188 188 188 186 187 187 187 187 187 187 187 187 187 187 187 187 187 187 187 187 187 187 187 
187 187 187 187 187 187 187 187 187 187 187 187 187 187 187 187 187 187 189 184 194 190 184 179 193 172 187 182 173 185 189 174 174 193 196 178 207 182 193 190 180 185 183 189 187 187 187 187 187 187 187 187 187 187 187 187 187 187 187 187 187 187 187 187 
187 187 187 187 187 187 187 187 187 187 187 187 187 187 187 186 188 187 179 178 187 178 201 187 197 179 183 181 188 192 179 183 194 189 183 190 177 176 176 183 180 179 201 185 187 193 185 189 187 187 187 187 187 187 187 187 187 187 187 187 187 187 187 187 
187 187 187 187 187 187 187 187 187 187 187 187 187 187 188 189 187 171 199 172 196 169 186 183 175 191 192 202 176 173 196 190 187 177 194 179 191 191 191 200 183 191 166 191 190 193 183 184 187 186 187 187 187 187 187 187 187 187 187 187 187 187 187 187 
187 187 187 187 187 187 187 187 187 187 187 187 187 187 189 164 185 195 176 186 186 189 195 170 199 187 179 176 203 200 154 193 185 179 190 184 187 171 173 197 185 192 191 192 170 196 176 179 188 190 186 187 187 187 187 187 187 187 187 187 187 187 187 187 
187 187 187 187 187 187 187 187 187 187 187 187 187 195 178 211 183 182 187 192 179 177 190 185 187 182 174 173 184 171 187 193 182 183 197 163 189 180 203 166 188 197 161 189 187 183 188 174 198 185 178 191 186 187 187 187 187 187 187 187 187 187 187 187 
187 187 187 187 187 187 187 187 187 187 186 189 174 187 192 157 177 188 152 201 191 184 190 194 204 185 192 176 197 194 197 185 187 190 187 175 198 195 171 179 189 190 176 180 190 177 178 193 178 192 189 173 186 186 187 187 187 187 187 187 187 187 187 187 
187 187 187 187 187 187 187 187 187 187 189 192 200 155 189 193 198 202 196 185 186 188 182 163 187 176 182 192 192 190 172 175 192 172 202 193 168 199 183 194 196 173 187 185 194 199 184 194 176 192 174 197 186 190 186 187 187 187 187 187 187 187 187 187 
187 187 187 187 187 187 187 187 186 182 201 188 188 169 186 201 173 194 153 192 176 196 192 190 176 187 197 180 193 180 185 185 179 196 169 198 187 186 184 180 194 183 172 204 172 204 144 206 186 194 184 181 187 193 188 186 187 187 187 187 187 187 187 187 
187 187 187 187 187 187 187 187 189 188 190 162 181 199 183 171 180 186 191 187 184 185 188 188 191 180 185 187 184 172 192 186 207 173 180 196 172 193 192 168 188 193 199 154 187 173 182 193 181 181 180 186 189 183 178 193 187 187 187 187 187 187 187 187 
187 187 187 187 187 187 187 184 184 179 197 180 191 192 202 170 200 199 167 200 183 184 178 193 180 189 194 197 185 195 167 188 190 186 177 188 180 181 197 174 189 187 188 182 201 183 195 205 175 173 198 168 199 181 193 184 185 187 187 187 187 187 187 187 
187 187 187 187 187 187 185 190 191 194 188 176 193 172 180 192 184 193 188 182 168 198 176 185 165 175 188 168 179 180 211 183 173 201 176 173 195 179 181 184 186 194 174 188 186 167 188 162 210 159 201 175 179 189 174 199 189 184 187 187 187 187 187 187 
187 187 187 187 187 187 188 183 193 184 185 176 195 176 171 191 167 197 177 176 197 176 190 208 205 185 191 189 180 178 189 177 176 186 183 196 184 193 185 182 180 189 186 196 174 193 173 187 178 182 214 173 194 192 198 177 200 183 188 187 187 187 187 187 
187 187 187 187 187 187 175 188 187 174 191 197 184 180 200 205 179 177 182 186 183 203 175 177 183 178 194 202 187 185 196 191 202 182 198 179 186 187 192 195 193 159 194 199 192 190 174 202 188 176 184 192 169 168 172 180 171 185 186 187 187 187 187 187 
187 187 187 187 186 188 194 168 193 168 197 174 194 170 192 172 171 191 183 192 178 177 184 191 186 179 184 170 191 183 166 197 176 189 182 190 184 190 183 189 188 187 167 185 185 181 193 191 192 170 173 196 198 184 190 200 187 185 184 187 187 187 187 187 
187 187 187 186 182 197 172 187 208 169 182 180 184 179 201 183 184 193 195 184 177 185 198 191 179 194 171 202 174 202 183 187 176 194 190 188 170 173 193 166 183 196 199 172 186 155 202 162 186 196 177 188 194 192 169 198 180 184 191 190 187 187 187 187 
187 187 187 187 192 184 196 192 173 191 190 190 194 177 202 183 185 189 170 189 201 170 188 185 196 186 180 198 174 183 175 179 195 172 174 183 189 189 213 185 185 188 184 185 193 192 203 193 193 186 185 194 178 192 203 168 186 189 171 193 186 187 187 187 
187 187 187 190 184 185 156 188 181 172 205 182 170 186 189 180 181 187 184 198 189 189 183 179 181 189 181 190 180 185 192 181 195 187 209 189 181 191 169 174 186 199 178 188 185 177 185 181 188 190 179 182 187 175 165 189 199 185 194 194 188 186 187 187 
187 187 186 189 178 191 193 210 182 193 187 181 196 197 164 182 196 187 182 188 174 185 180 200 180 178 186 199 175 182 206 180 182 177 183 175 199 182 186 202 178 157 185 187 185 192 200 164 173 199 186 184 187 188 188 211 172 174 173 171 181 186 187 187 
187 187 188 191 179 181 160 178 194 172 199 175 210 169 193 200 183 188 181 188 193 185 181 178 190 192 178 175 186 197 177 180 189 180 192 181 192 182 189 184 190 194 206 191 179 183 165 192 183 174 174 194 169 190 176 176 195 185 195 202 195 187 187 187 
187 186 181 183 182 206 181 192 194 173 186 165 175 166 206 168 183 188 192 172 178 182 202 190 192 178 203 195 181 190 176 189 175 194 189 192 179 193 183 185 181 186 172 179 203 192 185 202 195 173 216 172 200 184 191 175 185 184 188 172 196 184 187 187 
187 187 194 187 173 194 187 187 197 167 195 188 191 189 185 188 187 179 187 181 205 165 199 174 179 184 185 168 183 193 195 184 187 198 172 187 187 172 185 181 196 157 184 197 173 195 152 189 190 182 182 183 190 182 186 195 180 194 185 202 174 191 187 187 
187 190 169 184 199 190 180 176 177 191 209 169 187 193 182 186 160 200 204 183 174 188 184 182 177 181 179 203 184 200 177 181 172 189 187 189 198 187 198 179 186 204 194 177 194 178 189 194 185 188 200 187 169 183 189 183 165 199 176 164 189 196 185 187 
187 183 177 192 179 174 190 184 194 169 180 184 182 180 178 194 196 184 169 181 209 183 188 186 180 196 194 179 182 169 194 183 191 171 186 174 188 181 166 191 190 179 168 187 204 175 191 173 187 160 182 187 178 197 190 184 187 190 189 174 186 187 186 187 
186 183 192 204 193 180 197 193 183 192 199 186 189 200 175 202 183 195 191 177 196 161 193 189 202 186 188 177 187 192 173 181 200 185 185 177 177 196 190 192 181 186 191 181 174 184 194 184 193 180 188 184 193 192 172 193 175 188 202 188 179 190 185 187 
187 191 185 179 184 179 181 180 173 187 186 185 176 196 181 179 174 164 181 196 188 180 196 188 178 165 184 197 188 199 171 193 182 190 197 187 205 176 193 186 191 182 197 170 202 190 187 179 205 182 173 185 195 196 165 193 185 177 171 205 181 186 185 186 
187 185 187 193 188 191 179 195 182 185 178 192 186 186 177 191 180 195 201 185 183 181 181 184 194 191 189 182 188 187 187 195 184 178 176 189 185 180 184 182 184 182 187 187 188 177 174 179 189 185 187 183 185 186 196 191 194 189 194 176 190 195 185 186 
187 187 187 187 187 187 187 187 187 187 187 187 187 187 187 187 187 187 187 187 187 187 187 187 187 187 187 187 187 187 187 187 187 187 187 187 187 187 187 187 187 187 187 187 187 187 187 187 187 187 187 187 187 187 187 187 187 187 187 187 187 187 187 187 
187 187 187 187 187 187 187 187 187 187 187 187 187 187 187 187 187 187 187 187 187 187 187 187 187 187 187 187 187 187 187 187 187 187 187 187 187 187 187 187 187 187 187 187 187 187 187 187 187 187 187 187 187 187 187 187 187 187 187 187 187 187 187 187 
187 187 187 187 187 187 187 187 187 187 187 187 187 187 187 187 187 187 187 187 187 187 187 187 187 187 187 187 187 187 187 187 187 187 187 187 187 187 187 187 187 187 187 187 187 187 187 187 187 187 187 187 187 187 187 187 187 187 187 187 187 187 187 187 
187 187 187 187 187 187 187 187 187 187 187 187 187 187 187 187 187 187 187 187 187 187 187 187 187 187 187 187 187 187 187 187 187 187 187 187 187 187 187 187 187 187 187 187 187 187 187 187 187 187 187 187 187 187 187 187 187 187 187 187 187 187 187 187 
187 187 187 187 187 187 187 187 187 187 187 187 187 187 187 187 187 187 187 187 187 187 187 187 187 187 187 187 187 187 187 187 187 187 187 187 187 187 187 187 187 187 187 187 187 187 187 187 187 187 187 187 187 187 187 187 187 187 187 187 187 187 187 187 
187 187 187 187 187 187 187 187 187 187 187 187 187 187 187 187 187 187 187 187 187 187 187 187 187 187 187 187 187 187 187 187 187 187 187 187 187 187 187 187 187 187 187 187 187 187 187 187 187 187 187 187 187 187 187 187 187 187 187 187 187 187 187 187 
187 187 187 187 187 187 187 187 187 187 187 187 187 187 187 187 187 187 187 187 187 187 187 187 187 187 187 187 187 187 187 187 187 187 187 187 187 187 187 187 187 187 187 187 187 187 187 187 187 187 187 187 187 187 187 187 187 187 187 187 187 187 187 187 
187 187 187 187 187 187 187 187 187 187 187 187 187 187 187 187 187 187 187 187 187 187 187 187 187 187 187 187 187 187 187 187 187 187 187 187 187 187 187 187 187 187 187 187 187 187 187 187 187 187 187 187 187 187 187 187 187 187 187 187 187 187 187 187 
187 187 187 187 187 187 187 187 187 187 187 187 187 187 187 187 187 187 187 187 187 187 187 187 187 187 187 187 187 187 187 187 187 187 187 187 187 187 187 187 187 187 187 187 187 187 187 187 187 187 187 187 187 187 187 187 187 187 187 187 187 187 187 187 
187 187 187 187 187 187 187 187 187 187 187 187 187 187 187 187 187 187 187 187 187 187 187 187 187 187 187 187 187 187 187 187 187 187 187 187 187 187 187 187 187 187 187 187 187 187 187 187 187 187 187 187 187 187 187 187 187 187 187 187 187 187 187 187 
187 187 187 187 187 187 187 187 187 187 187 187 187 187 187 187 187 187 187 187 187 187 187 187 187 187 187 187 187 187 187 187 187 187 187 187 187 187 187 187 187 187 187 187 187 187 187 187 187 187 187 187 187 187 187 187 187 187 187 187 187 187 187 187 
187 187 187 187 187 187 187 187 187 187 187 187 187 187 187 187 187 187 187 187 187 187 187 187 187 187 187 187 187 187 187 187 187 187 187 187 187 187 187 187 187 187 187 187 187 187 187 187 187 187 187 187 187 187 187 187 187 187 187 187 187 187 187 187 
187 187 187 187 187 187 187 187 187 187 187 187 187 187 187 187 187 187 187 187 187 187 187 187 187 187 187 187 187 187 187 187 187 187 187 187 187 187 187 187 187 187 187 187 187 187 187 187 187 187 187 187 187 187 187 187 187 187 187 187 187 187 187 187 
187 187 187 187 187 187 187 187 187 187 187 187 187 187 187 187 187 187 187 187 187 187 187 187 187 187 187 187 187 187 187 187 187 187 187 187 187 187 187 187 187 187 187 187 187 187 187 187 187 187 187 187 187 187 187 187 187 187 187 187 187 187 187 187 
187 187 187 187 187 187 187 187 187 187 187 187 187 187 187 187 187 187 187 187 187 187 187 187 187 187 187 187 187 187 187 187 187 187 187 187 187 187 187 187 187 187 187 187 187 187 187 187 187 187 187 187 187 187 187 187 187 187 187 187 187 187 187 187 
187 187 187 187 187 187 187 187 187 187 187 187 187 187 187 187 187 187 187 187 187 187 187 187 187 187 187 187 187 187 187 187 187 187 187 187 187 187 187 187 187 187 187 187 187 187 187 187 187 187 187 187 187 187 187 187 187 187 187 187 187 187 187 187 
187 187 187 187 187 187 187 187 187 187 187 187 187 187 187 187 187 187 187 187 187 187 187 187 187 187 187 187 187 187 187 187 187 187 187 187 187 187 187 187 187 187 187 187 187 187 187 187 187 187 187 187 187 187 187 187 187 187 187 187 187 187 187 187 
187 187 187 187 187 187 187 187 187 187 187 187 187 187 187 187 187 187 187 187 187 187 187 187 187 187 187 187 187 187 187 187 187 187 187 187 187 187 187 187 187 187 187 187 187 187 187 187 187 187 187 187 187 187 187 187 187 187 187 187 187 187 187 187 
187 187 187 187 187 187 187 187 187 187 187 187 187 187 187 187 187 187 187 187 187 187 187 187 187 187 187 187 187 187 187 187 187 187 187 187 187 187 187 187 187 187 187 187 187 187 187 187 187 187 187 187 187 187 187 187 187 187 187 187 187 187 187 187 
187 187 187 187 187 187 187 187 187 187 187 187 187 187 187 187 187 187 187 187 187 187 187 187 187 187 187 187 187 187 187 187 187 187 187 187 187 187 187 187 187 187 187 187 187 187 187 187 187 187 187 187 187 187 187 187 187 187 187 187 187 187 187 187 
187 187 187 187 187 187 187 187 187 187 187 187 187 187 187 187 187 187 187 187 187 187 187 187 187 187 187 187 187 187 187 187 187 187 187 187 187 187 187 187 187 187 187 187 187 187 187 187 187 187 187 187 187 187 187 187 187 187 187 187 187 187 187 187 
187 187 187 187 187 187 187 187 187 187 187 187 187 187 187 187 187 187 187 187 187 187 187 187 187 187 187 187 187 187 187 187 187 187 187 187 187 187 187 187 187 187 187 187 187 187 187 187 187 187 187 187 187 187 187 187 187 187 187 187 187 187 187 187 
187 187 187 187 187 187 187 187 187 187 187 187 187 187 187 187 187 187 187 187 187 187 187 187 187 187 187 187 187 187 187 187 187 187 187 187 187 187 187 187 187 187 187 187 187 187 187 187 187 187 187 187 187 187 187 187 187 187 187 187 187 187 187 187 
187 187 187 187 187 187 187 187 187 187 187 187 187 187 187 187 187 187 187 187 187 187 187 187 187 187 187 187 187 187 187 187 187 187 187 187 187 187 187 187 187 187 187 187 187 187 187 187 187 187 187 187 187 187 187 187 187 187 187 187 187 187 187 187 
187 187 187 187 187 187 187 187 187 187 187 187 187 187 187 187 187 187 187 187 187 187 187 187 187 187 187 187 187 187 187 187 187 187 187 187 187 187 187 187 187 187 187 187 187 187 187 187 187 187 187 187 187 187 187 187 187 187 187 187 187 187 187 187 
187 187 187 187 187 187 187 187 187 187 187 187 187 187 187 187 187 187 187 187 187 187 187 187 187 187 187 187 187 187 187 187 187 187 187 187 187 187 187 187 187 187 187 187 187 187 187 187 187 187 187 187 187 187 187 187 187 187 187 187 187 187 187 187 
187 187 187 187 187 187 187 187 187 187 187 187 187 187 187 187 187 187 187 187 187 187 187 187 187 187 187 187 187 187 187 187 187 187 187 187 187 187 187 187 187 187 187 187 187 187 187 187 187 187 187 187 187 187 187 187 187 187 187 187 187 187 187 187 
187 187 187 187 187 187 187 187 187 187 187 187 187 187 187 187 187 187 187 187 187 187 187 187 187 187 187 187 187 187 187 187 187 187 187 187 187 187 187 187 187 187 187 187 187 187 187 187 187 187 187 187 187 187 187 187 187 187 187 187 187 187 187 187 
187 187 187 187 187 187 187 187 187 187 187 187 187 187 187 187 187 187 187 187 187 187 187 187 187 187 187 187 187 187 187 187 187 187 187 187 187 187 187 187 187 187 187 187 187 187 187 187 187 187 187 187 187 187 187 187 187 187 187 187 187 187 187 187 
187 187 187 187 187 187 187 187 187 187 187 187 187 187 187 187 187 187 187 187 187 187 187 187 187 187 187 187 187 187 187 187 187 187 187 187 187 187 187 187 187 187 187 187 187 187 187 187 187 187 187 187 187 187 187 187 187 187 187 187 187 187 187 187 
187 187 187 187 187 187 187 187 187 187 187 187 187 187 187 187 187 187 187 187 187 187 187 187 187 187 187 187 187 187 187 187 187 187 187 187 187 187 187 187 187 187 187 187 187 187 187 187 187 187 187 187 187 187 187 187 187 187 187 187 187 187 187 187 
187 187 187 187 187 187 187 187 187 187 187 187 187 187 187 187 187 187 187 187 187 187 187 187 187 187 187 187 187 187 187 187 187 187 187 187 187 187 187 187 187 187 187 187 187 187 187 187 187 187 187 187 187 187 187 187 187 187 187 187 187 187 187 187 
187 187 187 187 187 187 187 187 187 187 187 187 187 187 187 187 187 187 187 187 187 187 187 187 187 187 187 187 187 187 187 187 187 187 187 187 187 187 187 187 187 187 187 187 187 187 187 187 187 187 187 187 187 187 187 187 187 187 187 187 187 187 187 187 
187 187 187 187 187 187 187 187 187 187 187 187 187 187 187 187 187 187 187 187 187 187 187 187 187 187 187 187 187 187 187 187 187 187 187 187 187 187 187 187 187 187 187 187 187 187 187 187 187 187 187 187 187 187 187 187 187 187 187 187 187 187 187 187 
187 187 187 187 187 187 187 187 187 187 187 187 187 187 187 187 187 187 187 187 187 187 187 187 187 187 187 187 187 187 187 187 187 187 187 187 187 187 187 187 187 187 187 187 187 187 187 187 187 187 187 187 187 187 187 187 187 187 187 187 187 187 187 187 
