187 187 187 187 187 187 187 187 187 187 187 187 187 187 187 187 187 187 187 187 187 187 187 187 187 187 187 187 187 187 187 187 187 187 187 187 187 187 187 187 187 187 187 187 187 187 187 187 187 187 187 187 187 187 187 187 187 187 187 187 187 187 187 187 
187 187 187 187 187 187 187 187 187 187 187 187 187 187 187 187 187 187 187 187 187 187 187 187 186 187 187 185 187 184 187 185 185 187 184 187 185 186 187 186 187 187 187 187 187 187 187 187 187 187 187 187 187 187 187 187 187 187 187 187 187 187 187 187 
187 187 187 187 187 187 187 187 187 187 187 187 187 187 187 187 187 187 187 187 186 187 186 188 186 188 188 186 191 185 190 188 187 190 185 190 186 188 188 186 188 186 187 186 187 187 187 187 187 187 187 187 187 187 187 187 187 187 187 187 187 187 187 187 
187 187 187 187 187 187 187 187 187 187 187 187 187 187 187 187 187 187 187 187 187 189 185 190 185 188 187 185 190 184 189 186 186 189 184 189 185 187 188 185 190 185 189 187 187 187 187 187 187 187 187 187 187 187 187 187 187 187 187 187 187 187 187 187 
187 187 187 187 187 187 187 187 187 187 187 187 187 187 187 187 187 185 187 184 185 187 182 188 183 186 186 183 188 182 187 184 184 187 182 188 184 185 186 183 188 182 186 185 184 187 185 187 187 187 187 187 187 187 187 187 187 187 187 187 187 187 187 187 
187 187 187 187 187 187 187 187 187 187 187 187 187 187 187 187 190 187 191 188 189 191 187 192 187 190 190 187 192 187 191 189 188 191 186 192 188 189 190 187 192 187 191 189 188 192 187 190 187 187 187 187 187 187 187 187 187 187 187 187 187 187 187 187 
187 187 187 187 187 187 187 187 187 187 187 187 187 186 186 183 187 181 186 182 183 185 181 187 182 185 185 182 187 181 186 183 183 186 181 186 182 184 185 181 187 181 185 184 182 186 181 186 184 186 186 187 187 187 187 187 187 187 187 187 187 187 187 187 
187 187 187 187 187 187 187 187 187 187 187 187 187 188 189 187 192 186 191 188 189 191 186 192 187 190 190 187 192 186 191 189 188 191 186 192 187 189 190 187 192 187 191 189 188 191 186 191 188 188 188 187 187 187 187 187 187 187 187 187 187 187 187 187 
187 187 187 187 187 187 187 187 187 187 187 188 185 187 186 184 188 182 188 184 185 187 183 188 183 186 186 183 188 183 187 185 185 188 183 188 184 186 187 183 188 183 187 185 184 188 182 188 184 185 187 185 188 187 187 187 187 187 187 187 187 187 187 187 
187 187 187 187 187 187 187 187 187 187 185 188 184 188 186 185 189 183 189 185 186 188 184 189 184 187 187 184 189 184 188 186 185 189 183 189 184 187 188 184 189 184 188 186 185 189 183 189 185 186 188 184 188 185 187 187 187 187 187 187 187 187 187 187 
187 187 187 187 187 187 187 187 187 188 187 191 186 190 189 187 191 185 191 187 188 190 186 191 186 189 189 186 191 186 190 188 188 191 186 191 187 189 190 186 191 186 190 188 187 191 185 191 187 188 190 186 191 187 188 187 187 187 187 187 187 187 187 187 
187 187 187 187 187 187 187 187 185 186 182 187 181 185 184 182 187 181 186 183 183 186 181 187 182 185 185 182 187 181 186 183 183 186 181 187 182 184 185 182 187 181 186 184 182 187 181 187 183 184 186 181 187 182 186 186 187 187 187 187 187 187 187 187 
187 187 187 187 187 187 187 187 188 191 187 192 187 191 190 188 192 187 192 188 189 191 187 192 187 190 190 187 192 187 191 189 189 192 187 192 188 190 191 187 192 187 191 189 188 192 187 192 188 189 191 187 192 187 190 188 187 187 187 187 187 187 187 187 
187 187 187 187 187 187 187 186 185 186 182 187 182 186 185 183 187 182 187 183 184 186 182 187 182 185 185 182 187 181 186 184 184 187 181 187 183 185 186 182 187 182 186 184 183 187 182 187 183 184 186 182 187 182 185 185 185 187 187 187 187 187 187 187 
187 187 187 187 187 186 188 186 188 189 185 190 185 189 188 186 190 185 190 186 187 189 185 190 185 189 188 185 190 185 189 187 187 190 185 190 186 188 189 185 190 185 189 188 186 190 185 190 186 188 189 185 190 185 189 188 186 188 186 187 187 187 187 187 
187 187 187 187 187 186 189 186 187 189 185 190 185 189 187 186 190 184 190 186 187 189 184 190 185 188 188 185 190 184 189 187 186 189 184 190 186 187 188 185 190 185 189 187 186 190 184 190 186 187 189 185 190 185 188 188 186 189 186 187 187 187 187 187 
187 187 187 187 187 184 187 183 185 186 182 188 182 186 185 183 187 182 187 183 184 186 182 188 183 186 185 183 188 182 187 184 184 187 182 188 183 185 186 182 188 182 186 185 183 187 182 187 183 184 186 182 187 182 186 185 183 187 184 187 187 187 187 187 
187 187 187 187 189 187 192 188 190 191 187 192 187 191 190 188 192 187 192 188 189 191 187 192 187 190 190 187 192 187 191 189 189 192 187 192 188 190 191 187 192 187 191 189 188 192 187 192 188 189 191 187 192 187 190 190 188 192 187 189 187 187 187 187 
187 187 187 186 187 181 187 182 184 185 181 187 181 185 184 182 186 181 186 183 184 186 181 187 182 185 185 182 187 181 186 183 183 186 181 187 182 184 185 181 187 181 185 184 182 186 181 186 183 184 186 181 187 181 185 184 182 187 181 187 186 187 187 187 
187 187 187 186 190 186 191 187 189 190 186 192 186 190 189 187 191 186 191 188 188 191 186 191 187 189 189 187 191 186 191 188 188 191 186 191 187 189 190 186 192 186 190 189 187 191 186 191 188 188 190 186 191 187 190 189 187 191 186 190 186 187 187 187 
187 187 187 185 189 183 189 184 186 187 184 189 183 188 186 184 189 183 188 185 186 188 183 189 184 187 187 184 189 183 188 185 185 188 183 189 184 186 187 184 189 183 188 186 184 189 183 189 185 186 188 183 189 184 187 186 184 189 183 188 186 187 187 187 
187 187 187 185 188 183 188 184 186 187 183 189 183 187 186 184 188 183 188 185 185 188 183 189 184 187 186 184 189 183 188 185 185 188 183 188 184 186 187 183 189 183 187 186 184 188 183 188 185 185 188 183 189 184 187 186 184 189 183 188 185 187 187 187 
187 187 188 187 191 186 191 187 189 190 187 192 187 190 189 187 191 186 191 188 189 191 186 192 187 190 189 187 192 186 191 188 188 191 186 191 187 189 190 186 192 186 190 189 187 191 186 191 188 189 190 186 192 187 190 189 187 192 186 191 188 188 187 187 
187 186 186 183 186 181 186 182 184 185 181 187 181 185 184 182 186 181 186 183 183 186 181 187 182 185 184 182 187 181 186 183 183 186 181 187 182 184 185 181 187 181 185 184 182 186 181 186 183 184 186 181 187 182 185 184 182 187 181 186 183 186 186 187 
187 187 189 188 192 187 192 188 190 191 187 192 187 191 189 188 192 187 192 188 189 191 187 192 187 190 190 187 192 187 191 189 188 192 187 192 188 190 190 187 192 187 191 189 188 192 187 192 188 189 191 187 192 187 190 190 187 192 187 191 188 188 187 187 
187 186 185 184 187 182 188 183 185 186 182 188 182 186 185 183 188 182 187 184 184 187 182 188 183 186 186 183 188 182 187 184 184 187 182 188 183 185 186 182 188 182 186 185 184 187 182 187 184 185 186 182 188 183 186 185 183 188 182 187 184 185 186 187 
187 187 187 186 189 184 190 185 187 188 184 190 184 188 187 185 190 184 189 186 186 189 184 190 185 188 188 185 190 184 189 186 186 189 184 190 185 187 188 185 190 184 189 187 186 190 184 189 186 187 189 184 190 185 188 188 185 190 184 189 186 187 187 187 
187 188 188 187 190 185 190 186 188 189 185 191 185 189 188 186 190 185 190 187 188 190 185 191 186 189 189 186 191 185 190 187 187 190 185 190 186 188 189 186 191 185 189 188 186 190 185 190 186 188 190 185 191 186 189 188 186 190 185 190 187 187 188 187 
187 186 184 183 187 181 187 183 184 186 182 187 182 186 184 183 187 181 187 183 184 186 182 187 182 185 185 182 187 181 186 184 183 187 181 187 183 185 186 182 187 182 186 184 183 187 181 187 183 184 186 182 187 182 185 185 182 187 181 187 184 184 186 187 
187 189 189 188 192 187 192 188 190 191 187 192 187 191 190 188 192 187 192 188 189 191 187 192 187 190 190 187 192 187 191 189 189 192 187 192 188 190 191 187 192 187 191 190 188 192 187 192 188 189 191 187 192 187 191 190 188 192 187 192 189 189 189 187 
186 186 184 183 186 181 187 182 184 186 181 187 181 186 184 182 187 181 187 183 184 186 181 187 182 185 185 182 187 181 186 183 183 186 181 187 182 184 185 181 187 181 186 184 182 187 181 187 183 184 186 181 187 182 185 184 182 187 181 186 183 183 186 186 
187 188 188 187 191 185 191 187 188 190 186 191 186 190 188 187 191 185 191 187 188 190 186 191 186 189 189 186 191 185 190 188 187 190 185 191 186 188 189 186 191 186 190 188 187 191 185 191 187 188 190 186 191 186 189 189 186 191 186 190 188 188 188 187 
187 187 186 185 189 184 189 185 187 188 184 189 184 188 187 185 189 184 189 185 186 188 184 189 184 188 187 184 189 184 189 186 186 189 184 189 185 187 188 184 189 184 188 186 185 189 184 189 185 186 188 184 190 184 188 187 185 189 184 189 186 186 188 187 
187 186 185 184 188 182 188 184 185 187 183 188 183 187 185 184 188 182 188 184 185 187 183 188 183 186 186 183 188 182 187 185 184 188 182 188 184 186 186 183 188 183 187 185 184 188 182 188 184 185 187 183 188 183 186 186 183 188 182 187 184 185 187 186 
187 189 189 188 191 186 192 187 189 190 187 192 187 191 189 188 192 186 191 188 189 191 187 192 187 190 190 187 192 186 191 189 188 191 186 192 187 189 190 187 192 187 191 189 188 192 186 191 188 189 191 187 192 187 190 190 187 192 186 191 189 188 189 187 
187 186 184 183 186 181 186 182 184 185 181 187 181 185 184 182 187 181 186 183 183 185 181 187 182 185 185 182 187 181 186 183 183 186 181 186 182 184 185 181 187 181 185 184 182 186 181 186 182 184 185 181 187 181 185 184 182 187 181 186 183 183 186 187 
187 188 189 188 191 186 192 187 189 190 187 192 187 190 189 187 192 186 191 188 189 191 187 192 187 190 190 187 192 186 191 189 188 191 186 192 187 189 190 187 192 187 191 189 188 192 186 191 188 189 191 187 192 187 190 190 187 192 186 191 189 189 188 187 
187 186 186 184 188 183 188 184 185 187 183 188 183 187 185 184 188 182 188 184 185 187 183 188 183 186 186 183 188 183 187 185 184 188 182 188 184 186 186 183 188 183 187 185 184 188 182 188 184 185 187 183 188 183 186 186 183 188 182 188 185 185 186 187 
187 187 187 185 189 183 189 185 187 188 184 189 184 188 187 185 189 184 189 185 186 188 184 189 184 188 187 184 189 184 188 186 185 189 184 189 185 187 188 184 189 184 188 186 185 189 184 189 185 186 188 184 190 184 188 187 185 189 184 189 186 186 187 187 
187 187 188 187 191 185 191 187 188 190 186 191 186 190 188 187 191 185 191 187 188 190 186 191 186 189 189 186 191 186 190 188 187 190 186 191 187 189 190 186 191 186 190 188 187 191 185 191 187 188 190 186 191 186 189 189 186 191 186 190 188 188 187 187 
187 186 186 183 186 181 187 182 184 186 181 187 181 186 184 182 187 181 187 183 183 186 181 187 182 185 185 182 187 181 186 183 183 186 181 187 182 184 185 182 187 181 186 184 182 187 181 187 183 184 186 181 187 182 185 184 182 187 181 186 183 186 186 187 
187 187 188 188 192 187 192 188 190 191 187 192 187 191 190 188 192 187 192 188 189 191 187 192 187 190 190 187 192 187 191 189 189 192 187 192 188 190 191 187 192 187 191 190 188 192 187 192 188 189 191 187 192 187 191 190 188 192 187 191 188 188 187 187 
187 187 187 184 187 181 187 183 185 186 182 187 182 186 185 183 187 181 187 183 184 186 182 187 182 185 185 182 187 182 186 184 183 187 181 187 183 185 186 182 187 182 186 184 183 187 181 187 183 184 186 182 187 182 185 185 182 187 182 187 184 187 187 187 
187 187 187 186 190 185 190 186 188 189 185 191 185 189 188 186 190 185 190 186 187 190 185 190 185 189 188 186 190 185 190 187 187 190 185 190 186 188 189 185 191 185 189 188 186 190 185 190 186 188 189 185 191 185 189 188 186 190 185 190 186 187 187 187 
187 187 187 186 189 184 190 185 187 188 185 190 184 188 187 185 190 184 189 186 186 189 184 190 185 188 188 185 190 184 189 186 186 189 184 190 185 187 188 185 190 184 189 187 186 190 184 190 186 187 189 184 190 185 188 188 185 190 184 189 186 187 187 187 
187 187 187 186 188 182 188 183 185 186 182 188 182 186 185 183 188 182 187 184 184 186 182 188 183 186 186 183 188 182 187 184 184 187 182 187 183 185 186 182 188 182 186 185 183 187 182 187 183 185 186 182 188 183 186 185 183 188 182 188 186 187 187 187 
187 187 187 187 188 186 192 188 190 191 187 192 187 191 190 188 192 187 192 188 189 191 187 192 187 190 190 187 192 187 191 189 188 192 187 192 188 190 191 187 192 187 191 189 188 192 187 192 188 189 191 187 192 187 190 190 188 192 187 188 187 187 187 187 
187 187 187 187 187 184 186 182 184 185 181 187 181 185 184 182 187 181 186 183 184 186 181 187 182 185 184 182 187 181 186 183 183 186 181 187 182 184 185 181 187 181 185 184 182 186 181 186 182 184 186 181 187 182 185 184 182 187 184 187 187 187 187 187 
187 187 187 187 187 187 190 187 189 190 186 192 186 190 189 187 191 186 191 188 188 190 186 192 187 190 189 187 192 186 191 188 188 191 186 191 187 189 190 187 192 186 190 189 187 191 186 191 188 189 190 186 192 187 190 189 187 190 187 187 187 187 187 187 
187 187 187 187 187 186 187 185 186 187 183 189 183 187 186 184 188 183 188 185 185 188 183 189 184 187 186 184 189 183 188 185 185 188 183 189 184 186 187 184 189 183 187 186 184 188 183 188 185 186 188 183 189 184 187 186 184 187 186 187 187 187 187 187 
187 187 187 187 187 187 187 186 186 187 183 189 183 187 186 184 188 183 188 185 185 188 183 189 184 187 187 184 189 183 188 185 185 188 183 189 184 186 187 184 189 183 187 186 184 188 183 188 185 186 188 183 189 184 187 186 186 187 187 187 187 187 187 187 
187 187 187 187 187 187 187 187 187 190 186 192 186 190 189 187 191 186 191 188 188 190 186 192 187 190 189 187 192 186 191 188 188 191 186 191 187 189 190 187 192 186 190 189 187 191 186 191 188 189 190 186 191 187 190 187 187 187 187 187 187 187 187 187 
187 187 187 187 187 187 187 187 186 186 182 187 181 185 184 182 186 181 186 183 184 186 181 187 182 185 184 182 187 181 186 183 183 186 181 187 182 184 185 181 187 181 185 184 182 186 181 186 182 184 186 181 187 182 186 186 187 187 187 187 187 187 187 187 
187 187 187 187 187 187 187 187 187 188 187 192 187 191 190 188 192 187 192 188 189 191 187 192 187 190 190 187 192 187 191 189 188 192 187 192 188 190 191 187 192 187 191 189 188 192 187 192 188 189 191 187 192 187 188 187 187 187 187 187 187 187 187 187 
187 187 187 187 187 187 187 187 187 187 185 187 182 186 185 183 187 182 187 183 184 186 182 188 183 186 186 183 188 182 187 184 184 187 182 187 183 185 186 182 188 182 186 185 183 187 182 187 183 185 186 182 187 185 187 187 187 187 187 187 187 187 187 187 
187 187 187 187 187 187 187 187 187 187 187 188 186 188 187 186 190 184 189 186 186 189 184 190 185 188 188 185 190 184 189 186 186 189 184 190 185 187 188 185 190 184 189 187 186 190 184 190 186 187 189 186 188 187 187 187 187 187 187 187 187 187 187 187 
187 187 187 187 187 187 187 187 187 187 187 187 186 187 188 186 190 185 190 186 187 190 185 190 185 189 188 186 190 185 190 187 187 190 185 190 186 188 189 185 191 185 189 188 186 190 185 190 186 187 187 186 187 187 187 187 187 187 187 187 187 187 187 187 
187 187 187 187 187 187 187 187 187 187 187 187 187 187 187 184 187 181 187 183 184 186 182 187 182 185 185 182 187 182 186 184 184 187 181 187 183 185 186 182 187 182 186 184 183 187 181 187 184 186 187 187 187 187 187 187 187 187 187 187 187 187 187 187 
187 187 187 187 187 187 187 187 187 187 187 187 187 187 187 187 190 186 191 188 189 191 187 192 187 190 190 187 192 187 191 189 189 192 187 192 188 190 191 187 193 187 191 190 188 191 187 190 187 187 187 187 187 187 187 187 187 187 187 187 187 187 187 187 
187 187 187 187 187 187 187 187 187 187 187 187 187 187 187 187 187 185 186 184 184 186 181 187 182 185 185 182 187 181 186 183 183 186 181 187 182 184 185 182 187 181 186 184 183 186 185 187 187 187 187 187 187 187 187 187 187 187 187 187 187 187 187 187 
187 187 187 187 187 187 187 187 187 187 187 187 187 187 187 187 187 187 187 188 188 190 186 191 186 189 189 186 191 186 190 188 187 191 186 191 187 189 190 186 191 186 190 188 187 187 187 187 187 187 187 187 187 187 187 187 187 187 187 187 187 187 187 187 
187 187 187 187 187 187 187 187 187 187 187 187 187 187 187 187 187 187 187 187 186 187 185 187 185 187 187 184 189 184 188 186 185 189 183 189 185 186 187 185 188 185 187 186 187 187 187 187 187 187 187 187 187 187 187 187 187 187 187 187 187 187 187 187 
187 187 187 187 187 187 187 187 187 187 187 187 187 187 187 187 187 187 187 187 187 187 187 187 187 187 187 186 188 185 188 186 186 188 185 188 186 187 187 187 187 187 187 187 187 187 187 187 187 187 187 187 187 187 187 187 187 187 187 187 187 187 187 187 
187 187 187 187 187 187 187 187 187 187 187 187 187 187 187 187 187 187 187 187 187 187 187 187 187 187 187 187 187 186 187 187 187 187 186 187 187 187 187 187 187 187 187 187 187 187 187 187 187 187 187 187 187 187 187 187 187 187 187 187 187 187 187 187 
