187 187 187 187 187 187 187 187 187 187 187 187 187 187 187 187 187 187 187 187 187 187 187 187 187 187 187 187 187 187 187 187 187 187 187 187 187 187 187 187 187 187 187 187 187 187 187 187 187 187 187 187 187 187 187 187 187 187 187 187 187 187 187 187 
187 187 187 187 187 187 187 187 187 187 187 187 187 187 187 187 187 187 187 187 187 187 187 187 187 187 187 187 187 187 187 187 187 187 187 187 187 187 187 187 187 187 187 187 187 187 187 187 187 187 187 187 187 187 187 187 187 187 187 187 187 187 187 187 
187 187 187 187 187 187 187 187 187 187 187 187 187 187 187 187 187 187 187 187 187 187 187 187 187 187 187 187 187 187 187 187 187 187 187 187 187 187 187 187 187 187 187 187 187 187 187 187 187 187 187 187 187 187 187 187 187 187 187 187 187 187 187 187 
187 187 187 187 187 187 187 187 187 187 187 187 187 187 187 187 187 187 187 187 187 187 187 187 187 187 187 187 187 187 187 187 187 187 187 187 187 187 187 187 187 187 187 187 187 187 187 187 187 187 187 187 187 187 187 187 187 187 187 187 187 187 187 187 
187 187 187 187 187 187 187 187 187 187 187 187 187 187 187 187 187 187 187 187 187 187 187 187 187 187 187 187 187 187 187 187 187 187 187 187 187 187 187 187 187 187 187 187 187 187 187 187 187 187 187 187 187 187 187 187 187 187 187 187 187 187 187 187 
187 187 187 187 187 187 187 187 187 187 187 187 187 187 187 187 187 187 187 187 187 187 187 187 187 187 187 187 187 187 187 187 187 187 187 187 187 187 187 187 187 187 187 187 187 187 187 187 187 187 187 187 187 187 187 187 187 187 187 187 187 187 187 187 
187 187 187 187 187 187 187 187 187 187 187 187 187 187 187 187 187 187 187 187 187 187 187 187 187 187 187 187 187 187 187 187 187 187 187 187 187 187 187 187 187 187 188 187 187 187 187 187 187 187 187 187 187 187 187 187 187 187 187 187 187 187 187 187 
187 187 187 187 187 187 187 187 187 187 187 187 187 187 187 187 187 187 187 187 187 187 187 187 187 187 187 187 187 187 187 187 187 187 187 187 187 187 187 187 187 185 181 188 188 180 186 187 187 187 187 187 187 187 187 187 187 187 187 187 187 187 187 187 
187 187 187 187 187 187 187 187 187 187 187 187 187 187 187 187 187 187 187 187 187 187 187 187 187 187 187 187 187 187 187 187 187 187 187 187 187 187 187 188 189 176 205 179 179 208 185 188 187 187 187 187 187 187 187 187 187 187 187 187 187 187 187 187 
187 187 187 187 187 187 187 187 187 187 187 187 187 187 187 187 187 187 187 187 187 187 187 187 186 187 187 187 187 187 187 187 187 187 187 187 187 187 184 187 187 179 184 189 181 177 183 178 188 187 186 187 187 187 187 187 187 187 187 187 187 187 187 187 
187 187 187 187 187 187 187 187 187 187 187 187 187 187 187 187 187 187 187 187 187 187 188 187 187 190 188 187 187 187 187 187 187 187 187 187 187 187 182 189 188 185 188 188 190 173 205 181 187 188 188 187 187 187 187 187 187 187 187 187 187 187 187 187 
187 187 187 187 187 187 187 187 187 187 187 187 187 187 187 187 187 187 186 188 188 185 187 188 184 183 186 184 185 186 186 187 187 187 187 187 188 188 176 197 185 187 186 187 187 192 172 184 188 186 188 189 187 187 187 187 187 187 187 187 187 187 187 187 
187 187 187 187 187 187 187 187 187 187 187 187 187 187 187 187 187 187 187 186 186 182 191 181 188 187 188 186 196 188 190 187 186 187 187 187 187 187 188 180 186 185 185 184 185 195 179 189 184 186 177 177 185 187 187 187 187 187 187 187 187 187 187 187 
187 187 187 187 187 187 187 187 187 187 187 187 187 187 187 187 187 186 190 186 188 180 199 184 187 187 187 182 181 183 184 189 188 186 187 185 185 177 184 185 192 187 189 184 182 181 188 188 185 182 199 195 186 188 187 187 187 187 187 187 187 187 187 187 
187 187 187 187 187 187 187 187 187 187 187 187 187 187 187 187 187 189 183 186 190 182 189 186 187 188 184 187 188 185 188 184 186 188 187 184 194 189 188 199 186 191 191 192 201 185 184 187 188 181 185 173 185 188 186 187 187 187 187 187 187 187 187 187 
187 187 187 187 187 187 187 187 187 187 187 187 187 187 187 187 187 187 185 186 186 187 184 188 186 189 179 193 181 188 187 187 186 186 188 189 181 182 193 176 186 177 180 185 177 189 189 185 189 188 168 205 178 187 188 186 187 187 187 187 187 187 187 187 
187 187 187 187 187 187 187 187 187 187 187 187 187 187 187 186 189 184 187 188 185 188 187 186 187 188 187 183 188 188 186 186 189 186 189 190 182 192 188 191 175 206 178 184 187 186 186 189 187 175 206 187 181 188 188 187 187 187 187 187 187 187 187 187 
187 187 187 187 187 187 187 187 187 187 187 187 187 187 187 187 187 187 183 189 187 187 187 189 186 188 185 184 188 186 187 188 182 181 175 188 178 192 169 181 184 193 187 191 182 185 189 188 183 199 174 181 186 180 186 188 186 187 187 187 187 187 187 187 
187 187 187 187 187 187 187 187 187 187 187 187 187 187 186 188 181 188 189 186 187 188 186 184 189 187 188 188 185 187 187 181 189 210 173 189 182 196 192 197 188 180 178 183 197 173 174 188 188 181 188 189 180 203 178 188 187 187 187 187 187 187 187 187 
187 187 187 187 187 187 187 187 187 187 187 187 187 187 187 186 189 187 188 183 189 182 188 187 185 183 189 186 187 188 185 176 199 173 175 185 184 185 181 182 186 189 189 182 188 201 195 187 187 188 189 189 173 204 177 187 188 187 187 187 187 187 187 187 
187 187 187 187 187 187 187 187 187 187 187 187 187 187 188 184 185 186 186 189 188 188 188 187 188 187 183 185 187 188 176 207 175 189 182 189 192 178 191 186 188 186 188 188 182 179 175 188 185 188 185 189 184 181 188 184 189 186 187 187 187 187 187 187 
187 187 187 187 187 187 187 187 187 187 187 187 187 187 187 186 187 189 186 186 185 192 186 190 191 193 198 190 184 189 186 177 191 185 185 196 162 193 187 186 186 187 187 188 180 193 185 190 185 187 188 175 163 197 177 187 189 186 187 187 187 187 187 187 
187 187 187 187 187 187 187 187 187 187 187 187 187 187 188 186 187 186 188 186 187 183 183 188 181 179 178 183 188 188 185 188 187 186 185 186 207 171 185 193 183 186 188 189 179 194 186 186 187 187 180 210 197 211 177 187 188 186 187 187 187 187 187 187 
187 187 187 187 187 187 187 187 187 187 187 187 187 188 187 187 187 185 188 184 187 186 187 187 187 188 188 187 186 188 187 187 187 187 187 185 177 188 187 186 191 186 184 184 182 184 183 189 186 186 186 177 176 175 185 188 187 187 187 187 187 187 187 187 
187 187 187 187 187 187 187 187 187 187 187 187 187 188 182 187 187 187 188 186 188 187 183 188 187 187 187 187 187 186 187 186 187 187 186 189 183 184 191 177 182 192 193 189 200 190 188 186 187 186 188 188 188 188 184 182 183 188 187 187 187 187 187 187 
187 187 187 187 187 187 187 187 187 187 187 187 186 191 187 188 187 187 186 186 185 189 186 189 184 187 187 187 187 186 188 187 186 188 189 183 185 192 184 196 184 183 182 177 179 172 187 185 187 186 187 188 190 181 184 195 188 188 187 187 187 187 187 187 
187 187 187 187 187 187 187 187 187 187 187 187 186 186 182 187 188 185 186 184 185 186 186 188 184 186 187 187 187 187 186 188 187 185 178 168 205 172 186 179 185 188 176 218 177 188 188 187 187 186 187 188 190 180 200 185 176 190 187 187 187 187 187 187 
187 187 187 187 187 187 187 187 187 187 187 187 187 188 186 187 184 188 181 192 185 185 188 189 194 181 188 187 187 187 186 188 187 185 207 177 202 174 189 184 188 188 186 180 185 188 187 187 187 186 188 183 175 167 183 184 187 188 186 187 187 187 187 187 
187 187 187 187 187 187 187 187 187 187 187 187 187 188 186 185 185 187 191 186 188 187 189 183 196 178 188 187 187 187 187 186 187 182 177 185 183 187 187 185 190 186 187 188 187 187 187 187 187 186 187 187 210 195 189 189 187 188 187 187 187 187 187 187 
187 187 187 187 187 187 187 187 187 187 187 187 187 187 186 188 188 182 188 187 186 188 190 184 194 179 188 187 187 187 187 186 187 189 187 187 188 186 187 184 189 186 187 187 187 187 187 187 187 187 189 185 168 178 184 187 186 187 187 187 187 187 187 187 
187 187 187 187 187 187 187 187 187 187 187 187 187 182 187 187 185 189 182 187 196 170 191 186 192 182 188 187 187 187 187 186 187 188 188 186 188 187 186 185 189 186 187 187 187 187 187 187 187 188 184 187 189 181 180 187 187 187 187 187 187 187 187 187 
187 187 187 187 187 187 187 187 187 187 187 187 185 195 185 185 188 190 188 184 197 174 192 186 188 185 187 187 187 187 187 186 188 185 187 184 181 184 187 184 189 187 187 187 187 187 187 187 186 188 186 188 187 187 197 184 189 186 187 187 187 187 187 187 
187 187 187 187 187 187 187 187 187 187 187 187 188 181 186 186 189 184 186 187 194 173 192 187 184 187 187 187 187 187 187 186 187 189 189 171 213 174 188 185 188 187 187 187 187 187 187 187 187 187 188 187 187 180 181 187 188 186 187 187 187 187 187 187 
187 187 187 187 187 187 187 187 187 187 187 186 188 187 189 186 188 191 181 188 192 176 191 190 180 188 187 187 187 187 187 188 185 183 187 174 204 178 188 187 187 187 187 187 187 187 187 186 187 187 183 189 189 188 189 185 189 187 187 187 187 187 187 187 
187 187 187 187 187 187 187 187 187 187 186 186 187 186 185 185 191 189 181 185 197 176 190 192 180 188 187 187 187 187 187 188 187 198 178 199 170 189 186 188 186 187 187 187 187 187 187 186 189 182 198 173 174 182 184 184 188 187 187 187 187 187 187 187 
187 187 187 187 187 187 187 187 186 188 188 188 186 183 188 189 178 191 188 185 193 179 191 186 185 187 187 187 187 187 186 191 175 180 174 191 183 188 184 189 186 187 187 187 187 187 187 186 188 185 178 200 200 192 197 186 187 187 187 187 187 187 187 187 
187 187 187 187 187 187 187 187 187 188 185 182 190 191 184 185 187 185 187 187 187 184 195 178 188 187 187 187 187 187 185 189 187 187 186 185 188 186 185 189 186 187 187 187 187 187 187 187 187 188 187 165 196 173 176 188 186 187 187 187 187 187 187 187 
187 187 187 187 187 187 187 186 190 181 186 185 189 185 191 184 182 183 190 190 181 188 194 179 188 187 187 187 187 187 186 188 189 179 185 176 181 185 185 189 187 187 187 187 187 187 186 188 187 186 188 188 183 188 185 189 186 187 187 187 187 187 187 187 
187 187 187 187 187 187 187 186 190 188 188 186 182 189 186 189 190 180 190 189 182 189 187 185 187 187 187 187 187 187 186 188 185 192 205 201 198 186 186 188 187 187 187 187 187 187 186 188 185 187 186 188 189 189 186 188 187 187 187 187 187 187 187 187 
187 187 187 187 187 187 187 188 185 183 185 198 174 188 189 183 186 185 196 177 189 192 180 188 187 187 187 187 187 187 187 187 188 179 169 175 179 188 187 187 187 187 187 187 187 187 186 187 187 187 187 181 177 178 188 187 187 187 187 187 187 187 187 187 
187 187 187 187 187 187 186 189 185 187 181 187 188 187 185 188 193 197 176 186 188 193 180 188 187 187 187 187 187 186 190 184 188 188 189 188 188 185 188 186 187 187 187 187 187 187 186 189 187 189 191 173 218 180 190 187 187 187 187 187 187 187 187 187 
187 187 187 187 187 187 187 188 186 186 187 185 190 185 194 189 177 174 189 188 188 188 185 187 187 187 187 187 187 185 188 186 186 186 187 186 187 186 189 186 187 187 187 187 187 186 188 188 181 177 186 184 183 177 190 187 187 187 187 187 187 187 187 187 
187 187 187 187 187 187 186 190 182 183 189 186 192 184 175 186 188 191 186 187 193 178 188 187 187 187 187 187 187 186 190 187 187 187 186 187 187 185 188 186 187 187 187 187 187 186 189 188 181 204 181 179 189 187 188 187 187 187 187 187 187 187 187 187 
187 187 187 187 187 187 186 191 182 188 189 193 178 184 189 184 188 185 187 187 189 185 187 187 187 187 187 187 187 186 188 187 187 188 185 189 185 187 186 187 187 187 187 187 187 187 187 187 188 173 190 186 188 187 187 187 187 187 187 187 187 187 187 187 
187 187 187 187 187 187 187 188 183 190 194 186 184 189 180 191 189 187 186 193 179 188 187 187 187 187 187 187 187 186 184 163 188 184 186 187 187 186 185 190 185 187 187 187 186 188 187 185 189 188 183 187 186 188 186 187 187 187 187 187 187 187 187 187 
187 187 187 187 187 187 187 187 184 185 182 181 187 186 193 183 185 187 186 189 184 187 187 187 187 187 187 187 187 186 193 204 200 177 188 187 187 186 187 185 192 183 185 185 185 187 186 188 186 188 185 171 180 188 186 187 187 187 187 187 187 187 187 187 
187 187 187 187 187 187 187 187 187 187 188 185 188 185 184 187 188 186 193 178 189 187 187 187 187 187 187 187 187 187 184 166 194 183 188 184 184 187 188 184 184 192 191 190 191 185 187 188 188 187 183 208 188 187 187 187 187 187 187 187 187 187 187 187 
187 187 187 187 187 187 187 187 187 188 186 187 189 182 192 186 185 186 193 181 188 187 187 187 187 187 187 187 187 187 189 186 186 189 170 197 182 188 186 188 186 184 184 185 182 188 187 183 187 189 185 171 182 188 187 187 187 187 187 187 187 187 187 187 
187 187 187 187 187 187 187 187 186 189 183 186 187 189 184 189 188 187 189 185 187 187 187 187 187 187 187 187 187 187 186 190 183 175 207 184 183 189 187 184 187 188 186 186 189 186 186 196 173 188 189 186 190 186 187 187 187 187 187 187 187 187 187 187 
187 187 187 187 187 187 187 187 184 191 186 185 188 187 185 188 186 193 180 188 187 187 187 187 187 187 187 187 187 187 187 189 179 201 168 184 188 185 187 192 186 186 188 187 185 187 189 175 204 178 179 187 188 187 187 187 187 187 187 187 187 187 187 187 
187 187 187 187 187 187 187 187 185 189 182 187 183 192 186 186 185 192 181 188 187 187 187 187 187 187 187 187 187 187 187 187 181 184 188 190 186 185 186 186 188 187 187 187 187 188 187 189 163 202 182 188 188 187 187 187 187 187 187 187 187 187 187 187 
187 187 187 187 187 187 187 187 186 187 189 186 189 185 182 186 200 178 188 187 187 187 187 187 187 187 187 187 187 187 187 186 188 189 184 184 188 186 187 187 186 189 184 187 187 186 186 189 178 207 178 188 187 187 187 187 187 187 187 187 187 187 187 187 
187 187 187 187 187 187 187 187 187 186 185 188 191 194 194 194 177 186 187 187 187 187 187 187 187 187 187 187 187 187 187 187 186 189 174 198 171 189 187 186 187 186 193 180 186 188 188 187 186 178 184 188 187 187 187 187 187 187 187 187 187 187 187 187 
187 187 187 187 187 187 187 187 187 187 187 185 182 180 181 180 188 187 187 187 187 187 187 187 187 187 187 187 187 187 187 187 187 188 180 207 191 183 189 189 188 184 195 173 191 188 177 183 186 189 188 187 187 187 187 187 187 187 187 187 187 187 187 187 
187 187 187 187 187 187 187 187 187 187 187 187 188 188 188 188 187 187 187 187 187 187 187 187 187 187 187 187 187 187 187 187 187 187 185 180 182 188 183 182 175 179 184 177 189 182 209 189 187 188 187 187 187 187 187 187 187 187 187 187 187 187 187 187 
187 187 187 187 187 187 187 187 187 187 187 187 187 187 187 187 187 187 187 187 187 187 187 187 187 187 187 187 187 187 187 187 187 187 187 188 188 188 191 182 215 195 192 190 186 183 172 181 186 187 187 187 187 187 187 187 187 187 187 187 187 187 187 187 
187 187 187 187 187 187 187 187 187 187 187 187 187 187 187 187 187 187 187 187 187 187 187 187 187 187 187 187 187 187 187 187 187 187 187 187 187 186 187 184 175 176 180 183 188 189 188 187 187 187 187 187 187 187 187 187 187 187 187 187 187 187 187 187 
187 187 187 187 187 187 187 187 187 187 187 187 187 187 187 187 187 187 187 187 187 187 187 187 187 187 187 187 187 187 187 187 187 187 187 187 187 187 187 187 188 187 187 187 187 187 187 187 187 187 187 187 187 187 187 187 187 187 187 187 187 187 187 187 
187 187 187 187 187 187 187 187 187 187 187 187 187 187 187 187 187 187 187 187 187 187 187 187 187 187 187 187 187 187 187 187 187 187 187 187 187 187 187 187 188 187 187 187 187 187 187 187 187 187 187 187 187 187 187 187 187 187 187 187 187 187 187 187 
187 187 187 187 187 187 187 187 187 187 187 187 187 187 187 187 187 187 187 187 187 187 187 187 187 187 187 187 187 187 187 187 187 187 187 187 187 187 187 187 187 187 187 187 187 187 187 187 187 187 187 187 187 187 187 187 187 187 187 187 187 187 187 187 
187 187 187 187 187 187 187 187 187 187 187 187 187 187 187 187 187 187 187 187 187 187 187 187 187 187 187 187 187 187 187 187 187 187 187 187 187 187 187 187 187 187 187 187 187 187 187 187 187 187 187 187 187 187 187 187 187 187 187 187 187 187 187 187 
187 187 187 187 187 187 187 187 187 187 187 187 187 187 187 187 187 187 187 187 187 187 187 187 187 187 187 187 187 187 187 187 187 187 187 187 187 187 187 187 187 187 187 187 187 187 187 187 187 187 187 187 187 187 187 187 187 187 187 187 187 187 187 187 
187 187 187 187 187 187 187 187 187 187 187 187 187 187 187 187 187 187 187 187 187 187 187 187 187 187 187 187 187 187 187 187 187 187 187 187 187 187 187 187 187 187 187 187 187 187 187 187 187 187 187 187 187 187 187 187 187 187 187 187 187 187 187 187 
187 187 187 187 187 187 187 187 187 187 187 187 187 187 187 187 187 187 187 187 187 187 187 187 187 187 187 187 187 187 187 187 187 187 187 187 187 187 187 187 187 187 187 187 187 187 187 187 187 187 187 187 187 187 187 187 187 187 187 187 187 187 187 187 
