187 187 187 187 187 187 187 187 187 187 187 187 187 187 187 187 187 187 187 187 187 187 187 187 187 187 187 187 187 187 187 187 187 187 187 187 187 187 187 187 187 187 187 187 187 187 187 187 187 187 187 187 187 187 187 187 187 187 187 187 187 187 187 187 
187 187 187 187 187 187 187 187 187 187 187 187 187 187 187 187 187 187 187 187 187 187 187 187 187 187 187 187 187 187 187 187 187 187 187 187 187 187 187 187 187 187 187 187 187 187 187 187 187 187 187 187 187 187 187 187 187 187 187 187 187 187 187 187 
187 187 187 187 187 187 187 187 187 187 187 187 187 187 187 187 187 187 187 187 187 187 187 187 187 187 187 187 187 187 187 187 187 187 187 187 187 187 187 187 187 187 187 187 187 187 187 187 187 187 187 187 187 187 187 187 187 187 187 187 187 187 187 187 
187 187 187 187 187 187 187 187 187 187 187 187 187 187 187 187 187 187 187 187 187 187 187 187 187 187 187 187 187 187 187 187 187 187 187 187 187 187 187 187 187 187 187 187 187 187 187 187 187 187 187 187 187 187 187 187 187 187 187 187 187 187 187 187 
187 187 187 187 187 187 187 187 187 187 187 187 187 187 187 187 187 187 187 187 187 187 187 187 187 187 187 187 187 187 187 187 187 187 187 187 187 187 187 187 187 187 187 187 187 187 187 187 187 187 187 187 187 187 187 187 187 187 187 187 187 187 187 187 
187 187 187 187 187 187 187 187 187 187 187 187 187 187 187 187 187 187 187 187 187 187 187 187 187 187 187 187 187 187 187 187 187 187 187 187 187 187 187 187 187 187 187 187 187 187 187 187 187 187 187 187 187 187 187 187 187 187 187 187 187 187 187 187 
187 187 187 187 187 187 187 187 187 187 187 187 187 187 187 187 189 189 190 191 190 189 190 190 190 189 189 189 189 189 189 189 188 189 188 189 189 189 188 188 188 187 188 187 189 189 188 188 187 187 187 187 187 187 187 187 187 187 187 187 187 187 187 187 
187 187 187 187 187 187 187 187 187 187 187 187 187 187 187 185 178 172 173 173 174 174 173 173 174 175 176 177 178 179 179 180 180 181 181 180 182 181 183 184 184 186 184 189 181 173 177 188 187 187 187 187 187 187 187 187 187 187 187 187 187 187 187 187 
187 187 187 187 187 187 187 187 187 187 187 187 187 187 188 177 205 194 198 196 195 195 201 201 202 200 198 196 195 194 193 192 190 193 193 194 188 193 182 185 183 182 184 183 187 201 195 178 187 187 187 187 187 187 187 187 187 187 187 187 187 187 187 187 
187 187 187 187 187 187 187 187 187 187 187 187 187 186 188 175 196 181 184 184 186 185 187 161 170 172 173 175 177 178 179 179 180 180 179 183 186 187 186 191 191 186 191 187 186 184 179 199 176 188 187 187 187 187 187 187 187 187 187 187 187 187 187 187 
187 187 187 187 187 187 187 187 187 187 187 187 187 187 189 177 197 186 187 187 187 186 187 188 188 187 187 187 186 186 186 186 186 187 187 186 186 186 186 184 187 184 189 182 188 186 178 203 173 189 186 187 187 187 187 187 187 187 187 187 187 187 187 187 
187 187 187 187 187 187 187 187 187 187 187 187 187 187 188 177 194 181 187 188 186 186 187 186 186 186 186 186 186 186 186 187 187 187 186 187 186 189 184 191 190 188 189 191 189 189 177 204 173 190 186 187 187 187 187 187 187 187 187 187 187 187 187 187 
187 187 187 187 187 187 187 187 187 187 187 187 187 187 189 176 199 187 186 187 186 187 187 187 187 187 187 187 187 187 187 187 187 187 187 187 187 190 188 168 188 184 185 179 189 182 179 201 171 190 187 187 187 187 187 187 187 187 187 187 187 187 187 187 
187 187 187 187 187 187 187 187 187 187 187 187 187 187 188 176 201 174 176 193 186 187 187 187 187 187 187 187 187 188 187 187 186 187 187 187 187 190 187 178 197 190 186 190 189 187 181 202 172 190 187 187 187 187 187 187 187 187 187 187 187 187 187 187 
187 187 187 187 187 187 187 187 187 187 187 187 187 187 189 176 202 175 177 195 186 187 187 187 186 187 187 186 185 183 185 186 186 188 186 187 186 191 185 178 182 191 182 189 180 187 179 203 171 190 187 187 187 187 187 187 187 187 187 187 187 187 187 187 
187 187 187 187 187 187 187 187 187 187 187 187 187 187 189 177 200 179 190 193 185 187 187 186 187 186 187 194 198 200 198 192 186 185 187 186 186 193 185 180 186 196 179 189 188 186 179 204 171 190 187 187 187 187 187 187 187 187 187 187 187 187 187 187 
187 187 187 187 187 187 187 187 187 187 187 187 187 187 188 176 201 174 161 200 184 187 186 188 185 192 194 170 161 156 165 167 197 187 186 187 186 191 186 169 175 188 188 188 179 187 173 205 172 189 187 187 187 187 187 187 187 187 187 187 187 187 187 187 
187 187 187 187 187 187 187 187 187 187 187 187 187 187 188 177 201 178 169 201 185 187 186 186 193 183 168 189 201 200 195 200 163 191 188 186 186 192 178 197 199 184 188 186 192 191 179 201 173 189 187 187 187 187 187 187 187 187 187 187 187 187 187 187 
187 187 187 187 187 187 187 187 187 187 187 187 187 187 188 177 200 178 166 200 184 187 186 188 186 181 195 188 188 190 178 175 205 166 195 186 186 191 175 188 189 177 184 192 181 192 179 200 173 189 187 187 187 187 187 187 187 187 187 187 187 187 187 187 
187 187 187 187 187 187 187 187 187 187 187 187 187 187 188 178 199 181 166 201 184 187 185 199 170 187 187 189 178 184 190 184 180 195 181 190 186 192 174 192 191 177 187 191 187 186 174 203 174 189 187 187 187 187 187 187 187 187 187 187 187 187 187 187 
187 187 187 187 187 187 187 187 187 187 187 187 187 187 188 178 200 180 166 201 184 187 184 189 179 192 187 186 187 188 186 190 174 203 164 197 183 193 174 192 189 180 189 187 187 186 177 201 175 189 187 187 187 187 187 187 187 187 187 187 187 187 187 187 
187 187 187 187 187 187 187 187 187 187 187 187 187 187 188 179 197 179 167 200 185 187 186 182 185 194 185 178 188 187 188 188 178 205 160 200 183 193 173 192 191 178 191 188 185 186 178 201 176 189 187 187 187 187 187 187 187 187 187 187 187 187 187 187 
187 187 187 187 187 187 187 187 187 187 187 187 187 187 188 177 199 181 166 201 184 187 186 179 188 194 180 184 189 189 187 189 174 206 164 198 183 193 172 192 191 178 191 186 187 186 179 199 176 189 187 187 187 187 187 187 187 187 187 187 187 187 187 187 
187 187 187 187 187 187 187 187 187 187 187 187 187 187 188 177 199 186 162 200 184 187 184 189 183 184 187 187 179 187 188 187 179 195 170 196 184 193 172 192 191 179 188 192 185 188 178 198 177 188 187 187 187 187 187 187 187 187 187 187 187 187 187 187 
187 187 187 187 187 187 187 187 187 187 187 187 187 187 188 176 197 175 179 195 185 187 185 198 169 186 192 187 191 180 180 186 198 176 182 192 185 193 173 192 191 177 186 195 180 191 181 196 178 188 187 187 187 187 187 187 187 187 187 187 187 187 187 187 
187 187 187 187 187 187 187 187 187 187 187 187 187 187 189 176 198 186 181 193 186 186 186 193 173 191 181 193 195 185 185 194 190 178 193 187 185 193 173 192 192 177 188 194 178 184 179 196 178 188 187 187 187 187 187 187 187 187 187 187 187 187 187 187 
187 187 187 187 187 187 187 187 187 187 187 187 187 187 188 176 196 178 181 193 186 186 186 184 199 161 188 179 187 191 192 188 172 183 191 186 186 193 173 192 192 176 190 186 184 190 188 190 179 188 187 187 187 187 187 187 187 187 187 187 187 187 187 187 
187 187 187 187 187 187 187 187 187 187 187 187 187 187 189 176 200 186 182 191 186 187 187 191 190 209 177 189 185 182 182 184 189 194 185 187 186 192 173 192 193 174 191 182 191 188 181 199 177 189 187 187 187 187 187 187 187 187 187 187 187 187 187 187 
187 187 187 187 187 187 187 187 187 187 187 187 187 187 189 176 198 175 183 193 190 188 188 174 178 180 180 188 186 186 186 183 190 183 187 186 188 195 174 192 193 177 193 190 189 186 180 197 178 189 187 187 187 187 187 187 187 187 187 187 187 187 187 187 
187 187 187 187 187 187 187 187 187 187 187 187 187 187 189 175 198 185 187 186 180 184 186 189 190 191 180 189 187 187 188 183 192 183 186 185 197 172 177 191 192 174 183 185 183 176 190 194 179 188 187 187 187 187 187 187 187 187 187 187 187 187 187 187 
187 187 187 187 187 187 187 187 187 187 187 187 187 187 189 175 199 180 187 179 196 184 188 185 185 190 178 189 187 187 188 181 192 183 186 186 196 167 178 191 195 170 209 188 201 178 190 193 178 188 187 187 187 187 187 187 187 187 187 187 187 187 187 187 
187 187 187 187 187 187 187 187 187 187 187 187 187 187 189 177 196 188 179 188 189 181 188 194 195 195 181 189 187 187 188 181 193 182 187 185 197 179 178 190 193 178 179 178 193 174 190 197 177 189 187 187 187 187 187 187 187 187 187 187 187 187 187 187 
187 187 187 187 187 187 187 187 187 187 187 187 187 187 189 176 196 182 185 186 195 179 191 164 170 186 180 189 187 187 188 180 194 182 187 185 195 175 178 191 184 190 187 188 191 179 186 196 177 189 187 187 187 187 187 187 187 187 187 187 187 187 187 187 
187 187 187 187 187 187 187 187 187 187 187 187 187 187 189 175 198 183 183 191 192 179 188 193 194 193 181 189 187 187 188 180 194 182 187 186 196 176 179 189 192 174 186 179 191 174 190 195 177 189 187 187 187 187 187 187 187 187 187 187 187 187 187 187 
187 187 187 187 187 187 187 187 187 187 187 187 187 187 189 175 196 182 194 182 181 184 188 186 186 189 179 189 187 187 188 180 193 183 187 186 196 176 178 189 197 169 206 185 198 179 190 193 179 188 187 187 187 187 187 187 187 187 187 187 187 187 187 187 
187 187 187 187 187 187 187 187 187 187 187 187 187 187 189 176 195 187 180 182 182 186 186 191 191 192 180 189 185 184 187 181 194 184 187 185 196 178 178 190 193 175 182 189 183 179 189 194 179 188 187 187 187 187 187 187 187 187 187 187 187 187 187 187 
187 187 187 187 187 187 187 187 187 187 187 187 187 187 189 176 194 194 154 204 187 187 188 170 183 180 177 189 187 189 190 180 192 182 188 185 193 176 177 190 194 171 193 187 189 186 173 197 178 188 187 187 187 187 187 187 187 187 187 187 187 187 187 187 
187 187 187 187 187 187 187 187 187 187 187 187 187 187 189 176 198 186 165 200 185 187 188 185 190 205 182 170 190 188 182 176 191 190 185 187 186 196 174 191 195 174 194 181 184 192 184 193 180 188 187 187 187 187 187 187 187 187 187 187 187 187 187 187 
187 187 187 187 187 187 187 187 187 187 187 187 187 187 189 175 202 179 165 201 184 186 186 186 195 171 182 198 188 175 197 198 168 185 189 186 186 193 174 190 195 170 195 183 190 191 188 188 183 188 187 187 187 187 187 187 187 187 187 187 187 187 187 187 
187 187 187 187 187 187 187 187 187 187 187 187 187 187 189 175 195 184 164 201 184 186 186 196 176 183 192 197 182 188 181 176 204 169 195 186 186 193 175 190 195 173 190 191 177 184 180 192 181 188 187 187 187 187 187 187 187 187 187 187 187 187 187 187 
187 187 187 187 187 187 187 187 187 187 187 187 187 187 189 175 199 183 165 201 184 187 185 192 174 196 183 180 184 187 188 186 185 192 173 190 185 194 174 190 194 174 190 196 184 192 180 190 183 188 187 187 187 187 187 187 187 187 187 187 187 187 187 187 
187 187 187 187 187 187 187 187 187 187 187 187 187 187 189 177 191 187 165 200 184 187 186 182 183 196 184 180 189 188 187 189 175 204 164 196 184 194 174 189 194 176 184 188 184 190 178 189 183 188 187 187 187 187 187 187 187 187 187 187 187 187 187 187 
187 187 187 187 187 187 187 187 187 187 187 187 187 187 189 177 192 188 165 200 184 187 189 178 184 193 195 177 189 188 187 189 175 202 167 198 184 195 174 188 194 176 187 191 186 190 179 189 184 188 187 187 187 187 187 187 187 187 187 187 187 187 187 187 
187 187 187 187 187 187 187 187 187 187 187 187 187 187 189 177 190 190 167 199 184 187 188 178 187 194 186 180 188 187 187 188 175 199 165 197 183 194 174 188 194 175 188 190 184 188 179 189 184 188 187 187 187 187 187 187 187 187 187 187 187 187 187 187 
187 187 187 187 187 187 187 187 187 187 187 187 187 187 189 176 194 186 171 199 183 187 184 191 176 188 183 194 175 185 190 180 204 182 176 195 187 195 176 188 194 175 187 195 184 191 182 190 184 188 187 187 187 187 187 187 187 187 187 187 187 187 187 187 
187 187 187 187 187 187 187 187 187 187 187 187 187 187 189 176 192 184 172 198 184 187 185 199 163 194 191 186 195 182 171 194 184 180 189 194 180 186 180 188 196 171 185 195 181 186 173 190 183 188 187 187 187 187 187 187 187 187 187 187 187 187 187 187 
187 187 187 187 187 187 187 187 187 187 187 187 187 187 189 177 195 195 169 199 185 189 185 187 191 169 191 185 196 195 199 183 184 178 193 184 173 193 177 186 196 173 185 189 182 197 191 188 184 188 187 187 187 187 187 187 187 187 187 187 187 187 187 187 
187 187 187 187 187 187 187 187 187 187 187 187 187 187 189 179 185 183 159 204 176 184 179 189 191 187 169 186 187 183 186 182 174 196 184 188 182 189 183 189 189 172 188 188 187 189 171 191 183 188 187 187 187 187 187 187 187 187 187 187 187 187 187 187 
187 187 187 187 187 187 187 187 187 187 187 187 187 187 189 180 184 196 185 205 168 196 171 197 184 190 197 177 172 174 173 186 198 185 186 177 191 172 192 172 183 202 189 194 182 191 175 194 183 188 187 187 187 187 187 187 187 187 187 187 187 187 187 187 
187 187 187 187 187 187 187 187 187 187 187 187 187 187 189 180 178 180 155 207 170 197 172 195 186 186 186 190 196 197 194 188 185 186 184 193 178 203 186 176 183 181 186 182 187 189 175 194 183 188 187 187 187 187 187 187 187 187 187 187 187 187 187 187 
187 187 187 187 187 187 187 187 187 187 187 187 187 187 190 176 200 198 185 202 171 190 171 194 185 186 186 186 186 185 186 186 187 186 185 195 186 203 185 182 181 190 191 184 186 190 174 195 183 188 187 187 187 187 187 187 187 187 187 187 187 187 187 187 
187 187 187 187 187 187 187 187 187 187 187 187 187 187 190 176 191 182 180 190 190 172 197 186 187 187 187 187 187 188 187 187 186 186 186 182 170 183 189 180 191 188 189 185 188 190 173 194 183 188 187 187 187 187 187 187 187 187 187 187 187 187 187 187 
187 187 187 187 187 187 187 187 187 187 187 187 187 187 190 176 193 187 184 187 197 172 193 186 187 187 187 187 187 187 187 187 187 188 186 197 179 200 186 174 180 183 186 185 188 190 177 193 184 188 187 187 187 187 187 187 187 187 187 187 187 187 187 187 
187 187 187 187 187 187 187 187 187 187 187 187 187 187 190 175 194 185 189 186 186 190 186 186 186 186 186 186 186 186 186 186 186 186 186 179 177 179 182 189 187 187 190 188 186 189 167 191 185 187 187 187 187 187 187 187 187 187 187 187 187 187 187 187 
187 187 187 187 187 187 187 187 187 187 187 187 187 186 190 173 193 184 184 181 184 184 186 186 189 190 190 190 192 192 192 191 190 189 186 193 194 200 177 186 190 183 189 187 183 191 190 187 186 187 187 187 187 187 187 187 187 187 187 187 187 187 187 187 
187 187 187 187 187 187 187 187 187 187 187 187 187 187 189 179 198 191 198 198 199 195 196 193 189 189 188 185 182 179 179 179 181 181 184 183 181 187 175 184 185 176 182 181 182 193 197 174 189 187 187 187 187 187 187 187 187 187 187 187 187 187 187 187 
187 187 187 187 187 187 187 187 187 187 187 187 187 187 188 187 181 179 177 174 174 176 176 177 178 179 179 182 184 185 186 187 187 187 188 189 192 194 196 192 198 200 197 198 196 180 176 188 187 187 187 187 187 187 187 187 187 187 187 187 187 187 187 187 
187 187 187 187 187 187 187 187 187 187 187 187 187 187 187 187 188 188 189 189 189 189 189 189 189 189 189 189 189 188 188 188 187 187 186 184 183 182 181 181 178 177 177 178 180 187 189 187 187 187 187 187 187 187 187 187 187 187 187 187 187 187 187 187 
187 187 187 187 187 187 187 187 187 187 187 187 187 187 187 187 187 187 187 187 187 187 187 187 187 187 187 187 187 187 187 187 187 187 187 187 188 188 188 188 189 189 189 188 187 187 187 187 187 187 187 187 187 187 187 187 187 187 187 187 187 187 187 187 
187 187 187 187 187 187 187 187 187 187 187 187 187 187 187 187 187 187 187 187 187 187 187 187 187 187 187 187 187 187 187 187 187 187 187 187 187 187 187 187 187 187 186 186 187 187 187 187 187 187 187 187 187 187 187 187 187 187 187 187 187 187 187 187 
187 187 187 187 187 187 187 187 187 187 187 187 187 187 187 187 187 187 187 187 187 187 187 187 187 187 187 187 187 187 187 187 187 187 187 187 187 187 187 187 187 187 187 187 187 187 187 187 187 187 187 187 187 187 187 187 187 187 187 187 187 187 187 187 
187 187 187 187 187 187 187 187 187 187 187 187 187 187 187 187 187 187 187 187 187 187 187 187 187 187 187 187 187 187 187 187 187 187 187 187 187 187 187 187 187 187 187 187 187 187 187 187 187 187 187 187 187 187 187 187 187 187 187 187 187 187 187 187 
187 187 187 187 187 187 187 187 187 187 187 187 187 187 187 187 187 187 187 187 187 187 187 187 187 187 187 187 187 187 187 187 187 187 187 187 187 187 187 187 187 187 187 187 187 187 187 187 187 187 187 187 187 187 187 187 187 187 187 187 187 187 187 187 
187 187 187 187 187 187 187 187 187 187 187 187 187 187 187 187 187 187 187 187 187 187 187 187 187 187 187 187 187 187 187 187 187 187 187 187 187 187 187 187 187 187 187 187 187 187 187 187 187 187 187 187 187 187 187 187 187 187 187 187 187 187 187 187 
