187 187 187 187 187 187 187 187 187 187 187 187 187 187 187 187 187 187 187 187 187 187 187 187 187 187 187 187 187 187 187 187 187 187 187 187 187 187 187 187 187 187 187 187 187 187 187 187 187 187 187 187 187 187 187 187 187 187 187 187 187 187 187 187 
187 187 187 187 187 187 187 187 187 187 187 187 187 187 187 187 187 187 187 187 187 187 187 187 187 187 187 187 187 187 187 187 187 187 187 187 187 187 187 187 187 187 187 187 187 187 187 187 187 187 187 187 187 187 187 187 187 187 187 187 187 187 187 187 
187 187 187 187 187 187 187 187 187 187 187 187 187 187 187 187 187 187 187 187 187 187 187 187 187 187 187 187 187 187 187 187 187 187 187 187 187 187 187 187 187 187 187 187 187 187 187 187 187 187 187 187 187 187 187 187 187 187 187 187 187 187 187 187 
187 187 187 187 187 187 187 187 187 187 187 187 187 187 187 187 187 187 187 187 187 187 187 187 187 187 187 187 187 187 187 187 187 187 187 187 187 187 187 187 187 187 187 187 187 187 187 187 187 187 187 187 187 187 187 187 187 187 187 187 187 187 187 187 
187 187 187 187 187 187 187 187 187 187 187 187 187 187 187 187 187 187 187 187 187 187 187 187 187 187 187 187 187 187 187 187 187 187 187 187 187 187 187 187 187 187 187 187 187 187 187 187 187 187 187 187 187 187 187 187 187 187 187 187 187 187 187 187 
187 187 187 187 187 187 187 187 187 187 187 187 187 187 187 187 187 187 187 187 187 187 187 187 187 187 187 187 187 187 187 187 187 187 187 187 187 187 187 187 187 187 187 187 187 187 187 187 187 187 187 187 187 187 187 187 187 187 187 187 187 187 187 187 
187 187 187 187 187 187 187 187 187 187 187 187 187 187 187 187 187 187 187 187 187 187 187 187 187 187 187 187 187 187 187 187 187 187 187 187 187 187 187 187 187 187 187 187 187 187 187 187 187 187 187 187 187 187 187 187 187 187 187 187 187 187 187 187 
187 187 187 187 187 187 187 187 187 187 187 187 187 187 187 187 187 187 187 187 187 187 187 187 187 187 187 187 187 187 187 187 187 187 187 187 187 187 187 187 187 187 187 187 187 187 187 187 187 187 187 187 187 187 187 187 187 187 187 187 187 187 187 187 
187 187 187 187 187 187 187 187 187 187 187 187 187 187 187 187 187 187 187 187 187 187 187 187 187 187 187 187 187 187 187 187 187 187 187 187 187 187 187 187 187 187 187 187 187 187 187 187 187 187 187 187 187 187 187 187 187 187 187 187 187 187 187 187 
187 187 187 187 187 187 187 187 187 187 187 187 187 187 187 187 187 187 187 187 187 187 187 187 187 187 187 187 187 187 187 187 187 187 187 187 187 187 187 187 187 187 187 187 187 187 187 187 187 187 187 187 187 187 187 187 187 187 187 187 187 187 187 187 
187 187 187 187 187 187 187 187 187 187 187 187 187 187 187 187 187 187 187 187 187 187 187 187 187 187 187 187 187 187 187 187 187 187 187 187 187 187 187 187 187 187 187 187 187 187 187 187 187 187 187 187 187 187 187 187 187 187 187 187 187 187 187 187 
187 187 187 187 187 187 187 187 187 187 187 187 187 187 187 187 187 187 187 187 187 187 187 187 187 187 187 187 187 187 187 187 187 187 187 187 187 187 187 187 187 187 187 187 187 187 187 187 187 187 187 187 187 187 187 187 187 187 187 187 187 187 187 187 
187 187 187 187 187 187 187 187 187 187 187 187 187 187 187 187 187 187 187 187 187 187 187 187 187 187 187 187 187 187 187 187 187 187 187 187 187 187 187 187 187 187 187 187 187 187 187 187 187 187 187 187 187 187 187 187 187 187 187 187 187 187 187 187 
187 187 187 187 187 187 187 187 187 187 187 186 187 185 186 186 186 186 186 186 186 186 186 186 186 186 186 187 187 187 187 187 187 187 187 187 187 187 187 187 187 187 187 187 187 187 187 187 187 187 187 187 187 187 187 187 187 187 187 187 187 187 187 187 
187 187 187 187 187 187 187 187 187 187 187 189 188 188 187 187 188 188 188 188 188 187 187 187 187 187 186 186 186 186 186 186 186 186 186 186 186 186 186 186 187 187 187 187 187 187 187 187 187 187 187 187 187 187 187 187 187 187 187 187 187 187 187 187 
187 187 187 187 187 187 187 187 186 186 185 182 184 186 193 191 193 193 192 191 191 190 190 190 189 188 188 188 187 187 188 188 188 188 188 188 188 188 187 187 187 186 187 186 186 186 186 186 186 186 187 187 187 187 187 187 187 187 187 187 187 187 187 187 
187 187 187 187 187 187 187 187 187 188 188 179 202 174 179 179 175 174 175 174 173 175 173 171 173 175 176 180 182 184 187 189 190 191 191 191 190 190 190 190 188 187 187 186 186 186 186 186 186 186 186 186 186 186 186 186 186 187 187 187 187 187 187 187 
187 187 187 187 187 187 187 187 187 186 186 189 185 186 194 187 191 191 192 193 194 195 196 197 197 196 196 193 192 190 188 184 184 180 179 178 178 180 178 175 180 188 189 189 190 191 192 191 191 191 191 191 191 190 190 189 188 187 187 187 187 187 187 187 
187 187 187 187 187 187 187 187 187 187 186 187 189 181 186 184 186 186 186 186 186 186 186 185 185 185 185 185 185 184 185 185 185 188 188 190 192 191 190 194 190 184 186 182 182 181 180 179 179 179 179 179 179 180 180 181 181 188 186 187 187 187 187 187 
187 187 187 187 187 187 187 187 187 187 186 188 189 181 192 187 187 187 187 187 187 187 187 187 186 186 186 186 185 186 186 185 186 186 186 186 185 186 185 192 175 191 189 188 189 190 190 191 191 191 192 191 191 192 192 191 189 188 187 187 187 187 187 187 
187 187 187 187 187 187 187 187 187 187 186 188 190 178 191 187 187 187 187 187 187 187 187 187 187 187 188 188 188 188 188 188 188 188 187 187 188 188 183 196 175 189 188 185 186 186 186 186 186 186 186 186 186 186 186 186 187 187 187 187 187 187 187 187 
187 187 187 187 187 187 187 187 187 187 186 188 190 176 195 184 187 188 187 187 187 187 187 187 187 187 187 187 187 187 187 187 187 187 187 187 188 187 185 198 175 189 188 186 187 187 187 187 187 187 186 186 186 186 186 186 186 187 187 187 187 187 187 187 
187 187 187 187 187 187 187 187 187 187 186 188 190 175 194 185 187 187 187 187 187 187 187 187 187 187 187 187 187 187 187 187 187 187 187 187 188 186 184 197 174 189 187 186 187 187 187 187 187 187 187 187 187 187 187 187 187 187 187 187 187 187 187 187 
187 187 187 187 187 187 187 187 187 187 186 188 190 175 196 184 187 187 187 187 187 187 188 187 187 187 188 188 187 187 187 187 187 187 187 187 187 186 182 199 174 189 187 186 187 187 187 187 187 187 187 187 187 187 187 187 187 187 187 187 187 187 187 187 
187 187 187 187 187 187 187 187 187 187 186 188 190 175 195 185 187 187 186 187 187 187 187 186 186 186 185 185 186 186 186 187 186 188 187 187 187 187 183 197 176 189 187 186 187 187 187 187 187 187 187 187 187 187 187 187 187 187 187 187 187 187 187 187 
187 187 187 187 187 187 187 187 187 187 186 188 190 174 196 184 187 188 187 186 187 187 186 185 187 192 193 192 189 186 185 186 187 187 187 187 188 186 184 195 177 189 187 186 187 187 187 187 187 187 187 187 187 187 187 187 187 187 187 187 187 187 187 187 
187 187 187 187 187 187 187 187 187 187 186 188 190 174 196 184 187 188 186 187 187 184 190 195 183 178 177 178 180 192 193 184 187 188 186 187 187 186 185 195 177 189 187 186 187 187 187 187 187 187 187 187 187 187 187 187 187 187 187 187 187 187 187 187 
187 187 187 187 187 187 187 187 187 187 186 188 190 174 195 186 187 187 187 187 183 194 184 176 188 189 189 189 189 180 177 196 184 186 187 187 188 186 183 199 176 189 187 186 187 187 187 187 187 187 187 187 187 187 187 187 187 187 187 187 187 187 187 187 
187 187 187 187 187 187 187 187 187 187 186 188 190 176 195 183 188 187 187 184 194 181 184 190 188 188 188 188 187 189 189 176 196 184 187 187 188 186 184 196 177 188 187 186 187 187 187 187 187 187 187 187 187 187 187 187 187 187 187 187 187 187 187 187 
187 187 187 187 187 187 187 187 187 187 186 188 190 177 192 187 188 187 186 189 187 183 189 186 186 186 186 186 187 186 188 188 176 195 185 187 187 186 183 198 177 189 187 186 187 187 187 187 187 187 187 187 187 187 187 187 187 187 187 187 187 187 187 187 
187 187 187 187 187 187 187 187 187 187 185 188 190 177 191 187 187 187 185 196 174 190 186 186 187 186 187 186 186 187 186 188 184 187 187 186 188 187 184 194 179 189 186 186 187 187 187 187 187 187 187 187 187 187 187 187 187 187 187 187 187 187 187 187 
187 187 187 187 187 187 187 187 187 187 185 189 190 177 193 185 188 186 187 184 186 188 186 187 186 187 187 187 187 187 187 187 190 175 194 186 187 186 184 195 179 189 186 186 187 187 187 187 187 187 187 187 187 187 187 187 187 187 187 187 187 187 187 187 
187 187 187 187 187 187 187 187 187 187 186 188 189 178 190 185 188 186 192 178 189 188 186 186 187 187 187 187 187 187 186 188 188 177 196 184 187 186 183 196 179 189 186 186 187 187 187 187 187 187 187 187 187 187 187 187 187 187 187 187 187 187 187 187 
187 187 187 187 187 187 187 187 187 187 186 189 189 180 191 185 189 185 194 176 189 188 186 187 187 187 187 187 187 187 186 188 188 179 194 184 188 187 185 194 179 189 186 186 187 187 187 187 187 187 187 187 187 187 187 187 187 187 187 187 187 187 187 187 
187 187 187 187 187 187 187 187 187 187 186 189 188 182 188 186 189 186 193 177 189 188 186 187 187 187 187 187 187 187 186 188 188 178 195 184 188 187 184 193 180 189 186 187 187 187 187 187 187 187 187 187 187 187 187 187 187 187 187 187 187 187 187 187 
187 187 187 187 187 187 187 187 187 187 185 189 187 185 189 184 188 186 188 182 189 188 186 187 186 187 187 187 186 186 187 187 189 174 195 185 187 186 182 195 180 189 186 187 187 187 187 187 187 187 187 187 187 187 187 187 187 187 187 187 187 187 187 187 
187 187 187 187 187 187 187 187 187 187 185 189 186 186 183 186 189 185 185 194 177 189 186 187 187 186 187 187 186 187 186 188 187 184 189 186 188 186 185 192 180 188 186 187 187 187 187 187 187 187 187 187 187 187 187 187 187 187 187 187 187 187 187 187 
187 187 187 187 187 187 187 187 187 187 186 189 183 191 185 186 189 187 186 191 182 186 188 186 187 187 186 186 186 186 187 190 176 195 185 186 188 185 184 194 181 189 186 187 187 187 187 187 187 187 187 187 187 187 187 187 187 187 187 187 187 187 187 187 
187 187 187 187 187 187 187 187 187 187 186 189 182 192 184 185 188 187 187 184 195 177 185 190 188 188 189 188 188 189 189 175 194 185 186 187 188 186 184 191 182 188 186 187 187 187 187 187 187 187 187 187 187 187 187 187 187 187 187 187 187 187 187 187 
187 187 187 187 187 187 187 187 187 187 186 189 180 193 184 186 188 187 187 188 183 195 185 174 184 188 188 189 187 179 176 197 185 186 187 187 188 186 185 189 184 188 186 187 187 187 187 187 187 187 187 187 187 187 187 187 187 187 187 187 187 187 187 187 
187 187 187 187 187 187 187 187 187 186 186 189 178 197 184 185 188 187 186 187 187 184 189 197 188 183 181 182 184 195 193 185 186 187 186 187 188 185 185 189 185 188 186 187 187 187 187 187 187 187 187 187 187 187 187 187 187 187 187 187 187 187 187 187 
187 187 187 187 187 187 187 187 187 186 186 189 179 193 183 185 188 187 187 187 187 187 186 185 185 188 189 188 187 185 186 186 187 187 187 188 188 185 185 188 186 188 186 187 187 187 187 187 187 187 187 187 187 187 187 187 187 187 187 187 187 187 187 187 
187 187 187 187 187 187 187 187 187 186 187 189 178 196 184 186 188 187 187 187 187 187 186 186 186 186 185 186 186 186 186 187 186 187 187 186 187 186 187 184 187 188 186 187 187 187 187 187 187 187 187 187 187 187 187 187 187 187 187 187 187 187 187 187 
187 187 187 187 187 187 187 187 187 186 187 189 176 199 185 186 188 187 187 187 187 188 188 188 188 188 188 188 188 188 187 188 187 187 187 187 187 186 187 186 188 188 186 187 187 187 187 187 187 187 187 187 187 187 187 187 187 187 187 187 187 187 187 187 
187 187 187 187 187 187 187 187 187 186 187 189 177 195 184 187 188 187 187 187 187 187 187 187 187 187 187 187 187 187 187 188 187 187 187 187 187 187 189 182 189 188 186 187 187 187 187 187 187 187 187 187 187 187 187 187 187 187 187 187 187 187 187 187 
187 187 187 187 187 187 187 187 187 186 187 189 176 194 185 185 187 187 187 187 188 188 188 188 188 188 188 187 188 187 188 187 187 187 187 187 187 186 189 182 189 187 186 187 187 187 187 187 187 187 187 187 187 187 187 187 187 187 187 187 187 187 187 187 
187 187 187 187 187 187 187 187 187 186 187 189 177 197 184 186 187 185 186 186 185 186 185 186 186 186 186 186 186 186 186 186 186 185 186 186 186 185 191 180 188 187 187 187 187 187 187 187 187 187 187 187 187 187 187 187 187 187 187 187 187 187 187 187 
187 187 187 187 187 187 187 187 187 186 187 189 181 198 192 194 192 194 191 190 190 188 189 186 187 186 186 186 186 189 189 190 191 191 192 191 193 192 195 182 188 187 187 187 187 187 187 187 187 187 187 187 187 187 187 187 187 187 187 187 187 187 187 187 
187 187 187 187 187 187 187 187 187 187 187 187 185 180 178 178 179 179 180 181 181 183 185 185 186 188 187 187 186 184 182 181 181 180 180 180 180 179 183 186 187 187 187 187 187 187 187 187 187 187 187 187 187 187 187 187 187 187 187 187 187 187 187 187 
187 187 187 187 187 187 187 187 187 187 187 187 187 189 188 189 189 189 189 189 189 188 188 187 187 186 186 186 187 188 188 189 189 189 189 189 188 188 188 187 187 187 187 187 187 187 187 187 187 187 187 187 187 187 187 187 187 187 187 187 187 187 187 187 
187 187 187 187 187 187 187 187 187 187 187 187 187 188 187 187 188 188 188 188 188 188 188 188 188 188 188 188 188 188 188 188 188 188 188 188 187 187 187 187 187 187 187 187 187 187 187 187 187 187 187 187 187 187 187 187 187 187 187 187 187 187 187 187 
187 187 187 187 187 187 187 187 187 187 187 187 187 186 186 186 186 186 186 186 186 186 186 186 186 186 186 186 186 186 186 186 186 186 186 186 186 187 187 187 187 187 187 187 187 187 187 187 187 187 187 187 187 187 187 187 187 187 187 187 187 187 187 187 
187 187 187 187 187 187 187 187 187 187 187 187 187 187 187 187 187 187 187 187 187 187 187 187 187 187 187 187 187 187 187 187 187 187 187 187 187 187 187 187 187 187 187 187 187 187 187 187 187 187 187 187 187 187 187 187 187 187 187 187 187 187 187 187 
187 187 187 187 187 187 187 187 187 187 187 187 187 187 187 187 187 187 187 187 187 187 187 187 187 187 187 187 187 187 187 187 187 187 187 187 187 187 187 187 187 187 187 187 187 187 187 187 187 187 187 187 187 187 187 187 187 187 187 187 187 187 187 187 
187 187 187 187 187 187 187 187 187 187 187 187 187 187 187 187 187 187 187 187 187 187 187 187 187 187 187 187 187 187 187 187 187 187 187 187 187 187 187 187 187 187 187 187 187 187 187 187 187 187 187 187 187 187 187 187 187 187 187 187 187 187 187 187 
187 187 187 187 187 187 187 187 187 187 187 187 187 187 187 187 187 187 187 187 187 187 187 187 187 187 187 187 187 187 187 187 187 187 187 187 187 187 187 187 187 187 187 187 187 187 187 187 187 187 187 187 187 187 187 187 187 187 187 187 187 187 187 187 
187 187 187 187 187 187 187 187 187 187 187 187 187 187 187 187 187 187 187 187 187 187 187 187 187 187 187 187 187 187 187 187 187 187 187 187 187 187 187 187 187 187 187 187 187 187 187 187 187 187 187 187 187 187 187 187 187 187 187 187 187 187 187 187 
187 187 187 187 187 187 187 187 187 187 187 187 187 187 187 187 187 187 187 187 187 187 187 187 187 187 187 187 187 187 187 187 187 187 187 187 187 187 187 187 187 187 187 187 187 187 187 187 187 187 187 187 187 187 187 187 187 187 187 187 187 187 187 187 
187 187 187 187 187 187 187 187 187 187 187 187 187 187 187 187 187 187 187 187 187 187 187 187 187 187 187 187 187 187 187 187 187 187 187 187 187 187 187 187 187 187 187 187 187 187 187 187 187 187 187 187 187 187 187 187 187 187 187 187 187 187 187 187 
187 187 187 187 187 187 187 187 187 187 187 187 187 187 187 187 187 187 187 187 187 187 187 187 187 187 187 187 187 187 187 187 187 187 187 187 187 187 187 187 187 187 187 187 187 187 187 187 187 187 187 187 187 187 187 187 187 187 187 187 187 187 187 187 
187 187 187 187 187 187 187 187 187 187 187 187 187 187 187 187 187 187 187 187 187 187 187 187 187 187 187 187 187 187 187 187 187 187 187 187 187 187 187 187 187 187 187 187 187 187 187 187 187 187 187 187 187 187 187 187 187 187 187 187 187 187 187 187 
187 187 187 187 187 187 187 187 187 187 187 187 187 187 187 187 187 187 187 187 187 187 187 187 187 187 187 187 187 187 187 187 187 187 187 187 187 187 187 187 187 187 187 187 187 187 187 187 187 187 187 187 187 187 187 187 187 187 187 187 187 187 187 187 
187 187 187 187 187 187 187 187 187 187 187 187 187 187 187 187 187 187 187 187 187 187 187 187 187 187 187 187 187 187 187 187 187 187 187 187 187 187 187 187 187 187 187 187 187 187 187 187 187 187 187 187 187 187 187 187 187 187 187 187 187 187 187 187 
187 187 187 187 187 187 187 187 187 187 187 187 187 187 187 187 187 187 187 187 187 187 187 187 187 187 187 187 187 187 187 187 187 187 187 187 187 187 187 187 187 187 187 187 187 187 187 187 187 187 187 187 187 187 187 187 187 187 187 187 187 187 187 187 
