187 187 187 187 187 187 187 187 187 187 187 187 187 187 187 187 187 187 187 187 187 187 187 187 187 187 187 187 187 187 187 187 187 187 187 187 187 187 186 187 187 187 187 187 187 187 187 187 187 187 187 187 187 187 187 187 187 187 187 187 187 187 187 187 
187 187 187 187 187 187 187 187 187 187 187 187 187 187 187 187 187 187 187 187 187 187 187 187 185 188 187 187 187 187 187 187 187 187 187 187 187 190 181 188 187 187 187 187 187 187 187 187 187 187 187 187 187 187 187 187 187 187 187 187 187 187 187 187 
187 187 187 187 187 187 187 187 187 187 187 187 187 187 187 187 187 187 187 187 187 187 187 189 173 191 187 187 187 187 187 187 187 187 187 187 188 192 164 191 187 187 187 187 187 187 187 187 187 187 187 187 187 187 187 187 187 187 187 187 187 187 187 187 
187 187 187 187 187 187 187 187 187 187 187 187 187 187 187 187 187 187 187 187 187 187 188 191 156 192 187 187 187 187 187 187 187 187 187 187 188 192 153 192 187 187 187 187 187 187 187 187 187 187 187 187 187 187 187 187 187 187 187 187 187 187 187 187 
187 187 187 187 187 187 187 187 187 187 187 187 187 187 187 187 187 187 187 187 187 187 188 192 153 192 187 187 187 187 187 187 187 187 187 187 188 192 153 192 187 187 187 187 187 187 187 187 187 187 187 187 187 187 187 187 187 187 187 187 187 187 187 187 
187 187 187 187 187 187 187 187 187 187 187 187 187 187 187 187 187 187 187 187 187 187 188 192 153 192 187 187 187 187 187 187 187 187 187 187 188 192 153 192 187 187 187 187 187 187 187 187 187 187 187 187 187 187 187 187 187 187 187 187 187 187 187 187 
187 187 187 187 187 187 187 187 187 187 187 187 187 187 187 187 187 187 187 187 187 187 188 192 153 192 187 187 187 187 187 187 187 187 187 187 188 192 153 192 187 187 187 187 187 187 187 187 187 187 187 187 187 187 187 187 187 187 187 187 187 187 187 187 
187 187 187 187 187 187 187 187 187 187 187 187 187 187 187 187 187 187 187 187 187 187 188 192 153 192 187 187 187 187 187 187 187 187 187 187 188 192 153 192 187 187 187 187 187 187 187 187 187 187 187 190 185 187 187 187 187 187 187 187 187 187 187 187 
187 187 187 187 187 187 187 187 187 187 187 188 187 187 187 187 187 187 187 187 187 187 188 192 153 192 187 187 187 187 187 187 187 187 187 187 188 192 153 192 187 187 187 187 187 187 187 187 187 187 188 193 177 187 187 187 187 187 187 187 187 187 187 187 
187 187 187 187 187 187 187 187 187 186 186 190 187 187 187 187 187 187 187 187 187 187 188 192 153 192 187 187 187 187 187 187 187 187 187 187 188 192 153 192 187 187 187 187 187 187 187 187 187 187 188 193 164 189 187 187 187 187 187 187 187 187 187 187 
187 187 187 187 187 187 187 187 187 186 177 192 187 187 187 187 187 187 187 187 187 187 188 192 153 192 187 187 187 187 187 187 187 187 187 187 188 192 153 192 187 187 187 187 187 187 187 187 187 187 188 192 154 191 187 187 187 187 187 187 187 187 187 187 
187 187 187 187 187 187 187 187 187 188 162 192 187 187 187 187 187 187 187 187 187 187 188 192 153 192 187 187 187 187 187 187 187 187 187 187 188 192 153 192 187 187 187 187 187 187 187 187 187 187 188 192 153 192 187 187 187 187 187 187 187 187 187 187 
187 187 187 187 187 187 187 187 188 191 153 192 187 187 187 187 187 187 187 187 187 187 188 192 153 192 187 187 187 187 187 187 187 187 187 187 188 192 153 192 187 187 187 187 187 187 187 187 187 187 188 192 153 192 187 187 187 187 187 187 187 187 187 187 
187 187 187 187 187 187 187 187 188 192 153 192 187 187 187 187 187 187 187 187 187 187 188 192 153 192 187 187 187 187 187 187 187 187 187 187 188 192 153 192 187 187 187 187 187 187 187 187 187 187 188 192 153 192 187 187 187 187 187 187 187 187 187 187 
187 187 187 187 187 187 187 187 188 192 153 192 187 187 187 187 187 187 187 187 187 187 188 192 153 192 187 187 187 187 187 187 187 187 187 187 188 192 153 192 187 187 187 187 187 187 187 187 187 187 188 192 153 192 187 187 187 187 187 187 187 187 187 187 
187 187 187 187 187 187 187 187 188 192 153 192 187 187 187 187 187 187 187 187 187 187 188 192 153 192 187 187 187 187 187 187 187 187 187 187 188 192 153 192 187 187 187 187 187 187 187 187 187 187 188 192 153 192 187 187 187 187 187 187 187 187 187 187 
187 187 187 187 187 187 187 187 188 192 153 192 187 187 187 187 187 187 187 187 187 187 188 192 153 192 187 187 187 187 187 187 187 187 187 187 188 192 153 192 187 187 187 187 187 187 187 187 187 187 188 192 153 192 187 187 187 187 187 187 187 187 187 187 
187 187 187 187 187 187 187 187 188 192 153 192 187 187 187 187 187 187 187 187 187 187 188 192 153 192 187 187 187 187 187 187 187 187 187 187 188 192 153 192 187 187 187 187 187 187 187 187 187 187 188 192 153 192 187 187 187 187 187 187 187 187 187 187 
187 187 187 187 187 187 187 187 188 192 153 192 187 187 187 187 187 187 187 187 187 187 188 192 153 192 187 187 187 187 187 187 187 187 187 187 188 192 153 192 187 187 187 187 187 187 187 187 187 187 188 192 153 192 187 187 187 187 187 187 187 187 187 187 
187 187 187 187 187 187 187 187 188 192 153 192 187 187 187 187 187 187 187 187 187 187 188 192 153 192 187 187 187 187 187 187 187 187 187 187 188 192 153 192 187 187 187 187 187 187 187 187 187 187 188 192 153 192 187 187 187 187 187 187 187 187 187 187 
187 187 187 187 187 187 187 187 188 192 153 192 187 187 187 187 187 187 187 187 187 187 188 192 153 192 187 187 187 187 187 187 187 187 187 187 188 192 153 192 187 187 187 187 187 187 187 187 187 187 188 192 153 192 187 187 187 187 187 187 187 187 187 187 
187 187 187 187 187 187 187 187 188 192 153 192 187 187 187 187 187 187 187 187 187 187 188 192 153 192 187 187 187 187 187 187 187 187 187 187 188 192 153 192 187 187 187 187 187 187 187 187 187 187 188 192 153 192 187 187 187 187 187 187 187 187 187 187 
187 187 187 187 187 187 187 187 188 192 153 192 187 187 187 187 187 187 187 187 187 187 188 192 153 192 187 187 187 187 187 187 187 187 187 187 188 192 153 192 187 187 187 187 187 187 187 187 187 187 188 192 153 192 187 187 187 187 187 187 187 187 187 187 
187 187 187 187 187 187 187 187 188 192 153 192 187 187 187 187 187 187 187 187 187 187 188 192 153 192 187 187 187 187 187 187 187 187 187 187 188 192 153 192 187 187 187 187 187 187 187 187 187 187 188 192 153 192 187 187 187 187 187 187 187 187 187 187 
187 187 187 187 187 187 187 187 188 192 153 192 187 187 187 187 187 187 187 187 187 187 188 192 153 192 187 187 187 187 187 187 187 187 187 187 188 192 153 192 187 187 187 187 187 187 187 187 187 187 188 192 153 192 187 187 187 187 187 187 187 187 187 187 
187 187 187 187 187 187 187 187 188 192 153 192 187 187 187 187 187 187 187 187 187 187 188 192 153 192 187 187 187 187 187 187 187 187 187 187 188 192 153 192 187 187 187 187 187 187 187 187 187 187 188 192 153 192 187 187 187 187 187 187 187 187 187 187 
187 187 187 187 187 187 187 187 188 192 153 192 187 187 187 187 187 187 187 187 187 187 188 192 153 192 187 187 187 187 187 187 187 187 187 187 188 192 153 192 187 187 187 187 187 187 187 187 187 187 188 192 153 192 187 187 187 187 187 187 187 187 187 187 
187 187 187 187 187 187 187 187 188 192 153 192 187 187 187 187 187 187 187 187 187 187 188 192 153 192 187 187 187 187 187 187 187 187 187 187 188 192 153 192 187 187 187 187 187 187 187 187 187 187 188 192 153 192 187 187 187 187 187 187 187 187 187 187 
187 187 187 187 187 187 187 187 188 192 153 192 187 187 187 187 187 187 187 187 187 187 188 192 153 192 187 187 187 187 187 187 187 187 187 187 188 192 153 192 187 187 187 187 187 187 187 187 187 187 188 192 153 192 187 187 187 187 187 187 187 187 187 187 
187 187 187 187 187 187 187 187 188 192 153 192 187 187 187 187 187 187 187 187 187 187 188 192 153 192 187 187 187 187 187 187 187 187 187 187 188 192 153 192 187 187 187 187 187 187 187 187 187 187 188 192 153 192 187 187 187 187 187 187 187 187 187 187 
187 187 187 187 187 187 187 187 188 192 153 192 187 187 187 187 187 187 187 187 187 187 188 192 153 192 187 187 187 187 187 187 187 187 187 187 188 192 153 192 187 187 187 187 187 187 187 187 187 187 188 192 153 192 187 187 187 187 187 187 187 187 187 187 
187 187 187 187 187 187 187 187 188 192 153 192 187 187 187 187 187 187 187 187 187 187 188 192 153 192 187 187 187 187 187 187 187 187 187 187 188 192 153 192 187 187 187 187 187 187 187 187 187 187 188 192 153 192 187 187 187 187 187 187 187 187 187 187 
187 187 187 187 187 187 187 187 188 192 153 192 187 187 187 187 187 187 187 187 187 187 188 192 153 192 187 187 187 187 187 187 187 187 187 187 188 192 153 192 187 187 187 187 187 187 187 187 187 187 188 192 153 192 187 187 187 187 187 187 187 187 187 187 
187 187 187 187 187 187 187 187 188 192 153 192 187 187 187 187 187 187 187 187 187 187 188 192 153 192 187 187 187 187 187 187 187 187 187 187 188 192 153 192 187 187 187 187 187 187 187 187 187 187 188 192 153 192 187 187 187 187 187 187 187 187 187 187 
187 187 187 187 187 187 187 187 188 192 153 192 187 187 187 187 187 187 187 187 187 187 188 192 153 192 187 187 187 187 187 187 187 187 187 187 188 192 153 192 187 187 187 187 187 187 187 187 187 187 188 192 153 192 187 187 187 187 187 187 187 187 187 187 
187 187 187 187 187 187 187 187 188 192 153 192 187 187 187 187 187 187 187 187 187 187 188 192 153 192 187 187 187 187 187 187 187 187 187 187 188 192 153 192 187 187 187 187 187 187 187 187 187 187 188 192 153 192 187 187 187 187 187 187 187 187 187 187 
187 187 187 187 187 187 187 187 188 192 153 192 187 187 187 187 187 187 187 187 187 187 188 192 153 192 187 187 187 187 187 187 187 187 187 187 188 192 153 192 187 187 187 187 187 187 187 187 187 187 188 192 153 192 187 187 187 187 187 187 187 187 187 187 
187 187 187 187 187 187 187 187 188 192 153 192 187 187 187 187 187 187 187 187 187 187 188 192 153 192 187 187 187 187 187 187 187 187 187 187 188 192 153 192 187 187 187 187 187 187 187 187 187 187 188 192 153 192 187 187 187 187 187 187 187 187 187 187 
187 187 187 187 187 187 187 187 188 192 153 192 187 187 187 187 187 187 187 187 187 187 188 192 153 192 187 187 187 187 187 187 187 187 187 187 188 192 153 192 187 187 187 187 187 187 187 187 187 187 188 192 153 192 187 187 187 187 187 187 187 187 187 187 
187 187 187 187 187 187 187 187 188 192 153 192 187 187 187 187 187 187 187 187 187 187 188 192 153 192 187 187 187 187 187 187 187 187 187 187 188 192 153 192 187 187 187 187 187 187 187 187 187 187 188 192 153 192 187 187 187 187 187 187 187 187 187 187 
187 187 187 187 187 187 187 187 188 192 153 192 187 187 187 187 187 187 187 187 187 187 188 192 153 192 187 187 187 187 187 187 187 187 187 187 188 192 153 192 187 187 187 187 187 187 187 187 187 187 188 192 153 192 187 187 187 187 187 187 187 187 187 187 
187 187 187 187 187 187 187 187 188 192 153 192 187 187 187 187 187 187 187 187 187 187 188 192 153 192 187 187 187 187 187 187 187 187 187 187 188 192 153 192 187 187 187 187 187 187 187 187 187 187 188 192 153 192 187 187 187 187 187 187 187 187 187 187 
187 187 187 187 187 187 187 187 188 192 153 192 187 187 187 187 187 187 187 187 187 187 188 192 153 192 187 187 187 187 187 187 187 187 187 187 188 192 153 192 187 187 187 187 187 187 187 187 187 187 188 192 153 192 187 187 187 187 187 187 187 187 187 187 
187 187 187 187 187 187 187 187 188 192 153 192 187 187 187 187 187 187 187 187 187 187 188 192 153 192 187 187 187 187 187 187 187 187 187 187 188 192 153 192 187 187 187 187 187 187 187 187 187 187 188 192 153 192 187 187 187 187 187 187 187 187 187 187 
187 187 187 187 187 187 187 187 188 192 153 192 187 187 187 187 187 187 187 187 187 187 188 192 153 192 187 187 187 187 187 187 187 187 187 187 188 192 153 192 187 187 187 187 187 187 187 187 187 187 188 192 153 192 187 187 187 187 187 187 187 187 187 187 
187 187 187 187 187 187 187 187 188 192 153 192 187 187 187 187 187 187 187 187 187 187 188 192 153 192 187 187 187 187 187 187 187 187 187 187 188 192 153 192 187 187 187 187 187 187 187 187 187 187 188 192 153 192 187 187 187 187 187 187 187 187 187 187 
187 187 187 187 187 187 187 187 188 192 153 192 187 187 187 187 187 187 187 187 187 187 188 192 153 192 187 187 187 187 187 187 187 187 187 187 188 192 153 192 187 187 187 187 187 187 187 187 187 187 188 192 153 192 187 187 187 187 187 187 187 187 187 187 
187 187 187 187 187 187 187 187 188 192 153 192 187 187 187 187 187 187 187 187 187 187 188 192 153 192 187 187 187 187 187 187 187 187 187 187 188 192 153 192 187 187 187 187 187 187 187 187 187 187 188 192 153 192 187 187 187 187 187 187 187 187 187 187 
187 187 187 187 187 187 187 187 188 192 153 192 187 187 187 187 187 187 187 187 187 187 188 192 153 192 187 187 187 187 187 187 187 187 187 187 188 192 153 192 187 187 187 187 187 187 187 187 187 187 188 192 153 192 187 187 187 187 187 187 187 187 187 187 
187 187 187 187 187 187 187 187 188 192 153 192 187 187 187 187 187 187 187 187 187 187 188 192 153 192 187 187 187 187 187 187 187 187 187 187 188 192 153 192 187 187 187 187 187 187 187 187 187 187 188 192 153 192 187 187 187 187 187 187 187 187 187 187 
187 187 187 187 187 187 187 187 188 192 153 192 187 187 187 187 187 187 187 187 187 187 188 192 153 192 187 187 187 187 187 187 187 187 187 187 188 192 153 192 187 187 187 187 187 187 187 187 187 187 188 192 153 192 187 187 187 187 187 187 187 187 187 187 
187 187 187 187 187 187 187 187 188 191 153 192 187 187 187 187 187 187 187 187 187 187 188 192 153 192 187 187 187 187 187 187 187 187 187 187 188 192 153 192 187 187 187 187 187 187 187 187 187 187 188 192 153 192 187 187 187 187 187 187 187 187 187 187 
187 187 187 187 187 187 187 187 187 188 162 192 187 187 187 187 187 187 187 187 187 187 188 192 153 192 187 187 187 187 187 187 187 187 187 187 188 192 153 192 187 187 187 187 187 187 187 187 187 187 188 192 153 192 187 187 187 187 187 187 187 187 187 187 
187 187 187 187 187 187 187 187 187 186 177 192 187 187 187 187 187 187 187 187 187 187 188 192 153 192 187 187 187 187 187 187 187 187 187 187 188 192 153 192 187 187 187 187 187 187 187 187 187 187 188 192 154 191 187 187 187 187 187 187 187 187 187 187 
187 187 187 187 187 187 187 187 187 186 186 190 187 187 187 187 187 187 187 187 187 187 188 192 153 192 187 187 187 187 187 187 187 187 187 187 188 192 153 192 187 187 187 187 187 187 187 187 187 187 188 193 164 189 187 187 187 187 187 187 187 187 187 187 
187 187 187 187 187 187 187 187 187 187 187 188 187 187 187 187 187 187 187 187 187 187 188 192 153 192 187 187 187 187 187 187 187 187 187 187 188 192 153 192 187 187 187 187 187 187 187 187 187 187 188 193 177 187 187 187 187 187 187 187 187 187 187 187 
187 187 187 187 187 187 187 187 187 187 187 187 187 187 187 187 187 187 187 187 187 187 188 192 153 192 187 187 187 187 187 187 187 187 187 187 188 192 153 192 187 187 187 187 187 187 187 187 187 187 187 190 185 187 187 187 187 187 187 187 187 187 187 187 
187 187 187 187 187 187 187 187 187 187 187 187 187 187 187 187 187 187 187 187 187 187 188 192 153 192 187 187 187 187 187 187 187 187 187 187 188 192 153 192 187 187 187 187 187 187 187 187 187 187 187 187 187 187 187 187 187 187 187 187 187 187 187 187 
187 187 187 187 187 187 187 187 187 187 187 187 187 187 187 187 187 187 187 187 187 187 188 192 153 192 187 187 187 187 187 187 187 187 187 187 188 192 153 192 187 187 187 187 187 187 187 187 187 187 187 187 187 187 187 187 187 187 187 187 187 187 187 187 
187 187 187 187 187 187 187 187 187 187 187 187 187 187 187 187 187 187 187 187 187 187 188 192 153 192 187 187 187 187 187 187 187 187 187 187 188 192 153 192 187 187 187 187 187 187 187 187 187 187 187 187 187 187 187 187 187 187 187 187 187 187 187 187 
187 187 187 187 187 187 187 187 187 187 187 187 187 187 187 187 187 187 187 187 187 187 188 191 156 192 187 187 187 187 187 187 187 187 187 187 188 192 153 192 187 187 187 187 187 187 187 187 187 187 187 187 187 187 187 187 187 187 187 187 187 187 187 187 
187 187 187 187 187 187 187 187 187 187 187 187 187 187 187 187 187 187 187 187 187 187 187 189 173 191 187 187 187 187 187 187 187 187 187 187 188 192 164 191 187 187 187 187 187 187 187 187 187 187 187 187 187 187 187 187 187 187 187 187 187 187 187 187 
187 187 187 187 187 187 187 187 187 187 187 187 187 187 187 187 187 187 187 187 187 187 187 187 185 188 187 187 187 187 187 187 187 187 187 187 187 190 181 188 187 187 187 187 187 187 187 187 187 187 187 187 187 187 187 187 187 187 187 187 187 187 187 187 
187 187 187 187 187 187 187 187 187 187 187 187 187 187 187 187 187 187 187 187 187 187 187 187 187 187 187 187 187 187 187 187 187 187 187 187 187 187 186 187 187 187 187 187 187 187 187 187 187 187 187 187 187 187 187 187 187 187 187 187 187 187 187 187 
