187 187 187 187 187 187 187 187 187 187 187 187 187 187 187 187 187 187 187 187 187 187 187 187 187 187 187 187 187 187 187 187 187 187 187 187 187 187 187 187 187 187 187 187 187 187 187 187 187 187 187 187 187 187 187 187 187 187 187 187 187 187 187 187 
187 187 187 187 187 187 187 187 187 187 187 187 187 187 187 187 187 187 187 187 187 187 187 187 187 187 187 187 187 187 187 187 187 187 187 187 187 187 187 187 187 187 187 187 187 187 187 187 187 187 187 187 187 187 187 187 187 187 187 187 187 187 187 187 
187 187 187 187 187 187 187 187 187 187 187 187 187 187 187 187 187 187 187 187 187 187 187 187 187 187 187 187 187 187 187 187 187 187 187 187 187 187 187 187 187 187 187 187 187 187 187 187 187 187 187 187 187 187 187 187 187 187 187 187 187 187 187 187 
187 187 187 187 187 187 187 187 187 187 187 187 187 187 187 187 187 187 187 187 187 187 187 187 187 187 187 187 187 187 187 187 187 187 187 187 187 187 187 187 187 187 187 187 187 187 187 187 187 187 187 187 187 187 187 187 187 187 187 187 187 187 187 187 
187 187 187 187 187 187 187 187 187 187 187 187 187 187 187 187 187 187 187 187 187 187 187 187 187 187 187 187 187 187 187 187 187 187 187 187 187 187 187 187 187 187 187 187 187 187 187 187 187 187 187 187 187 187 187 187 187 187 187 187 187 187 187 187 
187 187 187 187 187 187 187 187 187 187 187 187 187 187 187 187 187 187 187 187 187 187 187 187 187 187 187 187 187 187 187 187 187 187 187 187 187 187 187 187 187 187 187 187 187 187 187 187 187 187 187 187 187 187 187 187 187 187 187 187 187 187 187 187 
187 187 187 187 187 187 187 187 187 187 187 187 187 187 187 187 187 187 187 187 187 187 187 187 187 187 187 187 187 187 187 187 187 187 187 186 186 187 187 187 187 187 187 187 187 187 187 187 187 187 187 187 187 187 187 187 187 187 187 187 187 187 187 187 
187 187 187 187 187 187 187 187 187 187 187 187 187 187 187 187 187 187 187 187 187 187 187 187 187 187 187 187 186 189 187 189 188 188 187 188 188 189 191 187 186 187 187 187 187 187 187 187 187 187 187 187 187 187 187 187 187 187 187 187 187 187 187 187 
187 187 187 187 187 187 187 187 187 187 187 187 187 187 187 187 187 187 187 187 187 187 187 187 187 187 186 188 192 187 182 184 187 190 177 192 193 181 176 195 190 188 187 187 187 187 187 187 187 187 187 187 187 187 187 187 187 187 187 187 187 187 187 187 
187 187 187 187 187 187 187 187 187 187 187 187 187 187 187 187 187 187 187 187 187 187 187 187 187 186 188 187 184 188 180 188 200 181 196 184 183 188 192 186 181 192 186 186 187 187 187 187 187 187 187 187 187 187 187 187 187 187 187 187 187 187 187 187 
187 187 187 187 187 187 187 187 187 187 187 187 187 187 187 187 187 187 187 187 187 187 187 188 188 185 192 182 183 189 188 183 181 177 177 188 188 180 186 174 177 188 189 186 187 187 187 187 187 187 187 187 187 187 187 187 187 187 187 187 187 187 187 187 
187 187 187 187 187 187 187 187 187 187 187 187 187 187 187 187 187 187 187 187 187 187 187 183 185 195 190 188 183 185 184 182 189 195 186 189 178 187 192 196 198 177 194 189 187 187 187 187 187 187 187 187 187 187 187 187 187 187 187 187 187 187 187 187 
187 187 187 187 187 187 187 187 187 187 187 187 187 187 187 187 186 187 187 187 186 187 187 192 177 186 177 182 193 180 182 198 185 188 179 195 193 187 191 179 185 184 185 185 188 186 187 187 187 187 187 187 187 187 187 187 187 187 187 187 187 187 187 187 
187 187 187 187 187 187 187 187 187 187 187 187 187 187 187 187 188 190 190 188 188 189 189 189 195 190 183 194 185 199 180 186 185 187 187 188 183 178 184 186 182 184 178 189 187 186 187 187 187 187 187 187 187 187 187 187 187 187 187 187 187 187 187 187 
187 187 187 187 187 187 187 187 187 187 187 187 187 187 187 185 186 181 181 188 191 186 184 174 182 185 187 180 193 175 190 185 182 187 184 186 187 187 189 184 180 203 176 199 185 186 187 187 187 187 187 187 186 187 187 187 187 187 187 187 187 187 187 187 
187 187 187 187 187 187 187 187 187 187 187 187 187 189 188 190 183 198 187 181 185 185 186 190 189 188 193 179 183 187 197 177 189 191 186 191 185 190 195 187 190 183 183 188 191 186 187 187 187 187 187 187 188 186 187 187 187 187 187 187 187 187 187 187 
187 187 187 187 187 187 187 187 187 187 187 187 188 179 191 189 180 181 188 185 190 183 188 188 179 189 188 186 179 192 182 187 193 176 186 186 181 180 182 191 182 183 188 173 192 186 187 187 187 187 186 191 181 193 185 187 187 187 187 187 187 187 187 187 
187 187 187 187 187 187 187 187 187 187 187 188 192 193 180 188 187 187 185 189 185 193 182 192 180 187 186 185 189 187 184 179 186 191 190 183 194 190 186 182 187 196 183 184 192 186 187 187 187 187 185 197 168 193 194 186 187 187 187 187 187 187 187 187 
187 187 187 187 187 187 187 187 187 187 187 187 178 182 182 188 180 196 185 184 185 182 190 186 197 188 182 182 191 183 182 193 186 184 184 188 189 188 186 188 182 185 180 195 187 186 187 187 187 187 185 196 177 180 182 192 186 187 187 187 187 187 187 187 
187 187 187 187 187 187 187 187 187 187 186 189 193 192 190 183 188 178 197 183 189 196 182 186 181 181 194 182 182 201 186 191 187 185 187 188 185 186 188 188 184 190 183 187 190 186 187 187 187 187 186 195 176 191 174 195 185 187 187 187 187 187 187 187 
187 187 187 187 187 187 187 187 187 187 187 190 178 179 187 184 192 186 187 181 180 188 176 191 180 198 183 183 193 182 177 189 184 185 186 177 190 186 176 199 181 187 186 181 191 186 187 187 187 186 185 198 179 189 178 199 185 187 187 187 187 187 187 187 
187 187 187 187 187 187 187 187 187 188 182 190 192 190 190 187 184 182 184 191 189 193 189 188 184 190 192 181 180 185 188 186 184 188 185 191 196 190 184 184 187 188 187 182 195 186 187 187 187 186 188 187 182 189 178 190 186 186 187 187 187 187 187 187 
187 187 187 187 187 187 187 187 187 188 181 189 182 183 181 187 181 184 194 188 185 181 181 191 181 181 184 198 184 190 189 179 202 181 183 186 182 195 175 189 183 187 187 181 187 187 186 187 187 186 191 183 186 189 183 188 188 186 187 187 187 187 187 187 
187 187 187 187 187 187 187 187 188 187 193 179 192 188 183 195 190 186 192 178 186 186 184 192 183 187 188 182 186 188 184 182 187 185 186 182 189 176 199 198 185 186 191 179 193 186 186 187 187 185 194 179 187 188 184 186 189 186 187 187 187 187 187 187 
187 187 187 187 187 187 187 187 188 188 184 186 180 187 184 185 179 183 192 183 188 184 190 188 189 191 178 186 183 196 195 187 174 192 189 184 185 195 180 177 185 187 186 178 197 185 187 187 187 185 197 175 188 188 185 184 190 186 187 187 187 187 187 187 
187 187 187 187 187 187 187 187 186 193 174 191 191 188 184 191 188 186 190 184 195 178 188 186 186 180 198 188 180 182 181 186 194 189 182 189 184 185 190 184 187 188 187 181 196 185 187 187 186 186 193 179 188 188 186 183 191 186 187 187 187 187 187 187 
187 187 187 187 187 187 187 187 189 191 184 187 189 190 183 181 190 187 187 185 182 183 185 189 179 184 188 181 183 184 180 192 177 183 188 190 194 183 187 191 186 188 187 174 192 186 187 187 186 192 184 185 188 188 184 186 189 186 187 187 187 187 187 187 
187 187 187 187 187 187 187 187 187 181 186 186 189 185 185 186 182 184 187 183 189 196 188 187 181 199 187 182 198 190 190 185 198 193 184 187 183 182 182 185 185 185 187 193 192 186 187 187 186 194 173 188 187 188 181 192 187 186 187 187 187 187 187 187 
187 187 187 187 187 187 187 186 191 186 185 187 180 193 186 186 190 187 197 180 191 176 184 187 184 188 187 187 188 180 192 176 191 174 189 188 180 192 191 185 185 190 180 169 195 185 186 186 184 198 180 188 187 188 180 191 187 186 187 187 187 187 187 187 
187 187 187 187 187 187 187 186 190 184 190 181 189 189 187 184 193 185 181 184 192 188 190 188 188 178 188 177 183 189 186 182 191 181 187 184 193 191 177 199 183 183 190 204 182 194 188 188 188 191 178 188 187 188 181 192 187 186 187 187 187 187 187 187 
187 187 187 187 187 187 187 188 188 186 187 187 186 185 184 190 179 184 188 187 185 186 187 175 189 194 189 189 183 193 190 181 196 180 191 191 184 185 183 180 196 179 183 181 179 186 188 188 190 189 184 188 187 188 183 186 189 186 187 187 187 187 187 187 
187 187 187 187 187 187 187 188 185 182 188 186 190 188 182 186 190 188 190 178 184 192 176 194 191 182 190 187 180 186 187 180 187 182 176 195 191 180 189 175 186 194 187 187 189 184 181 180 179 184 188 187 187 187 185 186 190 186 187 187 187 187 187 187 
187 187 187 187 187 187 187 186 192 183 183 187 187 181 200 184 186 190 183 185 190 190 182 184 188 179 182 186 185 189 188 187 183 186 189 187 187 183 192 203 191 180 186 176 180 183 188 186 189 184 187 187 187 187 185 183 190 186 187 187 187 187 187 187 
187 187 187 187 187 187 187 186 187 189 189 183 195 180 178 185 182 190 187 187 188 176 194 181 182 190 185 195 185 188 188 191 186 186 189 189 182 183 187 176 177 186 181 198 194 191 189 188 197 180 187 187 187 188 183 186 189 186 187 187 187 187 187 187 
187 187 187 187 187 187 187 187 186 188 187 186 185 192 182 182 199 179 191 179 185 198 180 194 182 192 187 184 183 180 185 192 175 190 182 187 186 189 196 182 187 189 193 186 185 186 186 185 193 178 188 187 187 188 181 192 187 186 187 187 187 187 187 187 
187 187 187 187 187 187 187 187 186 189 185 189 187 182 193 184 180 190 185 180 193 172 190 183 187 178 188 192 185 185 190 181 189 187 188 185 190 179 183 181 194 183 186 194 186 186 187 186 192 181 186 187 187 188 182 191 188 186 187 187 187 187 187 187 
187 187 187 187 187 187 187 187 189 195 182 188 185 182 196 179 194 186 191 182 188 191 197 179 197 183 188 178 195 182 181 198 182 182 189 171 197 195 180 188 192 188 175 183 189 186 187 186 190 184 185 188 187 187 187 177 193 186 187 187 187 187 187 187 
187 187 187 187 187 187 187 187 186 172 178 192 183 191 180 194 184 186 179 186 192 178 187 186 184 183 195 179 193 186 183 190 188 189 186 193 178 190 189 182 180 190 183 191 188 186 187 186 188 189 183 188 187 187 188 179 194 186 187 187 187 187 187 187 
187 187 187 187 187 187 187 187 189 192 190 184 187 181 181 185 194 183 190 188 182 185 193 176 191 189 188 182 185 188 181 186 184 192 182 184 187 185 181 189 198 186 175 189 187 186 187 186 187 190 182 188 187 188 187 181 193 186 187 187 187 187 187 187 
187 187 187 187 187 187 187 187 187 186 188 191 185 188 198 180 180 192 186 183 185 186 191 185 187 185 184 197 184 185 191 182 182 192 191 187 188 194 180 184 186 178 184 195 186 187 187 186 187 190 182 188 187 187 187 181 193 186 187 187 187 187 187 187 
187 187 187 187 187 187 187 187 187 186 187 187 181 183 184 188 187 198 176 186 178 190 179 182 192 182 188 177 186 189 187 188 185 187 178 189 180 180 195 188 185 191 192 190 186 187 187 186 187 190 182 188 187 187 186 180 192 186 187 187 187 187 187 187 
187 187 187 187 187 187 187 187 187 187 187 188 190 182 183 181 191 175 189 194 187 197 193 190 189 188 190 184 187 193 183 182 193 189 188 185 196 190 186 184 185 186 172 193 186 187 187 186 187 191 181 188 187 188 184 187 189 186 187 187 187 187 187 187 
187 187 187 187 187 187 187 187 187 187 187 186 191 182 197 187 177 193 193 173 187 179 186 183 186 180 188 190 188 184 181 191 188 180 187 185 183 182 185 185 186 186 188 191 186 187 187 186 187 190 181 188 187 188 181 187 188 186 187 187 187 187 187 187 
187 187 187 187 187 187 187 187 187 187 187 187 187 191 182 184 192 184 179 195 190 186 186 175 185 194 185 191 179 193 192 183 188 181 195 187 183 188 197 179 187 191 179 194 186 187 187 186 186 193 180 188 187 188 179 197 186 186 187 187 187 187 187 187 
187 187 187 187 187 187 187 187 187 187 187 187 187 188 185 185 177 191 189 181 192 178 199 183 193 183 179 186 183 181 185 187 183 191 181 184 181 189 190 184 184 187 173 190 186 187 187 186 186 193 179 188 187 188 177 198 185 187 187 187 187 187 187 187 
187 187 187 187 187 187 187 187 187 187 187 187 187 187 188 193 187 182 181 186 183 179 185 193 182 187 197 184 188 194 189 185 189 180 195 194 180 196 180 184 203 169 200 188 186 187 187 186 186 193 179 188 187 189 176 194 185 187 187 187 187 187 187 187 
187 187 187 187 187 187 187 187 187 187 187 187 187 187 186 189 183 195 189 188 196 191 180 189 178 183 194 181 185 188 172 193 186 184 187 178 187 189 181 181 193 169 186 187 186 187 187 186 186 194 178 188 187 188 177 195 185 187 187 187 187 187 187 187 
187 187 187 187 187 187 187 187 187 187 187 187 187 187 187 187 189 182 183 183 186 182 187 190 193 184 195 174 186 188 190 186 187 185 192 185 187 190 186 191 180 188 194 186 187 187 187 187 186 195 178 188 187 188 177 196 185 187 187 187 187 187 187 187 
187 187 187 187 187 187 187 187 187 187 187 187 187 187 187 187 187 188 190 189 188 183 186 182 186 183 185 192 189 192 184 188 185 183 196 177 187 177 190 187 184 186 189 186 187 187 187 187 185 195 177 188 187 188 176 194 185 187 187 187 187 187 187 187 
187 187 187 187 187 187 187 187 187 187 187 187 187 187 187 187 187 187 186 186 189 187 183 197 184 182 189 182 186 187 176 194 184 189 182 185 197 191 188 179 190 186 191 186 187 187 187 187 185 196 175 188 187 189 177 198 185 187 187 187 187 187 187 187 
187 187 187 187 187 187 187 187 187 187 187 187 187 187 187 187 187 187 187 186 187 186 192 184 183 189 189 182 181 188 191 187 178 194 186 182 181 187 184 184 190 175 191 186 187 187 187 187 185 195 179 188 188 187 176 194 186 187 187 187 187 187 187 187 
187 187 187 187 187 187 187 187 187 187 187 187 187 187 187 187 187 187 187 187 186 190 178 190 185 191 183 190 191 189 184 179 186 180 185 191 191 182 203 181 186 191 189 186 187 187 187 187 186 190 184 185 189 184 189 190 187 187 187 187 187 187 187 187 
187 187 187 187 187 187 187 187 187 187 187 187 187 187 187 187 187 187 187 187 187 187 189 188 189 180 186 183 183 181 177 210 193 183 187 183 186 184 181 186 186 181 189 186 187 187 187 187 186 187 191 174 189 181 187 187 187 187 187 187 187 187 187 187 
187 187 187 187 187 187 187 187 187 187 187 187 187 187 187 187 187 187 187 187 187 186 186 191 178 187 194 183 187 186 187 177 179 184 189 184 192 186 188 186 180 192 187 186 187 187 187 187 187 186 191 192 178 183 189 187 187 187 187 187 187 187 187 187 
187 187 187 187 187 187 187 187 187 187 187 187 187 187 187 187 187 187 187 187 187 187 186 188 190 186 188 181 196 182 193 180 183 196 182 190 184 181 180 178 196 188 186 187 187 187 187 187 187 187 185 191 191 182 187 187 187 187 187 187 187 187 187 187 
187 187 187 187 187 187 187 187 187 187 187 187 187 187 187 187 187 187 187 187 187 187 187 187 187 187 190 180 189 187 186 191 188 184 181 185 176 195 188 195 186 186 187 187 187 187 187 187 187 187 187 186 189 186 187 187 187 187 187 187 187 187 187 187 
187 187 187 187 187 187 187 187 187 187 187 187 187 187 187 187 187 187 187 187 187 187 187 187 187 187 188 188 186 188 187 187 184 190 191 192 192 188 187 185 186 187 187 187 187 187 187 187 187 187 187 187 187 187 187 187 187 187 187 187 187 187 187 187 
187 187 187 187 187 187 187 187 187 187 187 187 187 187 187 187 187 187 187 187 187 187 187 187 187 187 187 187 187 187 187 187 187 187 186 186 186 186 187 187 187 187 187 187 187 187 187 187 187 187 187 187 187 187 187 187 187 187 187 187 187 187 187 187 
187 187 187 187 187 187 187 187 187 187 187 187 187 187 187 187 187 187 187 187 187 187 187 187 187 187 187 187 187 187 187 187 187 187 187 187 187 187 187 187 187 187 187 187 187 187 187 187 187 187 187 187 187 187 187 187 187 187 187 187 187 187 187 187 
187 187 187 187 187 187 187 187 187 187 187 187 187 187 187 187 187 187 187 187 187 187 187 187 187 187 187 187 187 187 187 187 187 187 187 187 187 187 187 187 187 187 187 187 187 187 187 187 187 187 187 187 187 187 187 187 187 187 187 187 187 187 187 187 
187 187 187 187 187 187 187 187 187 187 187 187 187 187 187 187 187 187 187 187 187 187 187 187 187 187 187 187 187 187 187 187 187 187 187 187 187 187 187 187 187 187 187 187 187 187 187 187 187 187 187 187 187 187 187 187 187 187 187 187 187 187 187 187 
187 187 187 187 187 187 187 187 187 187 187 187 187 187 187 187 187 187 187 187 187 187 187 187 187 187 187 187 187 187 187 187 187 187 187 187 187 187 187 187 187 187 187 187 187 187 187 187 187 187 187 187 187 187 187 187 187 187 187 187 187 187 187 187 
187 187 187 187 187 187 187 187 187 187 187 187 187 187 187 187 187 187 187 187 187 187 187 187 187 187 187 187 187 187 187 187 187 187 187 187 187 187 187 187 187 187 187 187 187 187 187 187 187 187 187 187 187 187 187 187 187 187 187 187 187 187 187 187 
187 187 187 187 187 187 187 187 187 187 187 187 187 187 187 187 187 187 187 187 187 187 187 187 187 187 187 187 187 187 187 187 187 187 187 187 187 187 187 187 187 187 187 187 187 187 187 187 187 187 187 187 187 187 187 187 187 187 187 187 187 187 187 187 
