187 187 187 187 187 187 187 187 187 187 187 187 187 187 187 187 187 187 187 187 187 187 187 187 187 187 187 187 187 187 187 187 187 187 187 187 187 187 187 187 187 187 187 187 187 187 187 187 187 187 187 187 187 187 187 187 187 187 187 187 187 187 187 187 
187 187 187 187 187 187 187 187 187 187 187 187 187 187 187 187 187 187 187 187 187 187 187 187 187 187 187 187 187 187 187 187 187 187 187 187 187 187 187 187 187 187 187 187 187 187 187 187 187 187 187 187 187 187 187 187 187 187 187 187 187 187 187 187 
187 187 187 187 187 187 187 187 187 187 187 187 187 187 187 187 187 187 187 187 187 187 187 187 187 187 187 187 187 187 187 187 187 187 187 187 187 187 187 187 187 187 187 187 187 187 187 187 187 187 187 187 187 187 187 187 187 187 187 187 187 187 187 187 
187 187 187 187 187 187 187 187 187 187 187 187 187 187 187 187 187 187 187 187 187 187 187 187 187 187 187 187 187 187 187 187 187 187 187 187 187 187 187 187 187 187 187 187 187 187 187 187 187 187 187 187 187 187 187 187 187 187 187 187 187 187 187 187 
187 187 187 187 187 187 187 187 187 187 187 187 187 187 187 187 187 187 187 187 187 187 187 187 187 187 187 187 187 187 187 187 187 187 187 187 187 187 187 187 187 187 187 187 187 187 187 187 187 187 187 187 187 187 187 187 187 187 187 187 187 187 187 187 
187 187 187 187 187 187 187 187 187 187 187 187 187 187 187 187 187 187 187 187 187 187 187 187 187 187 187 187 187 187 187 187 187 187 187 187 187 187 187 187 187 187 187 187 187 187 187 187 187 187 187 187 187 187 187 187 187 187 187 187 187 187 187 187 
187 187 187 187 187 187 187 187 187 187 187 187 187 187 187 187 187 187 187 187 187 187 187 187 187 187 187 187 187 187 187 187 187 187 187 187 187 187 187 187 187 187 187 187 187 187 187 187 187 187 187 187 187 187 187 187 187 187 187 187 187 187 187 187 
187 187 187 187 187 187 187 187 187 187 187 187 187 187 187 187 187 187 187 187 187 187 187 187 187 187 187 187 187 187 187 187 187 187 187 187 187 187 187 187 187 187 187 187 187 187 187 187 187 187 187 187 187 187 187 187 187 187 187 187 187 187 187 187 
187 187 187 187 187 187 187 187 187 187 187 187 187 187 187 187 187 187 187 187 187 187 187 187 187 187 187 187 187 187 187 187 187 187 187 187 187 187 187 187 187 187 187 187 187 187 187 187 187 187 187 187 187 187 187 187 187 187 187 187 187 187 187 187 
187 187 187 187 187 187 187 187 187 187 187 187 187 187 187 187 187 187 187 187 187 187 187 187 187 187 187 187 187 187 187 187 187 187 187 187 187 187 187 187 187 187 187 187 187 187 187 187 187 186 186 186 186 187 187 187 187 187 187 187 187 187 187 187 
187 187 187 187 187 187 187 187 187 187 187 187 187 187 187 187 187 187 187 187 187 187 187 187 187 187 187 187 187 187 187 187 187 187 187 187 187 187 187 187 187 187 187 187 187 187 187 187 186 189 192 192 190 188 187 187 187 187 187 187 187 187 187 187 
187 187 187 187 187 187 187 187 187 187 187 187 187 187 187 187 187 187 187 187 187 187 187 187 187 187 187 187 187 187 187 187 187 187 187 187 187 187 187 186 186 186 185 186 186 186 186 185 190 182 180 181 172 193 186 187 187 187 187 187 187 187 187 187 
187 187 187 187 187 187 187 187 187 187 187 187 187 187 187 187 187 187 187 187 187 187 187 187 186 187 186 186 186 186 186 186 186 186 186 186 186 187 186 186 190 193 195 194 191 187 186 185 195 174 191 190 179 196 185 187 187 187 187 187 187 187 187 187 
187 187 187 187 187 187 187 187 187 187 187 187 187 187 187 187 187 187 187 187 187 187 187 186 187 185 189 194 190 188 188 188 188 188 188 188 188 188 192 193 178 182 175 178 178 190 187 187 193 182 188 189 177 195 185 187 187 187 187 187 187 187 187 187 
187 187 187 187 187 187 187 187 187 187 187 187 187 187 187 187 187 187 187 187 187 187 186 187 190 195 185 177 182 184 183 184 184 184 184 183 183 184 181 180 188 189 189 189 188 186 185 185 185 187 188 188 179 195 185 187 187 187 187 187 187 187 187 187 
187 187 187 187 187 187 187 187 187 187 187 187 187 187 187 187 187 187 187 187 187 185 191 191 174 183 181 189 189 187 188 187 187 187 188 188 187 187 188 188 187 187 187 187 187 187 187 187 188 186 187 188 178 195 185 187 187 187 187 187 187 187 187 187 
187 187 187 187 187 187 187 187 187 187 187 187 187 187 187 187 187 187 187 187 185 192 183 174 193 183 190 186 188 187 188 188 188 187 187 187 187 187 187 187 187 187 187 187 187 187 187 187 188 186 187 190 177 195 185 187 187 187 187 187 187 187 187 187 
187 187 187 187 187 187 187 187 187 187 187 187 187 187 187 187 187 187 187 185 190 189 170 203 191 190 181 188 182 185 184 185 187 187 187 187 187 187 187 187 187 187 187 187 187 187 187 187 187 187 189 188 177 195 185 187 187 187 187 187 187 187 187 187 
187 187 187 187 187 187 187 187 187 187 187 187 187 187 187 187 187 187 185 190 188 180 190 185 174 200 180 187 193 190 190 185 185 186 186 186 186 187 187 187 187 187 186 186 185 185 185 186 186 187 187 186 178 194 185 187 187 187 187 187 187 187 187 187 
187 187 187 187 187 187 187 187 187 187 187 187 187 187 187 187 187 186 190 189 179 195 185 187 185 186 189 186 186 185 189 188 191 186 187 189 188 185 186 187 187 187 187 188 188 191 189 190 190 186 185 191 180 194 185 187 187 187 187 187 187 187 187 187 
187 187 187 187 187 187 187 187 187 187 187 187 187 187 187 187 186 187 189 178 190 183 187 188 187 181 189 186 186 186 184 188 183 188 187 186 187 190 188 186 186 186 187 186 186 185 184 187 184 185 188 189 179 194 185 187 187 187 187 187 187 187 187 187 
187 187 187 187 187 187 187 187 187 187 187 187 187 187 187 186 187 196 169 197 183 188 187 188 187 185 187 187 188 187 189 184 190 187 185 187 186 184 186 188 187 187 187 187 186 186 186 184 187 189 184 189 177 194 185 187 187 187 187 187 187 187 187 187 
187 187 187 187 187 187 187 187 187 187 187 187 187 187 186 187 186 175 190 178 189 187 188 187 183 192 182 188 186 186 187 187 186 187 187 186 187 188 187 187 187 187 187 187 187 188 186 187 188 187 188 188 179 194 185 187 187 187 187 187 187 187 187 187 
187 187 187 187 187 187 187 187 187 187 187 187 187 186 186 194 180 192 189 187 183 189 187 187 178 200 178 188 188 188 186 188 187 187 185 187 185 186 188 186 186 187 186 187 188 185 187 189 187 186 187 188 178 194 185 187 187 187 187 187 187 187 187 187 
187 187 187 187 187 187 187 187 187 187 187 187 186 186 193 178 188 193 176 206 182 177 188 192 172 204 178 188 186 185 188 188 184 186 186 187 189 187 187 187 187 187 188 185 183 189 187 189 184 188 187 188 178 195 185 187 187 187 187 187 187 187 187 187 
187 187 187 187 187 187 187 187 187 187 187 187 186 191 186 185 183 188 194 162 185 194 182 176 166 204 176 187 188 190 183 188 187 187 187 189 185 186 187 187 187 187 184 189 189 187 188 184 187 187 187 189 178 195 185 187 187 187 187 187 187 187 187 187 
187 187 187 187 187 187 187 187 187 187 187 186 190 185 186 188 182 189 194 184 175 189 190 205 163 206 175 190 185 187 185 186 187 186 188 188 186 188 187 186 188 186 188 188 185 186 187 186 188 186 188 189 177 195 185 187 187 187 187 187 187 187 187 187 
187 187 187 187 187 187 187 187 187 187 186 191 179 191 184 191 177 194 185 189 173 194 185 184 188 195 173 182 187 191 183 186 186 187 186 187 187 187 186 188 187 188 186 186 188 185 187 187 188 186 187 189 177 195 185 187 187 187 187 187 187 187 187 187 
187 187 187 187 187 187 187 187 187 187 186 190 186 184 184 190 180 190 194 195 165 193 184 183 177 201 184 194 184 185 189 186 187 186 188 187 185 187 186 186 188 186 186 188 185 188 187 187 187 186 188 189 175 196 185 187 187 187 187 187 187 187 187 187 
187 187 187 187 187 187 187 187 187 187 188 184 189 185 185 186 186 179 186 181 158 208 182 185 179 195 180 181 195 188 188 187 187 185 186 189 185 188 188 188 186 187 187 187 187 185 187 187 187 186 188 189 176 196 185 187 187 187 187 187 187 187 187 187 
187 187 187 187 187 187 187 187 187 186 190 180 189 189 185 182 192 178 197 182 185 194 184 188 185 179 188 184 181 189 187 186 186 186 188 187 185 186 187 185 189 186 187 185 189 187 187 187 187 187 188 187 177 196 185 187 187 187 187 187 187 187 187 187 
187 187 187 187 187 187 187 187 187 186 190 183 188 187 190 188 175 199 178 191 184 184 190 184 176 185 190 184 188 186 186 187 185 188 186 189 186 187 188 186 186 187 188 185 188 185 187 187 185 187 188 188 177 195 185 187 187 187 187 187 187 187 187 187 
187 187 187 187 187 187 187 187 187 186 191 175 193 183 185 181 196 188 181 187 200 197 184 184 188 192 184 190 185 187 187 187 188 187 187 187 189 186 187 187 186 187 188 186 188 186 188 187 186 188 187 188 178 195 185 187 187 187 187 187 187 187 187 187 
187 187 187 187 187 187 187 187 187 187 190 170 202 182 187 189 194 175 196 174 181 175 197 184 193 182 187 187 188 185 187 187 185 185 187 188 186 187 188 186 186 187 187 186 187 187 186 187 187 187 188 188 179 194 185 187 187 187 187 187 187 187 187 187 
187 187 187 187 187 187 187 187 187 187 187 183 186 182 188 187 184 189 181 182 184 190 189 178 184 186 186 187 186 187 188 188 188 186 188 188 184 186 188 186 188 187 186 187 187 186 188 187 186 189 185 190 180 194 185 187 187 187 187 187 187 187 187 187 
187 187 187 187 187 187 187 187 187 187 186 194 180 190 186 188 184 190 178 198 172 194 187 182 186 186 188 187 187 187 186 186 187 185 188 186 186 186 186 187 186 187 188 186 188 186 187 187 186 188 186 188 177 194 185 187 187 187 187 187 187 187 187 187 
187 187 187 187 187 187 187 187 187 187 187 192 177 191 185 191 186 182 189 189 184 188 191 185 187 186 188 186 187 188 187 187 187 189 186 187 186 189 187 187 187 186 188 186 187 186 187 187 186 187 187 189 178 194 185 187 187 187 187 187 187 187 187 187 
187 187 187 187 187 187 187 187 187 187 186 194 172 191 189 186 187 184 182 185 186 188 180 187 188 186 187 187 187 187 187 186 187 186 188 187 187 187 186 187 185 188 187 188 185 188 187 187 186 188 188 187 177 195 185 187 187 187 187 187 187 187 187 187 
187 187 187 187 187 187 187 187 187 187 186 192 168 195 183 187 184 184 181 181 197 182 190 185 188 186 188 186 187 186 188 187 186 189 185 187 186 188 187 187 186 190 185 186 188 187 187 186 186 187 186 189 178 195 185 187 187 187 187 187 187 187 187 187 
187 187 187 187 187 187 187 187 187 187 186 194 170 202 184 184 186 189 187 192 194 187 182 185 188 186 187 187 187 187 186 186 187 187 186 188 187 188 187 186 188 187 186 186 186 187 187 187 186 186 189 186 177 195 185 187 187 187 187 187 187 187 187 187 
187 187 187 187 187 187 187 187 187 187 187 188 186 178 193 182 187 185 189 176 190 186 184 189 185 187 186 188 185 186 187 187 187 186 186 188 185 187 187 187 187 187 187 187 187 187 186 187 187 185 190 189 179 194 185 187 187 187 187 187 187 187 187 187 
187 187 187 187 187 187 187 187 187 187 187 186 192 171 193 188 180 185 181 180 189 186 189 185 189 186 187 187 187 189 186 186 187 187 186 186 187 187 187 187 187 187 186 187 187 187 187 187 187 187 186 189 176 195 185 187 187 187 187 187 187 187 187 187 
187 187 187 187 187 187 187 187 187 187 187 187 185 196 160 194 206 182 174 181 189 186 186 185 187 188 186 187 187 186 188 187 188 188 187 188 187 188 187 187 187 187 187 187 187 187 187 187 187 187 187 188 180 195 185 187 187 187 187 187 187 187 187 187 
187 187 187 187 187 187 187 187 187 187 187 187 187 184 197 167 169 191 209 201 194 189 189 188 186 186 187 187 186 187 186 186 187 187 188 186 184 184 189 187 187 187 187 187 187 187 187 187 187 187 187 189 175 196 185 187 187 187 187 187 187 187 187 187 
187 187 187 187 187 187 187 187 187 187 187 187 187 187 187 194 183 182 169 175 180 182 185 186 187 187 186 187 187 187 187 186 187 187 183 182 187 187 175 186 187 187 187 187 187 187 187 187 187 187 187 187 177 196 185 187 187 187 187 187 187 187 187 187 
187 187 187 187 187 187 187 187 187 187 187 187 187 187 186 189 188 184 190 187 188 188 187 187 187 186 188 187 187 186 187 187 188 185 190 193 187 201 194 186 181 186 187 187 187 187 187 186 188 186 188 189 176 196 185 187 187 187 187 187 187 187 187 187 
187 187 187 187 187 187 187 187 187 187 187 187 187 187 187 185 192 182 185 191 188 188 186 188 187 188 187 187 187 187 187 186 184 191 188 165 199 178 172 191 191 186 178 189 186 187 187 188 185 188 186 190 181 193 186 187 187 187 187 187 187 187 187 187 
187 187 187 187 187 187 187 187 187 187 187 187 187 187 187 187 185 192 184 183 187 187 189 188 187 185 187 186 187 186 188 185 185 182 195 186 171 185 183 184 181 187 193 170 188 188 186 188 189 185 188 185 184 190 186 187 187 187 187 187 187 187 187 187 
187 187 187 187 187 187 187 187 187 187 187 187 187 187 187 187 187 185 191 187 179 184 185 185 184 187 186 186 184 187 187 186 188 185 188 187 192 190 189 167 206 170 197 202 170 190 188 186 187 191 188 186 188 188 186 187 187 187 187 187 187 187 187 187 
187 187 187 187 187 187 187 187 187 187 187 187 187 187 187 187 187 187 186 188 191 191 182 186 190 189 186 189 187 188 186 186 189 189 186 181 190 190 192 165 209 179 169 200 170 186 187 182 186 179 186 189 186 187 187 187 187 187 187 187 187 187 187 187 
187 187 187 187 187 187 187 187 187 187 187 187 187 187 187 187 187 187 187 186 186 187 191 188 183 180 186 184 189 191 190 183 184 188 185 189 184 173 158 174 187 168 183 190 178 190 184 193 189 188 188 187 187 187 187 187 187 187 187 187 187 187 187 187 
187 187 187 187 187 187 187 187 187 187 187 187 187 187 187 187 187 187 187 187 187 186 186 187 189 191 190 191 180 185 183 164 203 178 187 186 185 197 206 188 187 200 191 203 167 190 188 185 186 187 187 187 187 187 187 187 187 187 187 187 187 187 187 187 
187 187 187 187 187 187 187 187 187 187 187 187 187 187 187 187 187 187 187 187 187 187 187 187 186 186 186 186 188 188 190 177 206 168 190 188 188 183 178 182 184 181 187 196 177 188 187 187 187 187 187 187 187 187 187 187 187 187 187 187 187 187 187 187 
187 187 187 187 187 187 187 187 187 187 187 187 187 187 187 187 187 187 187 187 187 187 187 187 187 187 187 187 186 187 187 177 202 168 187 189 189 188 191 190 188 186 174 196 175 188 187 187 187 187 187 187 187 187 187 187 187 187 187 187 187 187 187 187 
187 187 187 187 187 187 187 187 187 187 187 187 187 187 187 187 187 187 187 187 187 187 187 187 187 187 187 187 187 187 187 188 173 202 179 182 182 181 181 183 183 180 190 191 182 188 187 187 187 187 187 187 187 187 187 187 187 187 187 187 187 187 187 187 
187 187 187 187 187 187 187 187 187 187 187 187 187 187 187 187 187 187 187 187 187 187 187 187 187 187 187 187 187 187 187 187 188 182 189 190 190 190 190 190 190 190 185 185 187 187 187 187 187 187 187 187 187 187 187 187 187 187 187 187 187 187 187 187 
187 187 187 187 187 187 187 187 187 187 187 187 187 187 187 187 187 187 187 187 187 187 187 187 187 187 187 187 187 187 187 187 187 187 186 186 186 186 186 186 186 186 187 187 186 187 187 187 187 187 187 187 187 187 187 187 187 187 187 187 187 187 187 187 
187 187 187 187 187 187 187 187 187 187 187 187 187 187 187 187 187 187 187 187 187 187 187 187 187 187 187 187 187 187 187 187 186 187 186 187 187 187 187 187 187 187 187 187 187 187 187 187 187 187 187 187 187 187 187 187 187 187 187 187 187 187 187 187 
187 187 187 187 187 187 187 187 187 187 187 187 187 187 187 187 187 187 187 187 187 187 187 187 187 187 187 187 187 187 187 187 187 187 187 187 187 187 187 187 187 187 187 187 187 187 187 187 187 187 187 187 187 187 187 187 187 187 187 187 187 187 187 187 
187 187 187 187 187 187 187 187 187 187 187 187 187 187 187 187 187 187 187 187 187 187 187 187 187 187 187 187 187 187 187 187 187 187 187 187 187 187 187 187 187 187 187 187 187 187 187 187 187 187 187 187 187 187 187 187 187 187 187 187 187 187 187 187 
187 187 187 187 187 187 187 187 187 187 187 187 187 187 187 187 187 187 187 187 187 187 187 187 187 187 187 187 187 187 187 187 187 187 187 187 187 187 187 187 187 187 187 187 187 187 187 187 187 187 187 187 187 187 187 187 187 187 187 187 187 187 187 187 
187 187 187 187 187 187 187 187 187 187 187 187 187 187 187 187 187 187 187 187 187 187 187 187 187 187 187 187 187 187 187 187 187 187 187 187 187 187 187 187 187 187 187 187 187 187 187 187 187 187 187 187 187 187 187 187 187 187 187 187 187 187 187 187 
187 187 187 187 187 187 187 187 187 187 187 187 187 187 187 187 187 187 187 187 187 187 187 187 187 187 187 187 187 187 187 187 187 187 187 187 187 187 187 187 187 187 187 187 187 187 187 187 187 187 187 187 187 187 187 187 187 187 187 187 187 187 187 187 
187 187 187 187 187 187 187 187 187 187 187 187 187 187 187 187 187 187 187 187 187 187 187 187 187 187 187 187 187 187 187 187 187 187 187 187 187 187 187 187 187 187 187 187 187 187 187 187 187 187 187 187 187 187 187 187 187 187 187 187 187 187 187 187 
