187 187 187 187 187 187 187 187 187 187 187 187 187 187 187 187 187 187 187 187 187 187 187 187 187 187 187 186 188 185 188 186 186 188 185 188 186 187 187 187 187 187 187 187 187 187 187 187 187 187 187 187 187 187 187 187 187 187 187 187 187 187 187 187 
187 187 187 187 187 187 187 187 187 187 187 187 187 187 187 187 187 187 187 187 187 187 186 188 185 187 188 182 194 178 193 184 184 193 178 194 182 188 187 185 188 186 187 187 187 187 187 187 187 187 187 187 187 187 187 187 187 187 187 187 187 187 187 187 
187 187 187 187 187 187 187 187 187 187 187 187 187 187 187 187 187 187 187 187 186 189 181 194 179 190 188 176 200 171 196 181 181 196 171 200 176 188 190 179 194 181 189 186 187 187 187 187 187 187 187 187 187 187 187 187 187 187 187 187 187 187 187 187 
187 187 187 187 187 187 187 187 187 187 187 187 187 187 187 187 187 186 187 186 184 193 174 200 174 191 188 175 200 171 197 181 181 197 171 200 175 188 191 174 200 174 193 184 186 187 186 187 187 187 187 187 187 187 187 187 187 187 187 187 187 187 187 187 
187 187 187 187 187 187 187 187 187 187 187 187 187 187 187 186 188 182 192 182 184 194 171 201 174 191 188 175 200 171 197 181 181 197 171 200 175 188 191 174 201 171 194 184 182 192 182 188 186 187 187 187 187 187 187 187 187 187 187 187 187 187 187 187 
187 187 187 187 187 187 187 187 187 187 187 187 187 187 187 184 194 174 197 179 184 194 171 201 174 191 188 175 200 171 197 181 181 197 171 200 175 188 191 174 201 171 194 184 179 197 174 194 184 187 187 187 187 187 187 187 187 187 187 187 187 187 187 187 
187 187 187 187 187 187 187 187 187 187 187 187 187 187 188 179 198 170 199 179 184 194 171 201 174 191 188 175 200 171 197 181 181 197 171 200 175 188 191 174 201 171 194 184 179 199 170 198 179 188 187 187 187 187 187 187 187 187 187 187 187 187 187 187 
187 187 187 187 187 187 187 187 187 187 187 187 185 189 187 178 199 170 199 179 184 194 171 201 174 191 188 175 200 171 197 181 181 197 171 200 175 188 191 174 201 171 194 184 179 199 170 199 178 187 189 185 187 187 187 187 187 187 187 187 187 187 187 187 
187 187 187 187 187 187 187 187 187 187 186 190 179 192 185 178 199 170 199 179 184 194 171 201 174 191 188 175 200 171 197 181 181 197 171 200 175 188 191 174 201 171 194 184 179 199 170 199 178 185 192 179 190 186 187 187 187 187 187 187 187 187 187 187 
187 187 187 187 187 187 187 187 187 187 182 196 173 193 185 178 199 170 199 179 184 194 171 201 174 191 188 175 200 171 197 181 181 197 171 200 175 188 191 174 201 171 194 184 179 199 170 199 178 185 193 173 196 182 187 187 187 187 187 187 187 187 187 187 
187 187 187 187 187 187 187 187 186 190 176 200 172 194 185 178 199 170 199 179 184 194 171 201 174 191 188 175 200 171 197 181 181 197 171 200 175 188 191 174 201 171 194 184 179 199 170 199 178 185 194 172 200 176 190 186 187 187 187 187 187 187 187 187 
187 187 187 187 187 187 187 187 185 192 173 201 172 194 185 178 199 170 199 179 184 194 171 201 174 191 188 175 200 171 197 181 181 197 171 200 175 188 191 174 201 171 194 184 179 199 170 199 178 185 194 172 201 173 192 185 187 187 187 187 187 187 187 187 
187 187 187 187 187 187 187 187 185 192 173 201 172 194 185 178 199 170 199 179 184 194 171 201 174 191 188 175 200 171 197 181 181 197 171 200 175 188 191 174 201 171 194 184 179 199 170 199 178 185 194 172 201 173 192 185 187 187 187 187 187 187 187 187 
187 187 187 187 187 187 188 184 186 192 173 201 172 194 185 178 199 170 199 179 184 194 171 201 174 191 188 175 200 171 197 181 181 197 171 200 175 188 191 174 201 171 194 184 179 199 170 199 178 185 194 172 201 173 192 186 184 188 187 187 187 187 187 187 
187 187 187 187 187 186 191 180 187 192 173 201 172 194 185 178 199 170 199 179 184 194 171 201 174 191 188 175 200 171 197 181 181 197 171 200 175 188 191 174 201 171 194 184 179 199 170 199 178 185 194 172 201 173 192 187 180 191 186 187 187 187 187 187 
187 187 187 187 187 183 195 177 187 192 173 201 172 194 185 178 199 170 199 179 184 194 171 201 174 191 188 175 200 171 197 181 181 197 171 200 175 188 191 174 201 171 194 184 179 199 170 199 178 185 194 172 201 173 192 187 177 195 183 187 187 187 187 187 
187 187 187 187 189 178 198 176 187 192 173 201 172 194 185 178 199 170 199 179 184 194 171 201 174 191 188 175 200 171 197 181 181 197 171 200 175 188 191 174 201 171 194 184 179 199 170 199 178 185 194 172 201 173 192 187 176 198 178 189 187 187 187 187 
187 187 187 186 192 174 200 176 187 192 173 201 172 194 185 178 199 170 199 179 184 194 171 201 174 191 188 175 200 171 197 181 181 197 171 200 175 188 191 174 201 171 194 184 179 199 170 199 178 185 194 172 201 173 192 187 176 200 174 192 186 187 187 187 
187 187 187 185 195 171 200 176 187 192 173 201 172 194 185 178 199 170 199 179 184 194 171 201 174 191 188 175 200 171 197 181 181 197 171 200 175 188 191 174 201 171 194 184 179 199 170 199 178 185 194 172 201 173 192 187 176 200 171 195 185 187 187 187 
187 187 187 183 197 171 200 176 187 192 173 201 172 194 185 178 199 170 199 179 184 194 171 201 174 191 188 175 200 171 197 181 181 197 171 200 175 188 191 174 201 171 194 184 179 199 170 199 178 185 194 172 201 173 192 187 176 200 171 197 183 187 187 187 
187 187 188 181 197 171 200 176 187 192 173 201 172 194 185 178 199 170 199 179 184 194 171 201 174 191 188 175 200 171 197 181 181 197 171 200 175 188 191 174 201 171 194 184 179 199 170 199 178 185 194 172 201 173 192 187 176 200 171 197 181 188 187 187 
187 187 189 180 197 171 200 176 187 192 173 201 172 194 185 178 199 170 199 179 184 194 171 201 174 191 188 175 200 171 197 181 181 197 171 200 175 188 191 174 201 171 194 184 179 199 170 199 178 185 194 172 201 173 192 187 176 200 171 197 180 189 187 187 
187 186 188 179 197 171 200 176 187 192 173 201 172 194 185 178 199 170 199 179 184 194 171 201 174 191 188 175 200 171 197 181 181 197 171 200 175 188 191 174 201 171 194 184 179 199 170 199 178 185 194 172 201 173 192 187 176 200 171 197 179 188 186 187 
187 186 188 179 197 171 200 176 187 192 173 201 172 194 185 178 199 170 199 179 184 194 171 201 174 191 188 175 200 171 197 181 181 197 171 200 175 188 191 174 201 171 194 184 179 199 170 199 178 185 194 172 201 173 192 187 176 200 171 197 179 188 186 187 
187 187 187 180 197 171 200 176 187 192 173 201 172 194 185 178 199 170 199 179 184 194 171 201 174 191 188 175 200 171 197 181 181 197 171 200 175 188 191 174 201 171 194 184 179 199 170 199 178 185 194 172 201 173 192 187 176 200 171 197 180 187 187 187 
187 187 186 180 197 171 200 176 187 192 173 201 172 194 185 178 199 170 199 179 184 194 171 201 174 191 188 175 200 171 197 181 181 197 171 200 175 188 191 174 201 171 194 184 179 199 170 199 178 185 194 172 201 173 192 187 176 200 171 197 180 186 187 187 
187 188 185 181 197 171 200 176 187 192 173 201 172 194 185 178 199 170 199 179 184 194 171 201 174 191 188 175 200 171 197 181 181 197 171 200 175 188 191 174 201 171 194 184 179 199 170 199 178 185 194 172 201 173 192 187 176 200 171 197 181 185 188 187 
187 188 184 181 197 171 200 176 187 192 173 201 172 194 185 178 199 170 199 179 184 194 171 201 174 191 188 175 200 171 197 181 181 197 171 200 175 188 191 174 201 171 194 184 179 199 170 199 178 185 194 172 201 173 192 187 176 200 171 197 181 184 188 187 
186 189 183 181 197 171 200 176 187 192 173 201 172 194 185 178 199 170 199 179 184 194 171 201 174 191 188 175 200 171 197 181 181 197 171 200 175 188 191 174 201 171 194 184 179 199 170 199 178 185 194 172 201 173 192 187 176 200 171 197 181 183 189 186 
186 190 183 181 197 171 200 176 187 192 173 201 172 194 185 178 199 170 199 179 184 194 171 201 174 191 188 175 200 171 197 181 181 197 171 200 175 188 191 174 201 171 194 184 179 199 170 199 178 185 194 172 201 173 192 187 176 200 171 197 181 183 190 186 
186 190 183 181 197 171 200 176 187 192 173 201 172 194 185 178 199 170 199 179 184 194 171 201 174 191 188 175 200 171 197 181 181 197 171 200 175 188 191 174 201 171 194 184 179 199 170 199 178 185 194 172 201 173 192 187 176 200 171 197 181 183 190 186 
186 190 183 181 197 171 200 176 187 192 173 201 172 194 185 178 199 170 199 179 184 194 171 201 174 191 188 175 200 171 197 181 181 197 171 200 175 188 191 174 201 171 194 184 179 199 170 199 178 185 194 172 201 173 192 187 176 200 171 197 181 183 190 186 
186 190 183 181 197 171 200 176 187 192 173 201 172 194 185 178 199 170 199 179 184 194 171 201 174 191 188 175 200 171 197 181 181 197 171 200 175 188 191 174 201 171 194 184 179 199 170 199 178 185 194 172 201 173 192 187 176 200 171 197 181 183 190 186 
186 190 183 181 197 171 200 176 187 192 173 201 172 194 185 178 199 170 199 179 184 194 171 201 174 191 188 175 200 171 197 181 181 197 171 200 175 188 191 174 201 171 194 184 179 199 170 199 178 185 194 172 201 173 192 187 176 200 171 197 181 183 190 186 
186 190 183 181 197 171 200 176 187 192 173 201 172 194 185 178 199 170 199 179 184 194 171 201 174 191 188 175 200 171 197 181 181 197 171 200 175 188 191 174 201 171 194 184 179 199 170 199 178 185 194 172 201 173 192 187 176 200 171 197 181 183 190 186 
186 189 183 181 197 171 200 176 187 192 173 201 172 194 185 178 199 170 199 179 184 194 171 201 174 191 188 175 200 171 197 181 181 197 171 200 175 188 191 174 201 171 194 184 179 199 170 199 178 185 194 172 201 173 192 187 176 200 171 197 181 183 189 186 
187 188 184 181 197 171 200 176 187 192 173 201 172 194 185 178 199 170 199 179 184 194 171 201 174 191 188 175 200 171 197 181 181 197 171 200 175 188 191 174 201 171 194 184 179 199 170 199 178 185 194 172 201 173 192 187 176 200 171 197 181 184 188 187 
187 188 185 181 197 171 200 176 187 192 173 201 172 194 185 178 199 170 199 179 184 194 171 201 174 191 188 175 200 171 197 181 181 197 171 200 175 188 191 174 201 171 194 184 179 199 170 199 178 185 194 172 201 173 192 187 176 200 171 197 181 185 188 187 
187 187 186 180 197 171 200 176 187 192 173 201 172 194 185 178 199 170 199 179 184 194 171 201 174 191 188 175 200 171 197 181 181 197 171 200 175 188 191 174 201 171 194 184 179 199 170 199 178 185 194 172 201 173 192 187 176 200 171 197 180 186 187 187 
187 187 187 180 197 171 200 176 187 192 173 201 172 194 185 178 199 170 199 179 184 194 171 201 174 191 188 175 200 171 197 181 181 197 171 200 175 188 191 174 201 171 194 184 179 199 170 199 178 185 194 172 201 173 192 187 176 200 171 197 180 187 187 187 
187 186 188 179 197 171 200 176 187 192 173 201 172 194 185 178 199 170 199 179 184 194 171 201 174 191 188 175 200 171 197 181 181 197 171 200 175 188 191 174 201 171 194 184 179 199 170 199 178 185 194 172 201 173 192 187 176 200 171 197 179 188 186 187 
187 186 188 179 197 171 200 176 187 192 173 201 172 194 185 178 199 170 199 179 184 194 171 201 174 191 188 175 200 171 197 181 181 197 171 200 175 188 191 174 201 171 194 184 179 199 170 199 178 185 194 172 201 173 192 187 176 200 171 197 179 188 186 187 
187 187 189 180 197 171 200 176 187 192 173 201 172 194 185 178 199 170 199 179 184 194 171 201 174 191 188 175 200 171 197 181 181 197 171 200 175 188 191 174 201 171 194 184 179 199 170 199 178 185 194 172 201 173 192 187 176 200 171 197 180 189 187 187 
187 187 188 181 197 171 200 176 187 192 173 201 172 194 185 178 199 170 199 179 184 194 171 201 174 191 188 175 200 171 197 181 181 197 171 200 175 188 191 174 201 171 194 184 179 199 170 199 178 185 194 172 201 173 192 187 176 200 171 197 181 188 187 187 
187 187 187 183 197 171 200 176 187 192 173 201 172 194 185 178 199 170 199 179 184 194 171 201 174 191 188 175 200 171 197 181 181 197 171 200 175 188 191 174 201 171 194 184 179 199 170 199 178 185 194 172 201 173 192 187 176 200 171 197 183 187 187 187 
187 187 187 185 195 171 200 176 187 192 173 201 172 194 185 178 199 170 199 179 184 194 171 201 174 191 188 175 200 171 197 181 181 197 171 200 175 188 191 174 201 171 194 184 179 199 170 199 178 185 194 172 201 173 192 187 176 200 171 195 185 187 187 187 
187 187 187 186 192 174 200 176 187 192 173 201 172 194 185 178 199 170 199 179 184 194 171 201 174 191 188 175 200 171 197 181 181 197 171 200 175 188 191 174 201 171 194 184 179 199 170 199 178 185 194 172 201 173 192 187 176 200 174 192 186 187 187 187 
187 187 187 187 189 178 198 176 187 192 173 201 172 194 185 178 199 170 199 179 184 194 171 201 174 191 188 175 200 171 197 181 181 197 171 200 175 188 191 174 201 171 194 184 179 199 170 199 178 185 194 172 201 173 192 187 176 198 178 189 187 187 187 187 
187 187 187 187 187 183 195 177 187 192 173 201 172 194 185 178 199 170 199 179 184 194 171 201 174 191 188 175 200 171 197 181 181 197 171 200 175 188 191 174 201 171 194 184 179 199 170 199 178 185 194 172 201 173 192 187 177 195 183 187 187 187 187 187 
187 187 187 187 187 186 191 180 187 192 173 201 172 194 185 178 199 170 199 179 184 194 171 201 174 191 188 175 200 171 197 181 181 197 171 200 175 188 191 174 201 171 194 184 179 199 170 199 178 185 194 172 201 173 192 187 180 191 186 187 187 187 187 187 
187 187 187 187 187 187 188 184 186 192 173 201 172 194 185 178 199 170 199 179 184 194 171 201 174 191 188 175 200 171 197 181 181 197 171 200 175 188 191 174 201 171 194 184 179 199 170 199 178 185 194 172 201 173 192 186 184 188 187 187 187 187 187 187 
187 187 187 187 187 187 187 187 185 192 173 201 172 194 185 178 199 170 199 179 184 194 171 201 174 191 188 175 200 171 197 181 181 197 171 200 175 188 191 174 201 171 194 184 179 199 170 199 178 185 194 172 201 173 192 185 187 187 187 187 187 187 187 187 
187 187 187 187 187 187 187 187 185 192 173 201 172 194 185 178 199 170 199 179 184 194 171 201 174 191 188 175 200 171 197 181 181 197 171 200 175 188 191 174 201 171 194 184 179 199 170 199 178 185 194 172 201 173 192 185 187 187 187 187 187 187 187 187 
187 187 187 187 187 187 187 187 186 190 176 200 172 194 185 178 199 170 199 179 184 194 171 201 174 191 188 175 200 171 197 181 181 197 171 200 175 188 191 174 201 171 194 184 179 199 170 199 178 185 194 172 200 176 190 186 187 187 187 187 187 187 187 187 
187 187 187 187 187 187 187 187 187 187 182 196 173 193 185 178 199 170 199 179 184 194 171 201 174 191 188 175 200 171 197 181 181 197 171 200 175 188 191 174 201 171 194 184 179 199 170 199 178 185 193 173 196 182 187 187 187 187 187 187 187 187 187 187 
187 187 187 187 187 187 187 187 187 187 186 190 179 192 185 178 199 170 199 179 184 194 171 201 174 191 188 175 200 171 197 181 181 197 171 200 175 188 191 174 201 171 194 184 179 199 170 199 178 185 192 179 190 186 187 187 187 187 187 187 187 187 187 187 
187 187 187 187 187 187 187 187 187 187 187 187 185 189 187 178 199 170 199 179 184 194 171 201 174 191 188 175 200 171 197 181 181 197 171 200 175 188 191 174 201 171 194 184 179 199 170 199 178 187 189 185 187 187 187 187 187 187 187 187 187 187 187 187 
187 187 187 187 187 187 187 187 187 187 187 187 187 187 188 179 198 170 199 179 184 194 171 201 174 191 188 175 200 171 197 181 181 197 171 200 175 188 191 174 201 171 194 184 179 199 170 198 179 188 187 187 187 187 187 187 187 187 187 187 187 187 187 187 
187 187 187 187 187 187 187 187 187 187 187 187 187 187 187 184 194 174 197 179 184 194 171 201 174 191 188 175 200 171 197 181 181 197 171 200 175 188 191 174 201 171 194 184 179 197 174 194 184 187 187 187 187 187 187 187 187 187 187 187 187 187 187 187 
187 187 187 187 187 187 187 187 187 187 187 187 187 187 187 186 188 182 192 182 184 194 171 201 174 191 188 175 200 171 197 181 181 197 171 200 175 188 191 174 201 171 194 184 182 192 182 188 186 187 187 187 187 187 187 187 187 187 187 187 187 187 187 187 
187 187 187 187 187 187 187 187 187 187 187 187 187 187 187 187 187 186 187 186 184 193 174 200 174 191 188 175 200 171 197 181 181 197 171 200 175 188 191 174 200 174 193 184 186 187 186 187 187 187 187 187 187 187 187 187 187 187 187 187 187 187 187 187 
187 187 187 187 187 187 187 187 187 187 187 187 187 187 187 187 187 187 187 187 186 189 181 194 179 190 188 176 200 171 196 181 181 196 171 200 176 188 190 179 194 181 189 186 187 187 187 187 187 187 187 187 187 187 187 187 187 187 187 187 187 187 187 187 
187 187 187 187 187 187 187 187 187 187 187 187 187 187 187 187 187 187 187 187 187 187 186 188 185 187 188 182 194 178 193 184 184 193 178 194 182 188 187 185 188 186 187 187 187 187 187 187 187 187 187 187 187 187 187 187 187 187 187 187 187 187 187 187 
187 187 187 187 187 187 187 187 187 187 187 187 187 187 187 187 187 187 187 187 187 187 187 187 187 187 187 186 188 185 188 186 186 188 185 188 186 187 187 187 187 187 187 187 187 187 187 187 187 187 187 187 187 187 187 187 187 187 187 187 187 187 187 187 
