187 187 187 187 187 187 187 187 187 187 187 187 187 187 187 187 187 187 187 187 187 187 187 187 187 187 186 189 183 191 184 186 190 181 191 184 187 187 186 187 187 187 187 187 187 187 187 187 187 187 187 187 187 187 187 187 187 187 187 187 187 187 187 187 
187 187 187 187 187 187 187 187 187 187 187 187 187 187 187 187 187 187 187 187 187 187 186 190 179 195 179 181 198 154 212 155 192 188 161 208 162 195 186 181 191 186 187 187 187 187 187 187 187 187 187 187 187 187 187 187 187 187 187 187 187 187 187 187 
187 187 187 187 187 187 187 187 187 187 187 187 187 187 187 187 187 187 187 187 183 190 185 170 209 134 216 144 175 194 118 224 117 199 171 141 218 125 209 173 172 200 176 189 187 187 187 187 187 187 187 187 187 187 187 187 187 187 187 187 187 187 187 187 
187 187 187 187 187 187 187 187 187 187 187 187 187 187 187 187 187 187 189 174 207 145 204 162 148 211 106 222 130 176 189 116 225 112 200 164 140 217 101 217 151 164 206 157 198 186 186 187 187 187 187 187 187 187 187 187 187 187 187 187 187 187 187 187 
187 187 187 187 187 187 187 187 187 187 187 187 187 187 187 186 191 176 188 190 134 223 109 208 152 148 211 106 222 131 176 189 116 225 112 199 164 140 217 101 218 140 165 205 135 209 179 184 187 187 187 187 187 187 187 187 187 187 187 187 187 187 187 187 
187 187 187 187 187 187 187 187 187 187 187 187 187 187 186 194 158 216 132 185 181 126 223 109 208 152 148 211 106 222 130 176 189 116 225 112 200 164 140 217 101 218 139 165 201 116 218 169 183 190 187 187 187 187 187 187 187 187 187 187 187 187 187 187 
187 187 187 187 187 187 187 187 187 187 187 187 186 191 179 173 205 113 225 119 185 181 126 223 109 208 152 148 211 106 222 131 176 189 116 225 112 199 164 140 217 101 218 140 165 199 112 223 157 183 192 186 187 187 187 187 187 187 187 187 187 187 187 187 
187 187 187 187 187 187 187 187 187 187 187 186 195 157 210 147 158 204 111 225 119 185 181 126 223 109 208 152 148 211 106 222 130 176 189 116 225 112 200 164 140 217 101 218 139 165 199 112 225 146 184 194 185 187 187 187 187 187 187 187 187 187 187 187 
187 187 187 187 187 187 187 187 187 187 188 187 164 217 105 215 144 159 204 111 225 119 185 181 126 223 109 208 152 148 211 106 222 131 176 189 116 225 112 199 164 140 217 101 218 140 165 199 112 225 137 184 195 185 187 187 187 187 187 187 187 187 187 187 
187 187 187 187 187 187 187 187 187 189 173 196 174 135 220 103 215 144 159 204 111 225 119 185 181 126 223 109 208 152 148 211 106 222 130 176 189 116 225 112 200 164 140 217 101 218 139 165 199 112 225 132 184 195 184 187 187 187 187 187 187 187 187 187 
187 187 187 187 187 187 187 187 188 173 214 124 194 170 135 220 103 215 144 159 204 111 225 119 185 181 126 223 109 208 152 148 211 106 222 131 176 189 116 225 112 199 164 140 217 101 218 140 165 199 112 225 129 184 195 185 187 187 187 187 187 187 187 187 
187 187 187 187 187 187 187 186 187 196 124 225 114 194 170 135 220 103 215 144 159 204 111 225 119 185 181 126 223 109 208 152 148 211 106 222 130 176 189 116 225 112 200 164 140 217 101 218 139 165 199 112 225 129 184 195 185 187 187 187 187 187 187 187 
187 187 187 187 187 187 186 195 164 174 194 114 225 114 194 170 135 220 103 215 144 159 204 111 225 119 185 181 126 223 109 208 152 148 211 106 222 131 176 189 116 225 112 199 164 140 217 101 218 140 165 199 112 225 132 184 194 186 187 187 187 187 187 187 
187 187 187 187 187 187 191 157 217 135 170 194 114 225 114 194 170 135 220 103 215 144 159 204 111 225 119 185 181 126 223 109 208 152 148 211 106 222 130 176 189 116 225 112 200 164 140 217 101 218 139 165 199 112 225 137 184 192 187 187 187 187 187 187 
187 187 187 187 187 186 179 210 105 220 135 170 194 114 225 114 194 170 135 220 103 215 144 159 204 111 225 119 185 181 126 223 109 208 152 148 211 106 222 131 176 189 116 225 112 199 164 140 217 101 218 140 165 199 112 225 146 183 190 187 187 187 187 187 
187 187 187 187 186 194 173 147 215 103 220 135 170 194 114 225 114 194 170 135 220 103 215 144 159 204 111 225 119 185 181 126 223 109 208 152 148 211 106 222 130 176 189 116 225 112 200 164 140 217 101 218 139 165 199 112 225 157 183 187 187 187 187 187 
187 187 187 187 191 158 205 158 144 215 103 220 135 170 194 114 225 114 194 170 135 220 103 215 144 159 204 111 225 119 185 181 126 223 109 208 152 148 211 106 222 131 176 189 116 225 112 199 164 140 217 101 218 140 165 199 112 223 169 184 187 187 187 187 
187 187 187 187 176 216 113 204 159 144 215 103 220 135 170 194 114 225 114 194 170 135 220 103 215 144 159 204 111 225 119 185 181 126 223 109 208 152 148 211 106 222 130 176 189 116 225 112 200 164 140 217 101 218 139 165 199 112 218 179 186 187 187 187 
187 187 187 189 188 132 225 111 204 159 144 215 103 220 135 170 194 114 225 114 194 170 135 220 103 215 144 159 204 111 225 119 185 181 126 223 109 208 152 148 211 106 222 131 176 189 116 225 112 199 164 140 217 101 218 140 165 199 116 209 186 187 187 187 
187 187 187 174 190 185 119 225 111 204 159 144 215 103 220 135 170 194 114 225 114 194 170 135 220 103 215 144 159 204 111 225 119 185 181 126 223 109 208 152 148 211 106 222 130 176 189 116 225 112 200 164 140 217 101 218 139 165 201 135 198 187 187 187 
187 187 183 207 134 181 185 119 225 111 204 159 144 215 103 220 135 170 194 114 225 114 194 170 135 220 103 215 144 159 204 111 225 119 185 181 126 223 109 208 152 148 211 106 222 131 176 189 116 225 112 199 164 140 217 101 218 140 165 205 157 189 187 187 
187 187 190 145 223 126 181 185 119 225 111 204 159 144 215 103 220 135 170 194 114 225 114 194 170 135 220 103 215 144 159 204 111 225 119 185 181 126 223 109 208 152 148 211 106 222 130 176 189 116 225 112 200 164 140 217 101 218 139 165 206 176 187 187 
187 186 185 204 109 223 126 181 185 119 225 111 204 159 144 215 103 220 135 170 194 114 225 114 194 170 135 220 103 215 144 159 204 111 225 119 185 181 126 223 109 208 152 148 211 106 222 131 176 189 116 225 112 199 164 140 217 101 218 140 164 200 186 187 
187 190 170 162 208 109 223 126 181 185 119 225 111 204 159 144 215 103 220 135 170 194 114 225 114 194 170 135 220 103 215 144 159 204 111 225 119 185 181 126 223 109 208 152 148 211 106 222 130 176 189 116 225 112 200 164 140 217 101 218 151 172 191 187 
187 179 209 148 152 208 109 223 126 181 185 119 225 111 204 159 144 215 103 220 135 170 194 114 225 114 194 170 135 220 103 215 144 159 204 111 225 119 185 181 126 223 109 208 152 148 211 106 222 131 176 189 116 225 112 199 164 140 217 101 217 173 181 187 
187 195 134 211 148 152 208 109 223 126 181 185 119 225 111 204 159 144 215 103 220 135 170 194 114 225 114 194 170 135 220 103 215 144 159 204 111 225 119 185 181 126 223 109 208 152 148 211 106 222 130 176 189 116 225 112 200 164 140 217 101 209 186 186 
186 179 216 106 211 148 152 208 109 223 126 181 185 119 225 111 204 159 144 215 103 220 135 170 194 114 225 114 194 170 135 220 103 215 144 159 204 111 225 119 185 181 126 223 109 208 152 148 211 106 222 131 176 189 116 225 112 199 164 140 217 125 195 187 
189 181 144 222 106 211 148 152 208 109 223 126 181 185 119 225 111 204 159 144 215 103 220 135 170 194 114 225 114 194 170 135 220 103 215 144 159 204 111 225 119 185 181 126 223 109 208 152 148 211 106 222 130 176 189 116 225 112 200 164 140 218 162 187 
183 198 175 130 222 106 211 148 152 208 109 223 126 181 185 119 225 111 204 159 144 215 103 220 135 170 194 114 225 114 194 170 135 220 103 215 144 159 204 111 225 119 185 181 126 223 109 208 152 148 211 106 222 131 176 189 116 225 112 199 164 141 208 184 
191 154 194 176 131 222 106 211 148 152 208 109 223 126 181 185 119 225 111 204 159 144 215 103 220 135 170 194 114 225 114 194 170 135 220 103 215 144 159 204 111 225 119 185 181 126 223 109 208 152 148 211 106 222 130 176 189 116 225 112 200 171 161 191 
184 212 118 189 176 130 222 106 211 148 152 208 109 223 126 181 185 119 225 111 204 159 144 215 103 220 135 170 194 114 225 114 194 170 135 220 103 215 144 159 204 111 225 119 185 181 126 223 109 208 152 148 211 106 222 131 176 189 116 225 112 199 188 181 
186 155 224 116 189 176 131 222 106 211 148 152 208 109 223 126 181 185 119 225 111 204 159 144 215 103 220 135 170 194 114 225 114 194 170 135 220 103 215 144 159 204 111 225 119 185 181 126 223 109 208 152 148 211 106 222 130 176 189 116 225 117 192 190 
190 192 117 225 116 189 176 130 222 106 211 148 152 208 109 223 126 181 185 119 225 111 204 159 144 215 103 220 135 170 194 114 225 114 194 170 135 220 103 215 144 159 204 111 225 119 185 181 126 223 109 208 152 148 211 106 222 131 176 189 116 224 155 186 
181 188 199 112 225 116 189 176 131 222 106 211 148 152 208 109 223 126 181 185 119 225 111 204 159 144 215 103 220 135 170 194 114 225 114 194 170 135 220 103 215 144 159 204 111 225 119 185 181 126 223 109 208 152 148 211 106 222 130 176 189 118 212 184 
191 161 171 200 112 225 116 189 176 130 222 106 211 148 152 208 109 223 126 181 185 119 225 111 204 159 144 215 103 220 135 170 194 114 225 114 194 170 135 220 103 215 144 159 204 111 225 119 185 181 126 223 109 208 152 148 211 106 222 131 176 194 154 191 
184 208 141 164 199 112 225 116 189 176 131 222 106 211 148 152 208 109 223 126 181 185 119 225 111 204 159 144 215 103 220 135 170 194 114 225 114 194 170 135 220 103 215 144 159 204 111 225 119 185 181 126 223 109 208 152 148 211 106 222 130 175 198 183 
187 162 218 140 164 200 112 225 116 189 176 130 222 106 211 148 152 208 109 223 126 181 185 119 225 111 204 159 144 215 103 220 135 170 194 114 225 114 194 170 135 220 103 215 144 159 204 111 225 119 185 181 126 223 109 208 152 148 211 106 222 144 181 189 
187 195 125 217 140 164 199 112 225 116 189 176 131 222 106 211 148 152 208 109 223 126 181 185 119 225 111 204 159 144 215 103 220 135 170 194 114 225 114 194 170 135 220 103 215 144 159 204 111 225 119 185 181 126 223 109 208 152 148 211 106 216 179 186 
186 186 209 101 217 140 164 200 112 225 116 189 176 130 222 106 211 148 152 208 109 223 126 181 185 119 225 111 204 159 144 215 103 220 135 170 194 114 225 114 194 170 135 220 103 215 144 159 204 111 225 119 185 181 126 223 109 208 152 148 211 134 195 187 
187 181 173 217 101 217 140 164 199 112 225 116 189 176 131 222 106 211 148 152 208 109 223 126 181 185 119 225 111 204 159 144 215 103 220 135 170 194 114 225 114 194 170 135 220 103 215 144 159 204 111 225 119 185 181 126 223 109 208 152 148 209 179 187 
187 191 172 151 218 101 217 140 164 200 112 225 116 189 176 130 222 106 211 148 152 208 109 223 126 181 185 119 225 111 204 159 144 215 103 220 135 170 194 114 225 114 194 170 135 220 103 215 144 159 204 111 225 119 185 181 126 223 109 208 162 170 190 187 
187 186 200 164 140 218 101 217 140 164 199 112 225 116 189 176 131 222 106 211 148 152 208 109 223 126 181 185 119 225 111 204 159 144 215 103 220 135 170 194 114 225 114 194 170 135 220 103 215 144 159 204 111 225 119 185 181 126 223 109 204 185 186 187 
187 187 176 206 165 139 218 101 217 140 164 200 112 225 116 189 176 130 222 106 211 148 152 208 109 223 126 181 185 119 225 111 204 159 144 215 103 220 135 170 194 114 225 114 194 170 135 220 103 215 144 159 204 111 225 119 185 181 126 223 145 190 187 187 
187 187 189 157 205 165 140 218 101 217 140 164 199 112 225 116 189 176 131 222 106 211 148 152 208 109 223 126 181 185 119 225 111 204 159 144 215 103 220 135 170 194 114 225 114 194 170 135 220 103 215 144 159 204 111 225 119 185 181 134 207 183 187 187 
187 187 187 198 135 201 165 139 218 101 217 140 164 200 112 225 116 189 176 130 222 106 211 148 152 208 109 223 126 181 185 119 225 111 204 159 144 215 103 220 135 170 194 114 225 114 194 170 135 220 103 215 144 159 204 111 225 119 185 190 174 187 187 187 
187 187 187 186 209 116 199 165 140 218 101 217 140 164 199 112 225 116 189 176 131 222 106 211 148 152 208 109 223 126 181 185 119 225 111 204 159 144 215 103 220 135 170 194 114 225 114 194 170 135 220 103 215 144 159 204 111 225 132 188 189 187 187 187 
187 187 187 186 179 218 112 199 165 139 218 101 217 140 164 200 112 225 116 189 176 130 222 106 211 148 152 208 109 223 126 181 185 119 225 111 204 159 144 215 103 220 135 170 194 114 225 114 194 170 135 220 103 215 144 159 204 113 216 176 187 187 187 187 
187 187 187 187 184 169 223 112 199 165 140 218 101 217 140 164 199 112 225 116 189 176 131 222 106 211 148 152 208 109 223 126 181 185 119 225 111 204 159 144 215 103 220 135 170 194 114 225 114 194 170 135 220 103 215 144 158 205 158 191 187 187 187 187 
187 187 187 187 187 183 157 225 112 199 165 139 218 101 217 140 164 200 112 225 116 189 176 130 222 106 211 148 152 208 109 223 126 181 185 119 225 111 204 159 144 215 103 220 135 170 194 114 225 114 194 170 135 220 103 215 147 173 194 186 187 187 187 187 
187 187 187 187 187 190 183 146 225 112 199 165 140 218 101 217 140 164 199 112 225 116 189 176 131 222 106 211 148 152 208 109 223 126 181 185 119 225 111 204 159 144 215 103 220 135 170 194 114 225 114 194 170 135 220 105 210 179 186 187 187 187 187 187 
187 187 187 187 187 187 192 184 137 225 112 199 165 139 218 101 217 140 164 200 112 225 116 189 176 130 222 106 211 148 152 208 109 223 126 181 185 119 225 111 204 159 144 215 103 220 135 170 194 114 225 114 194 170 135 217 157 191 187 187 187 187 187 187 
187 187 187 187 187 187 186 194 184 132 225 112 199 165 140 218 101 217 140 164 199 112 225 116 189 176 131 222 106 211 148 152 208 109 223 126 181 185 119 225 111 204 159 144 215 103 220 135 170 194 114 225 114 194 174 164 195 186 187 187 187 187 187 187 
187 187 187 187 187 187 187 185 195 184 129 225 112 199 165 139 218 101 217 140 164 200 112 225 116 189 176 130 222 106 211 148 152 208 109 223 126 181 185 119 225 111 204 159 144 215 103 220 135 170 194 114 225 124 196 187 186 187 187 187 187 187 187 187 
187 187 187 187 187 187 187 187 185 195 184 129 225 112 199 165 140 218 101 217 140 164 199 112 225 116 189 176 131 222 106 211 148 152 208 109 223 126 181 185 119 225 111 204 159 144 215 103 220 135 170 194 124 214 173 188 187 187 187 187 187 187 187 187 
187 187 187 187 187 187 187 187 187 184 195 184 132 225 112 199 165 139 218 101 217 140 164 200 112 225 116 189 176 130 222 106 211 148 152 208 109 223 126 181 185 119 225 111 204 159 144 215 103 220 135 174 196 173 189 187 187 187 187 187 187 187 187 187 
187 187 187 187 187 187 187 187 187 187 185 195 184 137 225 112 199 165 140 218 101 217 140 164 199 112 225 116 189 176 131 222 106 211 148 152 208 109 223 126 181 185 119 225 111 204 159 144 215 105 217 164 187 188 187 187 187 187 187 187 187 187 187 187 
187 187 187 187 187 187 187 187 187 187 187 185 194 184 146 225 112 199 165 139 218 101 217 140 164 200 112 225 116 189 176 130 222 106 211 148 152 208 109 223 126 181 185 119 225 111 204 158 147 210 157 195 186 187 187 187 187 187 187 187 187 187 187 187 
187 187 187 187 187 187 187 187 187 187 187 187 186 192 183 157 223 112 199 165 140 218 101 217 140 164 199 112 225 116 189 176 131 222 106 211 148 152 208 109 223 126 181 185 119 225 113 205 173 179 191 186 187 187 187 187 187 187 187 187 187 187 187 187 
187 187 187 187 187 187 187 187 187 187 187 187 187 187 190 183 169 218 116 201 165 139 218 101 217 140 164 200 112 225 116 189 176 130 222 106 211 148 152 208 109 223 126 181 185 132 216 158 194 186 187 187 187 187 187 187 187 187 187 187 187 187 187 187 
187 187 187 187 187 187 187 187 187 187 187 187 187 187 187 187 184 179 209 135 205 165 140 218 101 217 140 164 199 112 225 116 189 176 131 222 106 211 148 152 208 109 223 134 190 188 176 191 186 187 187 187 187 187 187 187 187 187 187 187 187 187 187 187 
187 187 187 187 187 187 187 187 187 187 187 187 187 187 187 187 187 186 186 198 157 206 164 151 217 101 217 140 164 200 112 225 116 189 176 130 222 106 211 148 162 204 145 207 174 189 187 187 187 187 187 187 187 187 187 187 187 187 187 187 187 187 187 187 
187 187 187 187 187 187 187 187 187 187 187 187 187 187 187 187 187 187 187 187 189 176 200 172 173 209 125 218 141 171 199 117 224 118 194 175 144 216 134 209 170 185 190 183 187 187 187 187 187 187 187 187 187 187 187 187 187 187 187 187 187 187 187 187 
187 187 187 187 187 187 187 187 187 187 187 187 187 187 187 187 187 187 187 187 187 187 186 191 181 186 195 162 208 161 188 192 155 212 154 198 181 179 195 179 190 186 187 187 187 187 187 187 187 187 187 187 187 187 187 187 187 187 187 187 187 187 187 187 
187 187 187 187 187 187 187 187 187 187 187 187 187 187 187 187 187 187 187 187 187 187 187 187 187 186 187 187 184 191 181 190 186 184 191 183 189 186 187 187 187 187 187 187 187 187 187 187 187 187 187 187 187 187 187 187 187 187 187 187 187 187 187 187 
