187 187 187 187 187 187 187 187 187 187 187 187 187 187 187 187 187 187 187 187 187 187 187 187 187 187 187 187 187 187 187 187 187 187 187 187 187 187 187 187 187 187 187 187 187 187 187 187 187 187 187 187 187 187 187 187 187 187 187 187 187 187 187 187 
187 187 187 187 187 187 187 187 187 187 187 187 187 187 187 187 187 187 187 187 187 187 187 187 187 186 187 186 188 185 187 187 187 189 185 187 186 187 187 186 187 187 187 187 187 187 187 187 187 187 187 187 187 187 187 187 187 187 187 187 187 187 187 187 
187 187 187 187 187 187 187 187 187 187 187 187 187 187 187 187 187 187 187 187 187 187 187 186 187 187 189 187 187 188 187 188 184 187 187 189 186 187 187 187 187 187 187 187 187 187 187 187 187 187 187 187 187 187 187 187 187 187 187 187 187 187 187 187 
187 187 187 187 187 187 187 187 187 187 187 187 187 187 187 187 187 187 187 187 186 187 184 189 186 187 185 187 187 186 185 187 187 188 185 186 187 187 187 185 187 187 187 186 186 187 187 187 187 187 187 187 187 187 187 187 187 187 187 187 187 187 187 187 
187 187 187 187 187 187 187 187 187 187 187 187 187 187 187 187 187 187 187 186 187 188 187 187 187 188 188 186 187 186 189 186 188 186 189 187 188 185 189 187 188 187 186 189 186 187 186 187 187 187 187 187 187 187 187 187 187 187 187 187 187 187 187 187 
187 187 187 187 187 187 187 187 187 187 187 187 187 187 187 187 186 187 187 188 187 185 187 186 187 186 185 188 187 188 184 186 187 186 187 185 188 188 186 186 184 188 185 186 187 187 189 186 187 187 187 187 187 187 187 187 187 187 187 187 187 187 187 187 
187 187 187 187 187 187 187 187 187 187 187 187 187 187 187 187 188 187 187 184 187 188 187 188 187 188 187 186 185 187 188 189 186 189 186 189 185 186 187 188 188 187 188 187 187 185 187 186 189 186 187 187 187 187 187 187 187 187 187 187 187 187 187 187 
187 187 187 187 187 187 187 187 187 187 187 187 187 186 187 186 187 186 188 188 188 185 188 185 188 185 187 187 188 187 186 186 187 185 188 186 189 188 187 186 185 188 186 187 187 188 189 186 186 186 186 187 187 187 187 187 187 187 187 187 187 187 187 187 
187 187 187 187 187 187 187 187 187 187 187 187 187 186 188 186 188 186 186 186 185 189 185 189 186 187 187 185 186 185 188 187 187 188 186 186 187 184 187 186 188 186 187 188 185 188 184 188 186 188 187 186 187 187 187 187 187 187 187 187 187 187 187 187 
187 187 187 187 187 187 187 187 187 187 187 187 187 187 187 186 187 188 186 190 185 189 185 188 185 188 188 187 188 187 186 188 186 188 186 188 187 188 188 185 188 186 187 187 187 188 187 188 186 186 188 186 188 187 187 187 187 187 187 187 187 187 187 187 
187 187 187 187 187 187 187 187 187 187 186 186 187 184 188 185 187 186 187 186 187 186 187 185 189 183 188 185 188 186 186 187 185 188 185 187 186 186 186 186 187 186 187 186 186 187 186 186 186 186 186 187 186 186 187 187 187 187 187 187 187 187 187 187 
187 187 187 187 187 187 187 187 187 188 185 188 186 188 188 186 189 186 187 187 186 188 187 188 187 187 189 184 189 186 188 188 186 189 185 189 185 187 188 186 189 186 188 188 187 187 185 188 187 187 189 185 189 186 187 186 187 187 187 187 187 187 187 187 
187 187 187 187 187 187 187 187 187 187 188 187 187 185 186 188 184 188 186 189 186 188 184 187 186 186 185 189 186 188 185 186 186 187 187 185 189 187 186 187 185 187 186 187 186 188 188 185 187 186 186 187 187 186 188 187 187 187 187 187 187 187 187 187 
187 187 187 187 187 187 187 186 188 185 186 186 187 188 188 185 189 186 187 185 186 188 187 188 186 188 187 184 187 185 188 187 188 186 188 186 186 184 188 186 188 187 186 189 185 187 184 189 187 188 187 186 187 188 184 186 186 187 187 187 187 187 187 187 
187 187 187 187 187 187 187 186 187 188 188 189 186 186 187 188 186 186 189 187 189 186 187 186 188 186 187 189 188 188 186 186 187 187 187 186 190 188 187 187 185 188 187 187 187 188 190 185 188 185 187 188 186 188 187 190 185 187 187 187 187 187 187 187 
187 187 187 187 187 186 186 188 186 187 184 187 185 190 184 187 187 187 185 185 186 186 188 186 186 188 186 186 184 188 185 189 185 187 187 188 184 186 186 188 187 187 185 187 188 183 187 185 189 185 188 185 187 187 184 186 187 188 186 187 187 187 187 187 
187 187 187 187 187 187 188 185 187 188 187 189 187 186 189 187 187 186 189 187 188 187 186 188 188 185 187 187 189 186 188 186 187 189 186 186 189 187 188 186 188 187 188 187 185 190 187 187 187 187 188 188 187 186 188 190 185 188 187 187 187 187 187 187 
187 187 187 187 187 186 185 188 187 185 188 184 189 186 187 184 188 187 185 188 185 188 187 186 185 187 188 185 186 187 187 187 186 184 189 186 187 185 188 186 186 187 184 188 187 186 185 188 186 187 185 186 186 188 185 185 188 186 187 187 187 187 187 187 
187 187 187 187 187 188 188 187 185 188 185 188 186 186 189 187 187 186 187 188 184 190 183 190 187 186 187 187 188 186 187 188 186 191 184 188 187 187 187 185 189 186 189 186 184 189 185 187 186 187 189 186 189 183 189 186 186 187 188 187 187 187 187 187 
187 187 187 187 187 186 184 189 185 188 187 187 188 187 186 184 188 187 187 188 187 186 188 184 187 186 190 185 189 187 186 188 185 187 187 189 186 187 188 186 187 186 186 187 189 186 187 188 186 186 187 186 187 189 186 187 187 187 184 188 186 187 187 187 
187 187 187 186 186 188 188 187 186 187 184 187 187 186 189 187 187 185 187 185 186 187 186 188 189 184 187 185 187 185 188 187 186 190 184 186 186 185 186 186 188 186 188 186 184 187 186 186 187 187 187 187 187 184 186 188 184 189 186 188 186 187 187 187 
187 187 187 187 188 185 187 188 187 188 188 188 187 188 186 186 187 188 186 190 186 189 185 188 184 189 187 188 188 188 186 188 186 186 188 188 188 188 189 186 187 187 185 188 188 188 187 188 186 186 188 185 188 188 188 187 189 185 187 186 188 186 187 187 
187 187 187 186 186 187 188 185 188 185 186 185 188 185 188 187 186 187 186 185 186 187 186 187 188 186 186 187 184 186 187 186 188 186 188 183 188 184 186 188 186 187 186 187 184 187 186 185 188 187 186 188 185 186 185 187 185 187 188 184 188 187 187 187 
187 187 186 186 189 185 189 187 186 188 187 188 185 189 187 186 189 185 189 187 188 185 188 187 186 187 188 186 189 187 186 187 188 187 187 188 186 188 188 185 187 188 186 187 187 187 187 188 187 186 189 186 187 188 186 189 186 188 185 189 187 186 187 187 
187 186 188 187 186 188 185 187 187 188 184 188 186 187 185 188 184 189 187 186 187 187 187 185 187 186 186 189 184 189 186 188 185 188 187 187 187 187 185 189 185 186 187 187 188 185 189 183 190 185 186 187 187 187 186 187 186 187 188 184 188 187 187 187 
187 187 186 185 188 186 189 187 185 187 187 186 185 188 188 186 188 184 187 187 186 186 187 189 186 187 187 184 189 186 186 187 188 187 186 187 186 187 188 184 188 188 187 187 185 187 186 188 185 187 189 186 186 186 186 187 186 187 186 189 187 185 187 187 
187 187 189 188 187 186 186 186 189 187 187 187 190 184 188 185 187 188 188 187 187 190 185 186 187 186 189 187 188 186 190 185 186 187 188 187 189 185 188 188 187 184 187 189 186 190 185 188 187 187 184 188 188 188 188 188 186 188 187 185 187 189 187 187 
187 186 186 185 187 188 187 188 183 187 187 185 185 187 188 187 187 186 183 189 183 187 186 189 186 187 185 185 187 186 184 189 187 188 185 186 185 187 187 184 188 188 187 186 185 186 186 187 185 187 189 185 186 185 187 185 188 185 188 188 187 184 186 187 
187 186 189 187 187 186 185 187 187 190 184 189 188 186 187 185 188 187 189 186 187 190 186 186 187 186 190 186 188 186 189 187 183 190 185 190 187 187 188 187 188 183 188 188 187 189 186 188 188 186 186 186 190 187 188 188 185 190 185 187 185 190 187 187 
187 187 186 185 187 188 186 188 184 186 188 185 187 186 188 186 188 185 186 187 187 184 189 186 188 185 187 185 188 186 185 188 188 186 187 185 186 187 187 185 187 189 186 186 186 185 187 186 185 187 188 187 184 188 185 187 186 186 186 189 186 186 186 187 
187 186 187 187 188 185 188 186 188 187 184 188 187 187 186 187 187 188 187 186 185 190 184 189 185 188 187 188 186 186 188 187 185 188 186 187 187 185 187 187 188 185 187 188 185 189 185 187 188 187 187 186 189 185 188 186 186 188 188 184 189 186 188 186 
187 188 186 187 187 186 187 187 187 186 190 186 187 187 187 187 187 187 187 189 187 186 187 187 186 188 186 188 187 188 185 187 188 185 189 185 188 187 187 186 186 189 185 188 187 187 188 187 186 186 188 187 185 189 186 188 188 185 188 186 189 185 188 187 
186 186 186 186 187 186 188 185 188 186 184 187 186 187 187 187 187 185 188 183 188 186 188 186 188 185 187 186 185 186 188 186 187 187 186 186 187 185 186 188 187 187 187 187 185 186 186 185 188 186 186 187 186 187 184 188 184 189 186 187 186 187 186 186 
187 188 188 187 188 185 187 188 186 189 187 190 185 189 185 187 187 187 188 189 188 187 187 187 186 188 187 188 188 188 186 188 185 187 186 189 187 189 188 186 187 187 186 187 189 187 189 187 188 184 189 185 188 188 187 188 187 187 186 187 188 186 189 187 
187 185 187 186 186 188 187 187 186 186 186 186 187 185 188 188 185 187 185 186 185 187 186 187 188 186 186 187 185 186 187 187 187 187 187 185 187 185 186 187 187 188 187 187 185 186 186 185 188 187 187 187 186 185 186 186 186 187 189 186 187 186 186 187 
187 188 187 187 189 184 187 187 187 187 188 187 188 186 188 183 190 185 188 188 186 189 185 187 185 187 189 185 190 185 188 186 186 186 187 188 187 186 190 184 189 185 186 188 186 190 184 190 184 187 186 186 188 188 188 187 187 188 185 188 186 187 188 187 
187 186 188 186 186 189 186 188 185 188 186 186 187 185 188 188 185 188 185 188 185 188 186 188 188 186 186 187 186 187 186 188 186 189 185 186 187 187 187 187 187 187 188 186 186 187 187 186 187 187 187 187 187 185 188 186 187 186 188 187 188 187 186 187 
187 186 187 186 188 186 185 189 185 188 184 188 186 188 186 185 188 186 186 187 186 188 187 186 186 187 189 184 187 186 187 188 184 188 185 189 184 186 187 186 188 185 187 187 187 186 185 187 187 186 188 184 189 186 186 186 186 188 185 188 185 187 187 187 
187 187 188 186 187 187 187 187 186 188 188 188 187 185 189 186 187 186 189 187 188 186 187 186 189 185 188 187 189 186 187 186 187 188 186 187 188 188 187 186 187 187 188 187 186 189 188 187 186 187 187 188 186 188 187 190 185 188 186 188 186 188 187 187 
187 186 186 187 188 186 187 187 187 185 186 185 187 187 186 187 187 188 184 186 185 188 187 187 185 188 186 186 184 187 187 188 187 185 189 186 186 184 187 187 187 187 185 188 186 185 185 187 188 187 187 186 187 187 185 185 188 186 188 184 188 185 187 187 
187 187 188 186 187 185 189 184 187 188 188 189 185 187 187 187 187 186 189 189 187 188 184 189 186 187 186 189 189 187 187 186 187 187 186 187 189 188 188 186 187 187 187 188 186 190 188 187 186 186 188 186 187 187 189 189 186 186 187 186 189 185 187 187 
187 187 187 187 188 187 187 187 187 185 185 185 188 188 187 187 188 187 186 183 188 185 190 184 189 186 188 185 184 187 187 188 187 186 189 185 186 185 186 189 186 188 186 188 187 184 187 185 189 187 186 188 185 189 182 188 186 189 187 187 186 187 187 187 
187 187 187 186 187 186 188 186 185 189 186 190 184 187 186 187 187 185 189 187 187 186 186 187 187 186 187 187 188 187 186 187 185 189 184 188 187 188 187 185 187 186 187 186 187 188 188 186 187 185 189 185 188 186 188 189 185 187 185 187 187 187 187 187 
187 187 187 187 188 187 186 188 187 187 186 187 188 187 187 187 187 188 186 188 186 189 187 188 186 188 187 187 186 188 187 188 186 187 187 187 187 186 187 188 187 187 187 188 187 187 186 187 188 187 187 187 188 187 187 186 188 187 188 186 187 187 187 187 
187 187 187 187 187 187 187 186 186 186 188 185 188 184 189 184 188 185 186 187 185 187 186 187 187 185 187 184 188 185 187 186 187 186 187 185 187 185 188 184 188 186 187 187 184 188 184 188 184 188 186 187 186 186 186 187 186 186 186 187 187 187 187 187 
187 187 187 187 187 187 186 188 186 189 186 188 187 186 188 186 188 187 188 189 186 189 185 188 186 187 189 186 189 187 187 187 185 189 185 189 187 187 188 186 188 185 188 187 187 189 186 188 186 187 187 186 189 186 189 187 187 188 186 187 187 187 187 187 
187 187 187 187 187 188 185 189 184 187 185 186 186 187 187 187 186 187 184 187 185 187 188 187 188 186 187 185 185 187 185 189 185 188 185 187 185 186 186 187 187 187 187 186 187 184 187 185 188 186 188 186 187 186 186 185 187 187 187 187 187 187 187 187 
187 187 187 187 187 186 187 186 187 188 187 189 186 186 188 185 188 185 190 187 188 187 186 186 187 185 189 186 190 185 188 186 186 188 186 188 188 188 188 185 187 185 187 187 186 189 187 188 186 186 187 186 188 187 187 189 184 188 185 187 187 187 187 187 
187 187 187 187 187 187 188 187 188 185 187 185 188 188 187 187 187 188 185 187 186 187 188 187 186 188 186 187 185 188 187 188 188 185 189 185 187 185 187 188 187 189 186 188 186 186 186 187 188 187 187 188 186 188 185 186 188 187 187 187 187 187 187 187 
187 187 187 187 187 187 187 185 187 187 187 188 185 187 186 187 185 186 187 188 186 187 184 188 185 187 185 189 187 187 186 186 187 187 186 186 188 187 187 186 186 187 186 187 185 188 187 186 187 185 187 186 187 186 188 188 186 186 187 187 187 187 187 187 
187 187 187 187 187 187 187 188 187 187 186 188 187 189 186 186 189 187 188 185 189 186 190 185 188 187 189 186 187 187 188 188 187 186 188 188 186 186 188 188 187 187 186 188 188 186 187 187 189 186 187 187 187 190 184 188 186 187 187 187 187 187 187 187 
187 187 187 187 187 187 187 187 186 187 186 187 185 186 187 188 185 186 187 186 187 185 187 186 189 185 186 187 186 187 185 187 187 188 185 185 187 187 185 186 186 188 187 186 186 186 188 184 187 186 188 187 185 186 186 188 186 187 187 187 187 187 187 187 
187 187 187 187 187 187 187 187 187 188 186 188 187 188 186 185 189 188 187 189 185 190 185 188 184 189 188 186 188 187 188 188 185 187 186 190 186 187 189 186 188 185 186 188 188 188 185 189 187 186 187 184 190 187 188 186 187 187 187 187 187 187 187 187 
187 187 187 187 187 187 187 187 187 186 187 184 189 183 191 187 186 186 186 187 185 187 186 188 189 185 187 186 187 185 187 186 189 188 187 184 188 185 187 186 187 188 188 187 184 188 186 187 185 189 186 189 185 186 187 187 187 187 187 187 187 187 187 187 
187 187 187 187 187 187 187 187 187 187 187 187 187 186 186 183 189 187 187 188 186 188 186 186 185 187 189 184 189 186 187 187 184 187 185 190 186 187 189 185 188 184 186 187 188 188 185 189 186 186 187 184 188 187 187 187 187 187 187 187 187 187 187 187 
187 187 187 187 187 187 187 187 187 187 187 187 186 187 188 189 186 187 187 187 186 188 186 188 189 186 187 187 186 187 186 189 186 191 184 187 186 187 186 188 188 187 189 186 186 187 188 185 189 187 189 187 187 186 187 187 187 187 187 187 187 187 187 187 
187 187 187 187 187 187 187 187 187 187 187 187 187 187 186 185 188 186 187 187 187 185 188 185 186 186 188 185 188 186 186 187 186 185 187 187 186 186 187 186 186 186 185 187 187 186 186 187 186 186 186 186 187 187 187 187 187 187 187 187 187 187 187 187 
187 187 187 187 187 187 187 187 187 187 187 187 187 187 188 187 187 187 188 186 187 188 185 189 187 187 187 188 187 186 189 186 188 187 187 186 189 186 188 187 187 187 187 188 185 189 186 187 187 187 187 187 187 187 187 187 187 187 187 187 187 187 187 187 
187 187 187 187 187 187 187 187 187 187 187 187 187 187 187 187 186 187 184 188 186 186 188 187 185 189 185 188 185 188 184 188 187 185 188 185 186 186 187 187 185 189 184 187 187 185 187 186 187 187 187 187 187 187 187 187 187 187 187 187 187 187 187 187 
187 187 187 187 187 187 187 187 187 187 187 187 187 187 187 187 187 187 189 185 189 187 186 185 187 186 188 187 188 186 188 186 185 188 186 188 188 187 187 187 187 185 187 187 186 188 187 187 187 187 187 187 187 187 187 187 187 187 187 187 187 187 187 187 
187 187 187 187 187 187 187 187 187 187 187 187 187 187 187 187 187 187 187 187 187 185 189 187 188 186 187 185 187 187 185 189 188 187 187 186 185 187 187 186 187 189 187 187 187 187 187 187 187 187 187 187 187 187 187 187 187 187 187 187 187 187 187 187 
187 187 187 187 187 187 187 187 187 187 187 187 187 187 187 187 187 187 187 187 187 187 186 187 186 187 187 188 186 187 187 186 183 188 185 188 188 186 187 187 187 186 187 187 187 187 187 187 187 187 187 187 187 187 187 187 187 187 187 187 187 187 187 187 
187 187 187 187 187 187 187 187 187 187 187 187 187 187 187 187 187 187 187 187 187 187 187 187 187 187 187 186 188 186 187 188 188 187 187 187 186 186 187 186 187 187 187 187 187 187 187 187 187 187 187 187 187 187 187 187 187 187 187 187 187 187 187 187 
187 187 187 187 187 187 187 187 187 187 187 187 187 187 187 187 187 187 187 187 187 187 187 187 187 187 187 187 187 187 187 187 187 187 187 187 187 187 187 187 187 187 187 187 187 187 187 187 187 187 187 187 187 187 187 187 187 187 187 187 187 187 187 187 
