187 187 187 187 187 187 187 187 187 187 187 187 187 187 187 187 187 187 187 187 187 187 187 187 187 186 187 185 189 184 188 185 186 188 184 189 185 187 186 187 187 187 187 187 187 187 187 187 187 187 187 187 187 187 187 187 187 187 187 187 187 187 187 187 
187 187 187 187 187 187 187 187 187 187 187 187 187 187 187 187 187 187 187 187 187 187 187 185 190 182 187 185 175 196 160 207 152 211 155 205 167 194 182 187 187 186 187 187 187 187 187 187 187 187 187 187 187 187 187 187 187 187 187 187 187 187 187 187 
187 187 187 187 187 187 187 187 187 187 187 187 187 187 187 187 187 187 187 187 186 188 179 194 159 208 133 221 118 223 121 211 136 184 165 157 195 143 211 149 208 169 194 184 187 187 187 187 187 187 187 187 187 187 187 187 187 187 187 187 187 187 187 187 
187 187 187 187 187 187 187 187 187 187 187 187 187 187 187 187 187 188 182 197 160 213 130 223 115 216 126 194 152 163 183 134 210 117 224 109 223 117 208 138 180 175 170 195 177 191 186 187 187 187 187 187 187 187 187 187 187 187 187 187 187 187 187 187 
187 187 187 187 187 187 187 187 187 187 187 187 187 187 187 187 182 200 158 212 134 201 144 171 174 142 204 119 221 110 225 115 214 128 189 157 157 188 129 213 115 225 114 219 143 200 178 188 186 187 187 187 187 187 187 187 187 187 187 187 187 187 187 187 
187 187 187 187 187 187 187 187 187 187 187 187 187 187 187 189 178 179 175 150 196 124 218 112 225 112 218 123 197 148 167 178 136 207 117 223 109 224 116 211 132 184 161 153 193 137 210 160 197 184 187 187 187 187 187 187 187 187 187 187 187 187 187 187 
187 187 187 187 187 187 187 187 187 187 187 187 187 181 198 150 215 115 224 110 222 119 205 139 175 170 145 201 121 220 111 225 114 216 126 192 153 162 184 132 211 116 224 110 223 118 207 144 189 183 186 187 187 187 187 187 187 187 187 187 187 187 187 187 
187 187 187 187 187 187 187 187 187 187 187 186 196 158 217 120 211 132 184 161 154 192 127 216 114 225 111 220 121 201 145 171 174 140 205 119 221 110 224 115 213 129 188 158 156 189 128 214 120 218 157 195 185 187 187 187 187 187 187 187 187 187 187 187 
187 187 187 187 187 187 187 187 187 187 186 184 186 169 162 182 133 211 117 224 110 223 118 208 136 179 166 149 197 123 218 112 225 112 217 123 196 150 165 180 135 208 118 223 110 223 117 210 134 182 167 178 189 186 187 187 187 187 187 187 187 187 187 187 
187 187 187 187 187 187 187 187 187 189 173 208 124 221 110 225 115 213 129 188 157 157 188 129 214 115 224 110 221 119 204 141 174 171 144 201 121 220 111 225 114 215 127 191 154 160 185 131 212 116 224 121 212 172 189 187 187 187 187 187 187 187 187 187 
187 187 187 187 187 187 187 187 185 198 150 216 123 197 149 166 179 136 208 117 223 110 224 117 210 133 183 163 152 194 126 216 113 225 111 219 122 200 146 169 176 139 205 119 222 110 224 116 212 130 186 159 163 190 181 187 187 187 187 187 187 187 187 187 
187 187 187 187 187 187 187 186 188 174 181 145 201 121 220 111 225 114 216 127 192 154 161 185 132 211 116 224 110 222 118 207 137 177 168 147 198 123 219 111 225 112 217 124 195 151 164 181 135 209 118 223 110 222 148 197 185 187 187 187 187 187 187 187 
187 187 187 187 187 187 187 175 211 119 225 111 220 121 201 145 170 175 139 205 119 222 110 224 115 213 130 187 158 156 190 128 214 114 225 110 221 121 203 143 173 172 143 203 121 221 110 225 114 214 129 190 155 159 186 169 191 186 187 187 187 187 187 187 
187 187 187 187 187 187 189 168 203 136 178 167 148 197 123 218 112 225 112 218 124 196 150 165 180 136 209 118 223 110 223 118 209 134 181 164 151 195 124 217 113 225 111 219 122 199 147 168 177 137 207 118 222 110 224 127 205 180 187 187 187 187 187 187 
187 187 187 187 187 189 172 201 128 214 115 225 110 221 119 203 142 174 172 144 202 121 220 111 225 114 215 127 191 155 159 186 130 212 116 224 110 222 118 206 138 176 169 147 199 122 219 111 225 114 216 126 194 152 163 182 159 194 186 187 187 187 187 187 
187 187 187 187 186 198 145 223 117 210 133 182 163 152 194 126 217 113 225 111 219 121 199 147 169 176 138 206 118 222 110 224 116 212 130 186 160 155 191 127 215 114 225 110 220 121 202 144 171 174 141 204 119 221 110 225 117 210 174 187 187 187 187 187 
187 187 187 187 188 184 170 160 185 131 212 116 224 109 222 118 206 138 177 168 147 199 122 219 111 225 113 217 125 195 151 164 181 134 209 117 224 110 223 117 209 135 180 165 150 196 124 218 112 225 111 218 123 197 149 167 178 153 195 185 187 187 187 187 
187 187 187 185 201 137 222 110 224 116 212 130 186 159 155 190 129 214 114 225 110 221 121 203 143 172 173 142 203 121 221 110 225 115 214 128 189 156 158 187 130 213 115 224 110 222 119 205 139 175 170 145 201 121 220 111 225 115 213 171 188 187 187 187 
187 187 187 184 201 140 195 150 165 180 135 209 117 223 110 223 117 209 135 181 164 150 195 125 217 112 225 111 219 123 198 148 168 177 137 207 118 222 110 224 116 211 132 184 161 154 192 127 216 114 225 111 220 121 201 145 170 174 154 194 185 187 187 187 
187 187 186 196 149 203 120 221 110 225 114 215 128 191 155 159 186 131 212 116 224 110 222 119 205 139 175 169 146 200 121 219 111 225 112 216 126 194 153 162 183 134 211 117 224 109 223 118 208 136 179 166 149 197 123 218 112 225 113 215 171 187 187 187 
187 187 183 208 124 219 122 199 147 168 177 138 206 118 222 109 224 116 212 131 185 160 154 191 127 215 114 225 110 220 121 201 144 171 174 141 204 119 221 110 224 115 213 129 188 157 157 188 129 213 115 225 110 221 119 204 141 174 171 159 191 186 187 187 
187 186 189 175 174 147 199 122 219 111 225 113 217 125 194 152 163 182 133 210 117 224 110 223 118 208 135 180 165 150 196 124 218 112 225 112 218 123 197 149 166 179 136 208 118 223 110 224 117 210 133 183 162 153 194 126 216 113 225 113 214 175 187 187 
187 185 203 128 225 110 221 120 202 143 172 174 141 203 120 221 110 225 115 214 128 189 156 158 188 130 213 115 224 110 222 119 204 140 174 171 145 201 121 220 111 225 114 216 127 192 154 161 185 132 211 116 224 110 222 118 207 137 178 168 169 187 187 187 
187 187 193 150 180 165 150 196 124 217 112 225 111 219 123 198 148 167 178 137 207 118 223 110 224 116 211 132 184 161 153 193 126 216 114 225 111 220 121 200 145 170 175 139 205 119 222 110 224 115 213 130 187 158 156 190 128 214 114 225 119 209 182 187 
187 195 150 214 116 224 110 222 119 205 139 176 170 145 200 121 220 111 225 113 216 126 193 153 162 184 132 211 116 224 109 223 117 207 136 178 167 148 197 123 218 112 225 112 217 124 196 150 165 180 135 209 117 223 110 224 118 209 134 181 163 182 185 187 
187 195 147 211 131 185 160 154 192 127 215 114 225 111 220 121 201 144 170 175 140 204 119 221 110 225 115 213 129 188 157 157 189 128 214 115 225 110 221 119 203 141 174 172 144 202 120 220 111 225 114 215 127 191 155 160 186 130 212 116 224 137 199 186 
188 174 196 133 210 117 224 110 223 118 208 136 179 166 150 197 123 218 112 225 112 218 123 197 150 165 179 135 208 117 223 110 224 117 210 134 182 163 152 194 124 216 113 225 111 219 121 199 147 169 176 138 206 118 222 110 224 116 212 130 185 160 191 186 
189 162 222 115 214 128 189 157 157 188 129 213 115 225 110 221 119 204 140 175 170 145 201 121 220 111 225 114 215 127 192 153 160 185 131 212 116 224 110 222 118 206 138 177 168 147 199 122 219 111 225 112 217 124 195 151 164 181 134 209 118 220 163 189 
185 186 165 178 136 207 117 223 109 224 116 211 132 184 162 153 193 126 216 114 225 111 220 121 200 145 170 175 139 205 118 222 110 224 116 212 130 186 159 155 190 128 214 114 225 110 221 120 203 143 172 173 143 203 120 221 110 225 114 214 129 196 168 190 
181 211 114 225 114 216 126 193 153 161 184 132 211 116 224 110 223 118 207 137 178 167 148 198 123 219 111 225 112 217 124 195 150 165 180 135 209 117 223 110 223 118 209 134 181 164 150 195 125 217 112 225 111 219 123 198 148 168 177 137 207 127 206 183 
187 190 153 171 174 139 204 119 221 110 224 115 213 129 187 158 156 189 128 214 115 225 110 221 120 203 142 174 172 144 202 121 221 110 225 114 215 127 191 155 159 186 130 212 116 224 110 222 119 205 139 176 169 146 200 122 219 111 225 113 216 126 203 181 
194 149 219 112 225 112 218 123 196 149 165 180 135 208 118 223 110 223 117 210 134 182 163 152 194 125 217 113 225 111 219 122 199 147 168 176 138 206 118 222 110 224 116 212 131 185 160 154 191 127 215 114 225 111 220 121 202 144 171 174 141 203 164 189 
189 164 203 141 174 171 144 202 121 220 111 225 114 215 127 191 154 160 185 131 212 116 224 110 222 118 206 138 176 168 147 199 122 219 111 225 113 217 125 194 152 163 182 134 210 117 223 110 223 118 208 135 180 165 149 196 123 218 112 225 112 219 149 194 
181 203 126 216 113 225 111 219 122 200 146 169 176 139 205 119 222 110 224 116 212 130 186 159 155 191 127 215 114 225 110 221 121 202 144 172 174 142 203 120 221 110 225 115 214 128 189 156 158 187 129 213 115 224 110 221 119 204 139 174 171 153 190 187 
183 206 127 207 137 177 168 148 198 123 219 111 225 112 217 125 195 150 164 181 134 209 118 223 110 223 117 209 135 180 165 150 195 124 217 112 225 111 219 123 198 148 167 178 137 207 118 223 110 224 116 211 132 184 161 153 193 126 216 114 225 114 211 181 
190 168 196 129 214 114 225 110 221 120 203 143 173 172 143 203 120 221 110 225 114 214 128 190 155 159 186 130 212 116 224 110 222 118 205 139 175 170 145 200 121 220 111 225 114 216 126 193 153 162 184 132 211 116 224 109 223 117 207 136 178 165 186 185 
189 163 220 118 209 134 181 164 151 195 124 217 112 225 111 219 122 199 147 168 177 138 206 118 222 110 224 116 212 131 185 160 153 192 127 215 114 225 111 220 121 201 145 170 175 140 204 119 221 110 225 115 213 129 188 157 157 189 128 214 115 222 162 189 
186 191 160 185 130 212 116 224 110 222 118 206 138 176 169 147 199 121 219 111 225 113 216 124 194 152 163 182 134 210 117 224 110 223 117 208 135 179 165 150 197 123 218 112 225 112 218 123 197 150 166 179 136 208 118 223 110 224 117 210 133 196 174 188 
186 199 137 224 116 212 130 186 160 155 191 127 215 114 225 111 220 120 202 144 172 174 141 203 119 221 110 225 115 214 128 189 157 157 188 129 213 115 225 110 221 119 204 140 175 170 144 201 121 220 111 225 114 215 127 192 154 160 185 131 211 147 195 187 
187 185 182 163 181 134 209 118 224 110 223 117 209 135 180 165 150 196 124 217 112 225 112 218 123 197 148 167 178 136 207 117 223 109 224 116 211 132 184 162 153 193 126 216 113 225 111 220 121 200 145 170 176 139 205 119 222 110 224 116 214 150 195 187 
187 182 209 119 225 114 214 128 190 156 158 187 130 213 115 224 110 222 119 205 139 175 170 145 200 121 220 111 225 114 216 126 193 153 161 184 132 211 116 224 110 223 118 207 137 178 167 148 198 123 219 111 225 112 217 124 196 150 165 180 150 193 187 187 
187 187 187 169 168 178 137 207 118 222 110 224 116 211 132 185 161 154 192 127 216 114 225 111 220 121 201 145 171 174 140 204 119 222 110 224 115 213 130 188 158 156 189 128 214 115 225 110 221 120 203 141 174 172 143 202 120 221 110 225 128 203 185 187 
187 187 175 214 113 225 113 216 126 194 153 162 183 133 210 117 224 110 223 118 208 136 179 166 149 197 123 218 112 225 112 218 124 196 150 165 180 135 208 118 223 110 224 117 210 133 182 163 152 194 125 217 113 225 111 219 122 199 147 174 175 189 186 187 
187 187 186 191 159 171 174 141 204 119 221 110 225 115 213 129 188 157 157 188 129 213 115 224 110 221 119 204 141 174 171 144 201 121 220 110 225 114 215 127 191 154 160 185 131 212 116 224 109 222 118 206 138 177 168 147 199 122 219 124 208 183 187 187 
187 187 187 171 215 113 225 112 218 123 197 149 166 179 136 208 118 223 109 224 117 211 134 183 162 153 194 126 216 112 225 111 219 121 200 146 169 175 139 205 119 222 110 224 116 212 131 186 159 155 191 128 215 114 225 110 221 120 203 149 196 186 187 187 
187 187 187 185 194 154 174 170 145 201 121 220 111 225 114 216 127 192 154 161 184 132 211 116 224 110 222 118 207 137 177 168 148 198 123 219 111 225 112 217 125 195 150 164 181 135 209 117 223 110 223 117 209 135 180 165 150 195 140 201 184 187 187 187 
187 187 187 188 171 213 115 225 111 220 121 201 145 170 175 139 205 119 222 110 224 115 213 130 187 158 156 189 128 214 115 225 110 221 121 203 142 173 172 143 203 121 221 110 225 114 214 129 190 155 159 186 130 212 116 224 110 222 137 201 185 187 187 187 
187 187 187 187 185 195 153 178 167 149 197 123 218 111 225 112 218 124 196 150 165 180 135 209 117 223 110 224 117 209 134 181 164 151 195 125 217 113 225 111 219 122 199 147 168 177 138 206 118 222 109 224 116 212 131 185 160 170 184 188 187 187 187 187 
187 187 187 187 187 174 210 117 225 110 221 119 204 141 174 171 144 202 121 220 110 225 114 215 127 191 155 160 186 130 212 116 224 110 222 118 206 138 176 169 147 199 121 219 111 225 113 217 126 194 152 163 182 133 210 117 223 145 198 186 187 187 187 187 
187 187 187 187 187 186 194 159 182 163 152 194 126 216 114 225 111 219 122 199 147 169 176 138 206 118 222 110 224 116 212 130 186 159 155 191 127 215 114 225 111 220 121 202 144 172 174 142 203 119 221 110 225 115 214 128 201 172 189 187 187 187 187 187 
187 187 187 187 187 187 180 205 127 224 110 222 118 207 137 177 168 147 199 122 219 111 225 113 217 124 195 151 164 181 134 209 118 223 110 223 118 209 136 180 165 150 196 124 218 112 225 112 218 123 197 148 167 178 136 203 168 189 187 187 187 187 187 187 
187 187 187 187 187 187 186 191 169 186 159 155 190 129 214 114 225 110 221 121 203 143 172 173 143 203 121 221 110 225 114 214 128 190 156 158 187 130 213 115 224 110 222 119 205 139 175 170 145 201 121 220 111 225 119 211 175 187 187 187 187 187 187 187 
187 187 187 187 187 187 187 185 197 148 222 110 223 118 209 135 181 164 151 195 124 217 112 225 111 219 123 198 147 168 177 137 207 118 222 110 224 116 211 132 185 161 154 192 127 216 114 225 111 220 121 201 145 181 174 188 186 187 187 187 187 187 187 187 
187 187 187 187 187 187 187 187 187 181 190 163 159 186 130 212 116 224 110 222 119 205 139 176 169 146 200 122 219 111 225 113 216 126 194 152 163 183 133 210 117 224 110 223 117 208 136 179 166 149 197 123 216 150 198 185 187 187 187 187 187 187 187 187 
187 187 187 187 187 187 187 187 187 189 172 212 121 224 116 212 131 185 160 154 191 127 215 114 225 111 220 121 201 144 171 174 141 204 119 221 110 224 115 214 129 188 157 157 188 129 213 115 225 110 221 124 208 173 189 187 187 187 187 187 187 187 187 187 
187 187 187 187 187 187 187 187 187 187 186 189 178 167 182 134 210 117 223 110 223 118 208 135 180 165 150 196 123 217 112 225 112 218 123 197 149 166 179 136 208 118 223 110 224 117 211 133 182 162 169 186 184 186 187 187 187 187 187 187 187 187 187 187 
187 187 187 187 187 187 187 187 187 187 187 185 195 157 218 120 214 128 189 156 158 188 129 213 115 224 110 221 119 205 140 174 171 145 201 121 220 111 225 114 216 127 192 154 161 184 132 211 120 217 158 196 186 187 187 187 187 187 187 187 187 187 187 187 
187 187 187 187 187 187 187 187 187 187 187 187 187 186 183 189 144 207 118 223 110 224 116 211 132 184 162 153 192 126 216 114 225 111 220 121 201 145 170 175 139 205 119 222 110 224 115 215 150 198 181 187 187 187 187 187 187 187 187 187 187 187 187 187 
187 187 187 187 187 187 187 187 187 187 187 187 187 187 184 197 160 210 137 193 153 161 184 132 211 116 224 109 223 117 207 136 178 167 148 197 123 218 112 225 112 218 124 196 150 175 179 178 189 187 187 187 187 187 187 187 187 187 187 187 187 187 187 187 
187 187 187 187 187 187 187 187 187 187 187 187 187 187 187 186 188 178 200 143 219 114 225 115 213 129 188 157 157 189 128 214 115 225 110 221 119 204 142 174 171 144 201 134 212 158 200 182 187 187 187 187 187 187 187 187 187 187 187 187 187 187 187 187 
187 187 187 187 187 187 187 187 187 187 187 187 187 187 187 187 187 186 191 177 195 170 175 180 138 208 117 223 109 224 117 210 134 183 163 152 194 126 216 115 223 130 213 160 197 182 188 187 187 187 187 187 187 187 187 187 187 187 187 187 187 187 187 187 
187 187 187 187 187 187 187 187 187 187 187 187 187 187 187 187 187 187 187 187 184 194 169 208 149 211 143 195 157 165 184 136 211 121 223 118 221 133 208 159 194 179 188 186 187 187 187 187 187 187 187 187 187 187 187 187 187 187 187 187 187 187 187 187 
187 187 187 187 187 187 187 187 187 187 187 187 187 187 187 187 187 187 187 187 187 187 186 187 187 182 194 167 205 155 211 152 207 160 196 175 185 187 182 190 185 187 187 187 187 187 187 187 187 187 187 187 187 187 187 187 187 187 187 187 187 187 187 187 
187 187 187 187 187 187 187 187 187 187 187 187 187 187 187 187 187 187 187 187 187 187 187 187 187 186 187 185 189 184 188 186 185 188 184 189 185 187 186 187 187 187 187 187 187 187 187 187 187 187 187 187 187 187 187 187 187 187 187 187 187 187 187 187 
