187 187 187 187 187 187 187 187 187 187 187 187 187 187 187 187 187 187 187 187 187 187 187 187 187 187 188 189 185 181 187 194 189 181 183 190 189 186 186 187 187 187 187 187 187 187 187 187 187 187 187 187 187 187 187 187 187 187 187 187 187 187 187 187 
187 187 187 187 187 187 187 187 187 187 187 187 187 187 187 187 187 187 187 187 187 186 185 187 195 195 174 162 186 211 190 149 164 203 206 168 163 191 199 185 182 187 187 187 187 187 187 187 187 187 187 187 187 187 187 187 187 187 187 187 187 187 187 187 
187 187 187 187 187 187 187 187 187 187 187 187 187 187 187 187 187 187 187 186 183 189 203 193 150 147 196 222 165 114 153 219 203 126 127 196 220 160 137 182 209 187 175 186 187 187 187 187 187 187 187 187 187 187 187 187 187 187 187 187 187 187 187 187 
187 187 187 187 187 187 187 187 187 187 187 187 187 187 187 187 187 185 184 196 208 175 128 150 214 211 133 115 178 225 171 112 141 216 207 129 118 185 224 163 119 169 214 191 171 185 188 187 187 187 187 187 187 187 187 187 187 187 187 187 187 187 187 187 
187 187 187 187 187 187 187 187 187 187 187 187 187 187 187 186 188 201 201 149 124 174 225 180 116 131 210 214 136 114 174 225 174 113 137 214 209 130 116 181 225 168 113 159 215 194 171 185 187 187 187 187 187 187 187 187 187 187 187 187 187 187 187 187 
187 187 187 187 187 187 187 187 187 187 187 187 187 187 189 198 184 137 140 203 219 147 110 165 224 185 117 128 207 216 139 112 171 225 177 114 134 212 212 134 114 178 225 171 113 154 213 195 174 186 187 187 187 187 187 187 187 187 187 187 187 187 187 187 
187 187 187 187 187 187 187 187 187 187 187 187 187 189 172 145 170 222 195 120 122 199 221 150 110 160 224 189 117 126 204 218 144 111 168 225 181 116 130 209 214 137 113 174 225 174 115 153 210 194 180 186 187 187 187 187 187 187 187 187 187 187 187 187 
187 187 187 187 187 187 187 187 187 187 187 186 175 168 201 223 160 110 150 221 199 122 120 196 222 154 110 157 223 193 119 123 202 219 148 110 164 224 186 118 128 207 216 141 112 170 225 178 117 159 205 191 185 187 187 187 187 187 187 187 187 187 187 187 
187 187 187 187 187 187 187 187 187 187 185 188 211 203 128 117 185 224 165 110 147 219 202 124 119 192 223 157 109 153 221 196 121 122 198 221 151 110 160 224 190 118 126 204 218 145 111 167 225 182 127 169 197 187 187 187 187 187 187 187 187 187 187 187 
187 187 187 187 187 187 187 187 187 189 198 174 119 136 214 210 131 116 180 225 168 111 143 217 205 127 118 188 224 161 110 149 220 200 123 120 195 222 155 110 156 222 194 119 123 201 220 149 110 163 224 186 148 181 189 187 187 187 187 187 187 187 187 187 
187 187 187 187 187 187 187 187 186 173 150 181 225 178 115 133 212 212 135 114 177 225 172 112 139 215 208 129 116 184 224 165 111 146 219 203 124 118 191 223 158 110 153 221 197 121 121 197 221 152 110 159 222 190 172 186 187 187 187 187 187 187 187 187 
187 187 187 187 187 187 187 186 184 208 216 145 111 167 225 182 116 130 209 215 138 113 174 225 176 114 136 213 211 132 115 180 225 169 111 143 217 206 127 117 187 224 162 110 149 220 201 123 119 194 222 155 110 163 212 189 185 187 187 187 187 187 187 187 
187 187 187 187 187 187 187 196 186 124 123 201 220 148 110 163 224 186 117 128 206 217 141 111 170 225 179 115 132 211 213 135 114 176 225 173 112 138 215 209 130 116 183 225 166 111 145 218 204 126 118 190 223 159 121 178 195 187 187 187 187 187 187 187 
187 187 187 187 187 187 181 158 169 221 197 121 121 197 221 152 109 159 223 191 118 125 203 219 145 111 166 225 184 116 129 208 215 139 112 172 225 176 114 135 213 211 133 115 179 225 170 111 141 216 207 129 118 186 224 167 157 186 187 187 187 187 187 187 
187 187 187 187 187 187 198 217 162 110 149 220 201 123 119 194 222 155 110 155 222 194 120 123 200 220 150 110 162 224 187 118 127 205 217 143 111 169 225 180 115 132 210 213 136 114 175 225 174 114 137 214 209 130 116 182 218 183 184 187 187 187 187 187 
187 187 187 187 187 189 150 120 182 225 166 111 145 218 203 126 118 190 223 159 109 152 221 198 121 121 197 221 153 110 158 223 191 119 125 203 219 147 111 165 224 185 117 129 208 216 139 112 171 225 177 114 135 212 212 134 120 189 197 186 187 187 187 187 
187 187 187 187 182 178 215 211 133 115 179 225 170 112 142 217 206 129 117 186 224 163 110 148 220 201 123 119 193 223 156 110 154 222 195 120 122 199 220 150 110 161 224 188 118 127 205 218 144 111 168 225 181 116 131 210 214 144 160 188 187 187 187 187 
187 187 187 188 200 179 115 132 211 213 136 114 175 225 174 113 138 214 209 131 116 182 225 167 111 144 218 204 126 118 189 223 160 110 150 221 199 121 120 196 222 154 110 157 223 192 119 124 202 219 147 110 164 224 185 117 128 207 210 178 186 187 187 187 
187 187 187 182 158 175 224 184 117 129 208 216 139 112 172 225 177 114 135 212 212 133 115 178 225 170 112 140 216 207 128 117 185 224 164 110 147 219 202 124 119 192 223 157 109 154 222 196 121 122 199 221 151 110 160 223 189 118 137 200 191 187 187 187 
187 187 187 197 212 150 110 161 224 188 117 127 205 218 144 111 168 225 181 116 131 210 214 137 113 175 225 175 114 137 214 210 131 116 181 225 168 111 144 217 205 127 118 188 224 161 110 150 220 199 122 121 195 222 154 110 156 223 193 143 177 187 187 187 
187 187 186 160 134 196 222 154 110 157 223 192 119 124 202 219 147 110 164 224 185 117 128 207 216 140 112 170 225 178 115 134 212 212 134 114 177 225 172 112 139 216 208 129 117 184 224 165 110 147 219 203 124 119 191 223 158 110 153 219 195 184 187 187 
187 187 188 213 201 124 119 192 223 157 110 154 222 196 121 121 199 221 150 110 160 224 189 118 126 204 218 145 111 167 225 182 116 130 209 214 138 113 174 225 175 114 136 213 211 132 115 180 225 169 111 143 217 205 127 118 188 224 161 114 170 194 187 187 
187 187 179 130 144 218 205 127 118 188 224 161 110 150 220 199 122 121 195 222 154 110 156 223 193 119 123 201 220 148 110 163 224 186 118 128 206 216 141 112 170 225 179 115 134 211 213 135 114 176 225 172 112 139 215 208 129 116 184 225 175 169 186 187 
187 185 194 223 171 112 139 216 208 129 117 185 224 165 111 147 219 203 125 119 191 223 158 110 153 221 197 121 121 198 221 152 110 159 223 190 118 124 203 218 145 111 166 224 183 116 130 209 215 138 113 173 225 176 114 135 213 211 132 115 180 208 187 187 
187 190 159 115 174 225 175 114 136 214 210 132 115 180 225 169 111 143 217 205 127 118 188 224 162 110 150 220 200 123 120 194 222 155 110 155 222 194 119 123 200 220 149 110 162 224 187 117 127 206 217 143 111 169 225 180 115 132 211 213 138 149 187 187 
186 182 208 216 142 112 170 225 179 115 133 211 213 136 114 176 225 172 112 139 215 208 130 116 184 225 165 111 145 219 203 125 118 191 223 159 110 152 221 197 121 121 197 221 153 110 158 223 191 118 124 203 219 146 111 165 224 184 116 129 208 211 182 186 
187 187 133 126 204 218 145 111 166 224 183 116 130 209 215 138 113 173 225 175 114 135 213 211 132 115 179 225 170 111 142 217 206 127 117 186 224 163 110 148 220 201 123 119 194 222 156 110 155 222 195 121 123 200 220 150 110 162 224 188 117 143 194 187 
185 185 221 194 119 123 201 220 149 110 163 224 187 118 127 206 217 142 111 169 225 180 115 132 211 213 135 114 175 225 174 113 138 215 209 130 116 182 225 167 111 145 218 204 126 118 189 224 160 110 151 221 198 122 121 196 221 153 109 157 223 195 167 185 
189 175 118 152 221 197 121 121 197 221 152 110 158 223 191 118 125 203 219 146 110 165 224 184 116 129 208 215 139 112 172 225 176 114 135 212 212 134 115 178 225 171 112 141 216 207 128 117 186 224 164 110 147 219 201 123 119 192 223 157 109 157 205 189 
184 196 223 163 110 148 220 201 123 119 194 222 156 110 155 222 195 121 123 200 220 150 110 161 224 188 117 127 205 217 144 111 168 225 180 116 131 210 214 136 114 174 225 174 112 137 214 209 130 116 181 225 168 111 144 217 205 126 117 189 224 165 155 184 
188 160 121 183 225 167 111 145 218 204 126 118 190 223 159 110 151 221 198 121 121 196 222 153 109 157 223 192 118 124 202 219 147 110 165 224 185 117 128 207 216 140 112 171 225 177 115 134 212 212 134 114 177 225 171 112 140 216 207 128 117 184 211 188 
185 207 211 134 115 178 225 171 112 141 216 207 128 118 186 224 164 110 148 219 201 124 119 193 223 157 110 153 222 195 121 122 199 221 150 110 160 224 189 117 126 204 218 144 111 168 225 181 116 130 209 214 137 113 174 225 174 114 136 214 210 136 152 186 
186 152 136 210 214 136 114 174 225 174 113 137 214 209 130 116 181 225 168 111 144 218 204 126 117 189 224 160 110 150 221 199 122 121 195 222 153 110 157 223 193 119 124 201 219 148 110 164 224 186 118 128 207 216 141 112 171 225 178 115 134 211 207 185 
188 211 184 117 128 207 216 140 112 171 225 177 114 134 212 212 134 115 177 225 171 112 140 216 207 128 117 185 224 165 110 147 219 202 124 118 192 223 157 109 153 222 196 121 121 198 221 151 110 159 223 190 118 126 204 218 145 111 167 225 183 121 160 188 
184 155 165 224 189 117 126 205 217 144 111 168 225 181 116 130 209 214 137 112 174 225 174 114 136 214 210 131 116 180 225 168 111 144 217 205 127 117 188 224 161 110 150 220 200 123 121 195 222 155 110 156 222 194 119 123 201 220 148 110 163 223 196 184 
189 205 157 109 157 223 192 119 123 201 219 147 110 164 224 186 117 128 207 216 141 112 171 225 178 115 134 212 212 135 114 176 225 172 112 139 215 208 129 116 184 224 165 110 146 219 203 125 118 191 223 158 110 152 221 197 121 121 197 221 152 118 175 189 
185 167 195 223 157 109 153 221 196 121 122 198 221 151 110 160 224 189 118 126 204 218 145 111 167 225 182 116 130 209 215 138 113 174 225 175 114 135 213 211 132 115 180 225 169 111 142 217 206 127 118 187 224 163 110 149 220 201 123 119 194 221 185 185 
187 194 143 117 188 224 162 110 150 220 200 123 121 195 222 155 110 156 222 194 119 123 201 220 148 110 163 224 186 117 127 206 217 142 111 170 225 179 115 132 211 213 135 114 175 225 173 113 138 215 209 130 116 183 224 166 111 145 218 204 126 133 187 187 
186 182 211 208 129 116 184 224 165 111 146 219 203 124 118 191 223 158 110 153 221 197 121 121 197 221 152 110 159 223 191 118 125 203 219 145 111 165 225 184 116 130 208 215 139 112 172 225 176 114 136 213 211 133 115 179 225 170 112 142 216 208 182 186 
187 187 149 138 213 211 132 115 180 225 169 111 143 217 206 127 117 187 224 162 110 149 220 200 123 119 194 222 155 110 155 222 194 120 123 200 220 150 110 162 224 188 118 127 205 217 143 111 169 225 180 115 132 210 214 136 114 175 225 174 115 159 190 187 
187 187 208 180 115 132 211 213 135 114 176 225 173 113 138 215 209 130 116 183 224 166 111 145 218 203 124 118 190 223 159 110 152 221 198 121 121 197 221 153 110 158 223 191 119 125 203 219 147 111 165 224 185 117 129 208 216 139 112 171 223 194 185 187 
187 186 169 175 225 184 116 129 208 215 139 112 172 225 176 114 135 213 211 134 115 179 225 170 112 141 216 206 128 118 186 224 163 110 148 220 201 123 119 193 223 156 110 154 222 195 121 122 199 220 150 110 161 224 188 118 127 205 218 144 130 179 187 187 
187 187 194 170 114 161 224 188 118 127 205 217 143 111 169 225 180 115 132 211 213 136 114 175 225 174 113 138 214 209 130 116 182 225 167 111 145 218 204 126 118 189 224 160 110 150 221 199 121 121 196 222 154 110 157 223 192 119 124 201 213 188 187 187 
187 187 184 195 219 153 110 158 223 191 119 124 203 219 147 110 165 224 184 117 129 208 216 139 112 172 225 177 114 134 212 212 134 115 178 225 170 112 140 216 207 128 117 185 224 164 110 147 219 202 124 119 192 223 157 110 154 222 196 134 160 186 187 187 
187 187 187 177 143 193 223 156 110 154 222 195 121 122 199 220 150 110 161 224 188 118 127 205 217 144 111 168 225 181 116 131 210 214 137 114 175 225 175 113 137 214 210 131 116 181 225 168 111 144 218 205 127 117 188 224 161 110 150 212 197 187 187 187 
187 187 187 191 200 137 118 189 223 160 110 151 221 199 122 121 196 222 154 109 157 223 192 119 124 202 219 147 110 164 224 185 117 128 207 216 140 112 170 225 178 115 133 212 212 135 114 177 225 172 112 139 216 208 129 117 184 224 175 158 182 187 187 187 
187 187 187 186 178 210 207 128 117 185 224 164 110 147 219 202 124 119 192 223 157 110 154 222 196 120 121 199 221 150 110 160 223 189 118 126 204 218 144 111 167 225 182 116 131 209 214 138 113 174 225 175 114 136 213 211 132 115 179 200 188 187 187 187 
187 187 187 187 188 160 144 214 210 131 116 181 225 168 111 144 218 205 127 118 188 224 161 110 150 220 199 122 120 195 222 154 110 156 223 193 119 123 201 220 148 110 163 224 186 117 129 206 217 142 112 170 225 179 115 133 211 215 178 182 187 187 187 187 
187 187 187 187 186 197 189 120 134 212 212 135 114 177 225 171 112 139 216 208 129 117 185 224 165 111 147 219 203 125 119 191 223 158 110 153 221 197 121 121 198 221 152 109 159 223 190 118 126 203 218 145 111 166 225 182 120 150 189 187 187 187 187 187 
187 187 187 187 187 184 183 218 182 116 130 209 214 137 114 174 225 175 114 136 213 210 132 115 180 225 169 111 143 217 205 127 118 187 224 162 110 150 220 200 123 120 194 222 155 110 155 222 194 119 123 201 220 149 110 162 217 198 187 187 187 187 187 187 
187 187 187 187 187 187 186 157 167 224 186 118 129 207 216 141 111 170 225 179 115 133 211 213 135 114 176 225 172 112 139 215 208 129 116 184 225 166 111 145 219 203 125 118 191 223 159 109 152 221 197 121 121 197 221 169 158 181 187 187 187 187 187 187 
187 187 187 187 187 187 187 195 178 121 159 223 190 118 126 204 218 145 111 166 225 183 116 130 209 215 138 112 173 225 176 114 135 213 211 132 115 179 225 170 111 141 217 206 128 117 186 224 163 110 148 220 201 123 124 186 196 187 187 187 187 187 187 187 
187 187 187 187 187 187 187 185 189 212 163 110 155 222 194 119 123 201 220 149 110 162 224 187 117 127 206 217 143 111 169 225 180 115 132 211 213 136 114 176 225 174 113 138 215 209 130 116 182 225 167 111 145 216 208 184 186 187 187 187 187 187 187 187 
187 187 187 187 187 187 187 187 186 172 190 222 159 110 152 221 197 121 121 197 221 153 110 158 223 191 118 124 203 219 146 111 165 224 184 116 129 208 215 139 112 172 225 177 114 135 212 212 133 115 178 225 181 150 173 186 187 187 187 187 187 187 187 187 
187 187 187 187 187 187 187 187 187 189 181 148 186 224 163 110 149 220 201 123 119 194 222 156 110 155 222 195 120 123 200 220 149 110 161 224 188 118 127 205 217 143 111 168 225 180 116 131 210 214 136 119 174 198 189 187 187 187 187 187 187 187 187 187 
187 187 187 187 187 187 187 187 187 187 187 197 169 127 182 225 167 111 145 218 204 126 118 190 224 160 110 151 221 198 122 121 196 221 153 109 157 223 192 119 124 202 219 147 110 165 224 185 117 128 203 211 188 185 187 187 187 187 187 187 187 187 187 187 
187 187 187 187 187 187 187 187 187 187 187 185 191 205 159 117 178 225 170 112 141 216 207 128 118 186 224 164 110 148 219 202 123 119 193 223 157 110 154 222 196 120 122 199 221 150 110 160 223 201 168 175 186 187 187 187 187 187 187 187 187 187 187 187 
187 187 187 187 187 187 187 187 187 187 187 187 186 180 194 210 153 115 174 225 174 113 137 214 209 130 116 181 225 168 111 144 218 204 126 117 189 224 160 110 150 221 199 122 120 195 222 170 145 172 189 187 187 187 187 187 187 187 187 187 187 187 187 187 
187 187 187 187 187 187 187 187 187 187 187 187 187 187 186 174 195 213 154 113 171 225 178 114 134 212 212 134 114 177 225 171 112 139 216 207 128 117 185 224 165 110 147 219 203 140 137 184 198 189 187 187 187 187 187 187 187 187 187 187 187 187 187 187 
187 187 187 187 187 187 187 187 187 187 187 187 187 187 187 187 185 171 194 215 159 113 168 225 181 116 130 209 214 137 113 174 225 174 114 136 214 210 131 116 180 225 174 124 149 201 201 188 186 187 187 187 187 187 187 187 187 187 187 187 187 187 187 187 
187 187 187 187 187 187 187 187 187 187 187 187 187 187 187 187 187 188 185 171 191 214 169 119 163 224 185 118 129 207 216 141 112 171 225 178 115 133 211 214 150 128 175 208 196 184 185 187 187 187 187 187 187 187 187 187 187 187 187 187 187 187 187 187 
187 187 187 187 187 187 187 187 187 187 187 187 187 187 187 187 187 187 187 187 186 175 187 209 182 137 160 220 196 127 126 203 219 153 114 165 222 196 147 150 193 203 189 183 186 187 187 187 187 187 187 187 187 187 187 187 187 187 187 187 187 187 187 187 
187 187 187 187 187 187 187 187 187 187 187 187 187 187 187 187 187 187 187 187 187 187 187 182 185 199 191 163 168 206 203 164 149 190 211 186 162 174 195 195 187 185 186 187 187 187 187 187 187 187 187 187 187 187 187 187 187 187 187 187 187 187 187 187 
187 187 187 187 187 187 187 187 187 187 187 187 187 187 187 187 187 187 187 187 187 187 187 187 187 186 186 189 190 183 181 189 194 187 181 185 189 188 187 187 187 187 187 187 187 187 187 187 187 187 187 187 187 187 187 187 187 187 187 187 187 187 187 187 
