187 187 187 187 187 187 187 187 187 187 187 187 187 187 187 187 187 187 187 187 187 187 187 187 186 185 178 194 206 211 215 217 217 191 197 198 187 187 187 187 187 187 187 187 187 187 187 187 187 187 187 187 187 187 187 187 187 187 187 187 187 187 187 187 
187 187 187 187 187 187 187 187 187 187 187 187 187 187 187 187 187 187 187 187 187 186 178 157 172 212 237 251 253 254 254 255 222 199 254 225 187 187 187 187 187 187 187 187 187 187 187 187 187 187 187 187 187 187 187 187 187 187 187 187 187 187 187 187 
187 187 187 187 187 187 187 187 187 187 187 187 187 187 187 187 187 187 187 191 207 155 50 41 250 255 255 232 74 183 254 220 13 72 255 226 187 187 187 187 187 187 187 187 187 187 187 187 187 187 187 187 187 187 187 187 187 187 187 187 187 187 187 187 
187 187 187 187 187 187 187 187 187 187 187 187 187 187 187 187 186 179 195 241 253 164 0 4 203 255 251 81 0 0 99 77 0 40 255 226 187 187 187 187 187 187 187 187 187 187 187 187 187 187 187 187 187 187 187 187 187 187 187 187 187 187 187 187 
187 187 187 187 187 187 187 187 187 187 187 187 187 187 187 183 146 65 24 150 171 32 0 0 25 151 83 0 0 0 153 219 45 112 247 129 187 187 187 187 187 187 187 187 187 187 187 187 187 187 187 187 187 187 187 187 187 187 187 187 187 187 187 187 
187 187 187 187 187 187 187 187 187 187 187 187 187 186 167 89 13 0 0 0 0 0 0 0 0 0 0 0 0 70 253 255 130 18 46 87 187 187 187 187 187 187 187 187 187 187 187 187 187 187 187 187 187 187 187 187 187 187 187 187 187 187 187 187 
187 187 187 187 187 187 187 187 187 187 187 187 183 137 39 0 0 0 146 134 0 98 45 0 0 0 0 36 234 251 255 236 18 0 7 121 187 187 187 187 187 187 187 187 187 187 187 187 187 187 187 187 187 187 187 187 187 187 187 187 187 187 187 187 
187 187 187 187 187 187 187 187 187 187 187 178 106 13 0 0 0 0 116 73 0 238 252 199 127 16 0 0 59 102 232 72 0 0 157 226 187 187 187 187 187 187 187 187 187 187 187 187 187 187 187 187 187 187 187 187 187 187 187 187 187 187 187 187 
187 187 187 187 187 187 187 187 187 187 197 139 4 27 49 20 14 35 149 204 100 252 255 255 255 214 44 0 0 0 55 0 53 191 255 226 187 187 187 187 187 187 187 187 187 187 187 187 187 187 187 187 187 187 187 187 187 187 187 187 187 187 187 187 
187 187 187 187 187 187 187 187 187 198 241 254 241 252 255 252 250 255 255 255 255 255 255 255 255 255 250 103 0 0 0 30 251 255 255 226 187 187 187 187 187 187 187 187 187 187 187 187 187 187 187 187 187 187 187 187 187 187 187 187 187 187 187 187 
187 187 187 187 187 187 187 187 196 241 254 255 255 255 255 255 255 255 255 255 255 255 220 160 199 254 255 145 0 0 0 8 223 255 255 226 187 187 187 187 187 187 187 187 187 187 187 187 187 187 187 187 187 187 187 187 187 187 187 187 187 187 187 187 
187 187 187 187 187 187 187 193 238 254 255 255 255 255 229 109 42 62 157 221 255 255 93 0 0 94 207 44 0 0 0 0 43 247 255 226 187 187 187 187 187 187 187 187 187 187 187 187 187 187 187 187 187 187 187 187 187 187 187 187 187 187 187 187 
187 187 187 187 187 187 184 190 254 255 255 254 128 113 27 0 0 0 0 6 221 255 221 21 0 0 0 0 6 19 0 0 0 172 255 226 187 187 187 187 187 187 187 187 187 187 187 187 187 187 187 187 187 187 187 187 187 187 187 187 187 187 187 187 
187 187 187 187 187 186 137 13 78 196 253 182 0 0 0 0 0 0 0 0 145 255 255 106 0 0 0 38 192 224 18 0 0 95 255 226 187 187 187 187 187 187 187 187 187 187 187 187 187 187 187 187 187 187 187 187 187 187 187 187 187 187 187 187 
187 187 187 187 187 185 136 0 0 0 27 6 0 0 0 61 168 104 0 0 25 234 255 59 0 0 0 215 255 255 183 0 0 150 255 226 187 187 187 187 187 187 187 187 187 187 187 187 187 187 187 187 187 187 187 187 187 187 187 187 187 187 187 187 
187 187 187 187 190 236 249 15 0 0 0 6 28 72 167 251 255 254 116 0 0 127 255 143 2 0 0 59 251 255 254 39 88 255 255 226 187 187 187 187 187 187 187 187 187 187 187 187 187 187 187 187 187 187 187 187 187 187 187 187 187 187 187 187 
187 187 187 187 213 253 255 142 0 0 41 225 253 255 252 254 255 255 247 16 0 129 255 255 86 0 0 32 241 255 164 0 22 246 255 208 187 187 187 187 187 187 187 187 187 187 187 187 187 187 187 187 187 187 187 187 187 187 187 187 187 187 187 187 
187 187 187 193 242 255 255 254 39 0 204 255 255 192 21 79 252 255 255 40 0 211 255 255 225 151 181 245 255 255 171 11 73 243 111 87 187 187 187 187 187 187 187 187 187 187 187 187 187 187 187 187 187 187 187 187 187 187 187 187 187 187 187 187 
187 187 187 215 254 255 255 255 46 89 254 255 255 212 2 0 196 255 255 46 77 254 255 202 204 251 254 255 255 255 254 247 255 234 0 87 187 187 187 187 187 187 187 187 187 187 187 187 187 187 187 187 187 187 187 187 187 187 187 187 187 187 187 187 
187 187 191 241 251 232 255 255 185 238 255 255 255 255 63 5 219 255 255 182 229 255 228 17 0 23 215 255 255 255 255 255 255 186 0 87 187 187 187 187 187 187 187 187 187 187 187 187 187 187 187 187 187 187 187 187 187 187 187 187 187 187 187 187 
187 187 207 252 91 15 192 255 255 255 255 255 225 94 4 48 137 175 176 92 237 255 113 0 0 114 255 255 255 255 255 255 255 185 0 87 187 187 187 187 187 187 187 187 187 187 187 187 187 187 187 187 187 187 187 187 187 187 187 187 187 187 187 187 
187 187 231 191 0 0 6 238 255 243 175 147 22 0 0 0 0 0 0 0 101 255 166 0 0 170 255 255 218 254 255 255 255 162 0 87 187 187 187 187 187 187 187 187 187 187 187 187 187 187 187 187 187 187 187 187 187 187 187 187 187 187 187 187 
187 184 75 6 45 9 29 250 235 32 66 200 235 186 133 17 0 12 81 88 100 255 251 42 0 182 255 245 11 199 255 255 217 16 0 87 187 187 187 187 187 187 187 187 187 187 187 187 187 187 187 187 187 187 187 187 187 187 187 187 187 187 187 187 
187 157 15 61 255 247 137 96 75 171 254 255 255 255 255 251 249 251 255 255 255 255 255 86 0 172 255 211 0 77 253 255 83 0 0 87 187 187 187 187 187 187 187 187 187 187 187 187 187 187 187 187 187 187 187 187 187 187 187 187 187 187 187 187 
186 122 0 67 255 255 156 0 77 247 171 248 255 255 255 255 255 255 255 255 255 255 189 7 0 171 255 226 0 0 99 255 171 97 42 102 187 187 187 187 187 187 187 187 187 187 187 187 187 187 187 187 187 187 187 187 187 187 187 187 187 187 187 187 
185 82 0 2 233 255 185 0 13 39 0 154 255 199 200 255 255 242 243 255 255 253 33 0 0 110 255 238 0 0 51 255 255 255 255 226 187 187 187 187 187 187 187 187 187 187 187 187 187 187 187 187 187 187 187 187 187 187 187 187 187 187 187 187 
180 50 0 17 240 253 76 0 0 0 0 146 255 138 0 89 94 8 9 103 231 195 0 0 0 48 255 254 38 0 126 255 255 200 87 166 187 187 187 187 187 187 187 187 187 187 187 187 187 187 187 187 187 187 187 187 187 187 187 187 187 187 187 187 
184 46 0 120 255 236 0 0 0 0 39 232 255 220 0 0 0 0 0 3 30 12 0 0 0 39 255 255 123 0 132 253 244 18 0 87 187 187 187 187 187 187 187 187 187 187 187 187 187 187 187 187 187 187 187 187 187 187 187 187 187 187 187 187 
206 227 11 77 255 232 0 0 107 201 248 255 255 196 0 0 120 242 233 247 237 20 0 22 108 194 255 255 254 193 0 52 253 147 10 87 187 187 187 187 187 187 187 187 187 187 187 187 187 187 187 187 187 187 187 187 187 187 187 187 187 187 187 187 
211 254 60 0 205 163 0 0 218 255 255 254 255 233 47 0 167 255 255 255 255 150 97 238 255 255 188 213 255 243 3 91 255 255 215 147 187 187 187 187 187 187 187 187 187 187 187 187 187 187 187 187 187 187 187 187 187 187 187 187 187 187 187 187 
215 254 101 62 147 9 0 0 236 255 107 124 255 255 247 26 2 189 255 255 255 255 255 255 255 216 20 234 255 255 145 198 255 255 255 226 187 187 187 187 187 187 187 187 187 187 187 187 187 187 187 187 187 187 187 187 187 187 187 187 187 187 187 187 
200 136 108 254 254 37 0 0 182 221 4 66 255 255 255 86 0 108 255 255 255 255 255 255 216 27 3 225 255 255 248 83 217 255 255 226 187 187 187 187 187 187 187 187 187 187 187 187 187 187 187 187 187 187 187 187 187 187 187 187 187 187 187 187 
137 0 102 255 255 69 0 0 63 141 0 7 225 255 255 142 16 180 255 250 90 187 255 255 158 2 0 84 254 255 184 0 4 52 66 218 187 187 187 187 187 187 187 187 187 187 187 187 187 187 187 187 187 187 187 187 187 187 187 187 187 187 187 187 
142 3 83 255 255 57 0 39 212 248 38 0 76 247 255 254 250 255 255 161 0 70 255 255 255 87 0 0 189 255 127 0 0 0 4 208 187 187 187 187 187 187 187 187 187 187 187 187 187 187 187 187 187 187 187 187 187 187 187 187 187 187 187 187 
169 142 240 255 253 28 126 248 255 255 132 0 0 119 255 255 255 255 243 30 0 48 255 255 255 182 0 0 99 255 185 5 0 0 64 226 187 187 187 187 187 187 187 187 187 187 187 187 187 187 187 187 187 187 187 187 187 187 187 187 187 187 187 187 
206 253 255 255 254 208 255 255 255 255 243 76 7 182 255 255 255 254 106 0 0 61 255 255 255 188 0 0 114 255 255 111 0 0 124 226 187 187 187 187 187 187 187 187 187 187 187 187 187 187 187 187 187 187 187 187 187 187 187 187 187 187 187 187 
195 251 255 255 255 255 255 255 255 255 255 254 249 255 255 255 227 98 0 0 0 105 255 249 144 11 0 0 151 255 255 120 0 0 199 226 187 187 187 187 187 187 187 187 187 187 187 187 187 187 187 187 187 187 187 187 187 187 187 187 187 187 187 187 
179 140 251 255 255 255 98 55 94 247 255 255 255 255 236 106 6 0 0 0 0 165 249 39 0 0 9 41 66 203 174 13 0 71 254 226 187 187 187 187 187 187 187 187 187 187 187 187 187 187 187 187 187 187 187 187 187 187 187 187 187 187 187 187 
185 82 98 254 255 255 187 8 9 243 255 255 255 194 9 24 0 0 0 92 180 253 255 115 0 0 193 254 76 0 0 0 0 190 255 226 187 187 187 187 187 187 187 187 187 187 187 187 187 187 187 187 187 187 187 187 187 187 187 187 187 187 187 187 
186 122 0 205 255 255 255 222 206 255 255 255 175 22 194 253 116 0 0 172 255 255 255 237 0 7 250 255 134 0 0 0 64 253 255 226 187 187 187 187 187 187 187 187 187 187 187 187 187 187 187 187 187 187 187 187 187 187 187 187 187 187 187 187 
187 157 15 109 255 255 255 255 226 253 255 255 37 83 254 255 226 0 17 241 255 255 255 144 0 36 254 255 131 0 0 0 25 153 249 226 187 187 187 187 187 187 187 187 187 187 187 187 187 187 187 187 187 187 187 187 187 187 187 187 187 187 187 187 
187 178 50 17 244 255 255 193 4 177 255 255 241 253 255 255 205 0 107 255 255 255 255 69 4 129 255 255 101 0 0 0 0 0 137 226 187 187 187 187 187 187 187 187 187 187 187 187 187 187 187 187 187 187 187 187 187 187 187 187 187 187 187 187 
187 186 105 0 64 193 237 70 0 146 255 255 255 255 255 251 57 0 158 255 236 189 253 246 236 255 252 154 6 0 0 36 150 214 254 221 187 187 187 187 187 187 187 187 187 187 187 187 187 187 187 187 187 187 187 187 187 187 187 187 187 187 187 187 
187 187 157 18 0 0 0 0 0 146 255 255 255 255 255 150 0 0 163 255 48 0 184 255 255 242 63 0 0 0 0 206 255 255 255 169 187 187 187 187 187 187 187 187 187 187 187 187 187 187 187 187 187 187 187 187 187 187 187 187 187 187 187 187 
187 187 184 109 5 0 0 0 0 146 255 255 221 111 77 0 0 0 197 255 157 53 141 255 255 172 0 0 0 0 0 225 255 252 162 96 187 187 187 187 187 187 187 187 187 187 187 187 187 187 187 187 187 187 187 187 187 187 187 187 187 187 187 187 
187 187 187 216 224 107 2 0 0 198 255 253 56 0 1 26 11 0 212 255 255 254 104 118 234 192 0 0 43 174 64 71 164 62 0 87 187 187 187 187 187 187 187 187 187 187 187 187 187 187 187 187 187 187 187 187 187 187 187 187 187 187 187 187 
187 187 187 193 242 249 38 0 128 255 255 173 0 0 183 254 248 122 31 214 255 254 57 0 55 244 32 0 191 255 139 0 0 0 0 87 187 187 187 187 187 187 187 187 187 187 187 187 187 187 187 187 187 187 187 187 187 187 187 187 187 187 187 187 
187 187 187 187 186 56 0 8 243 255 255 70 0 64 255 255 255 142 0 15 200 239 0 0 69 255 222 36 172 240 68 0 0 0 0 87 187 187 187 187 187 187 187 187 187 187 187 187 187 187 187 187 187 187 187 187 187 187 187 187 187 187 187 187 
187 187 187 187 183 88 0 18 252 255 255 62 0 164 255 255 242 47 0 0 130 254 72 4 202 255 255 164 0 0 0 0 0 0 0 87 187 187 187 187 187 187 187 187 187 187 187 187 187 187 187 187 187 187 187 187 187 187 187 187 187 187 187 187 
187 187 187 187 187 167 39 4 236 255 255 246 215 254 224 94 20 0 0 19 224 255 154 79 255 255 255 162 0 0 0 0 0 0 0 87 187 187 187 187 187 187 187 187 187 187 187 187 187 187 187 187 187 187 187 187 187 187 187 187 187 187 187 187 
187 187 187 187 187 186 137 13 78 245 255 255 255 255 101 0 0 32 128 230 255 252 73 99 255 255 255 97 0 32 178 215 77 0 0 87 187 187 187 187 187 187 187 187 187 187 187 187 187 187 187 187 187 187 187 187 187 187 187 187 187 187 187 187 
187 187 187 187 187 187 183 106 4 108 255 255 255 255 152 0 11 207 255 255 241 76 0 52 255 255 247 16 0 166 255 255 252 89 0 87 187 187 187 187 187 187 187 187 187 187 187 187 187 187 187 187 187 187 187 187 187 187 187 187 187 187 187 187 
187 187 187 187 187 187 187 178 83 92 255 255 255 255 180 12 211 255 214 82 21 0 0 2 143 221 133 0 0 158 255 255 255 245 41 87 187 187 187 187 187 187 187 187 187 187 187 187 187 187 187 187 187 187 187 187 187 187 187 187 187 187 187 187 
187 187 187 187 187 187 187 187 173 205 254 255 254 138 7 11 246 255 165 0 0 0 0 0 0 0 0 0 0 23 216 255 255 255 243 185 187 187 187 187 187 187 187 187 187 187 187 187 187 187 187 187 187 187 187 187 187 187 187 187 187 187 187 187 
187 187 187 187 187 187 187 187 187 198 241 254 132 0 0 13 247 255 235 3 0 80 5 0 0 0 0 0 0 0 13 104 229 255 255 226 187 187 187 187 187 187 187 187 187 187 187 187 187 187 187 187 187 187 187 187 187 187 187 187 187 187 187 187 
187 187 187 187 187 187 187 187 187 187 197 189 4 0 0 90 255 250 178 3 0 197 166 4 4 150 209 36 0 0 0 0 18 81 54 190 187 187 187 187 187 187 187 187 187 187 187 187 187 187 187 187 187 187 187 187 187 187 187 187 187 187 187 187 
187 187 187 187 187 187 187 187 187 187 187 184 107 12 59 229 183 25 0 0 0 92 241 66 74 255 255 238 145 58 0 0 0 0 100 221 187 187 187 187 187 187 187 187 187 187 187 187 187 187 187 187 187 187 187 187 187 187 187 187 187 187 187 187 
187 187 187 187 187 187 187 187 187 187 187 187 185 192 247 254 67 0 0 0 0 0 0 0 51 255 255 255 255 246 11 0 0 67 250 226 187 187 187 187 187 187 187 187 187 187 187 187 187 187 187 187 187 187 187 187 187 187 187 187 187 187 187 187 
187 187 187 187 187 187 187 187 187 187 187 187 187 187 202 236 111 0 0 0 0 0 6 91 162 255 255 255 255 255 52 0 37 233 255 226 187 187 187 187 187 187 187 187 187 187 187 187 187 187 187 187 187 187 187 187 187 187 187 187 187 187 187 187 
187 187 187 187 187 187 187 187 187 187 187 187 187 187 187 190 208 83 9 0 0 6 192 255 255 198 72 121 181 254 215 116 219 255 255 223 187 187 187 187 187 187 187 187 187 187 187 187 187 187 187 187 187 187 187 187 187 187 187 187 187 187 187 187 
187 187 187 187 187 187 187 187 187 187 187 187 187 187 187 187 187 185 142 71 18 18 251 255 255 185 0 0 0 217 255 255 255 229 153 125 187 187 187 187 187 187 187 187 187 187 187 187 187 187 187 187 187 187 187 187 187 187 187 187 187 187 187 187 
187 187 187 187 187 187 187 187 187 187 187 187 187 187 187 187 187 187 187 182 157 105 194 253 254 242 11 0 0 155 255 255 193 18 30 193 187 187 187 187 187 187 187 187 187 187 187 187 187 187 187 187 187 187 187 187 187 187 187 187 187 187 187 187 
187 187 187 187 187 187 187 187 187 187 187 187 187 187 187 187 187 187 187 187 187 186 187 208 224 238 94 29 14 20 133 113 11 2 178 225 187 187 187 187 187 187 187 187 187 187 187 187 187 187 187 187 187 187 187 187 187 187 187 187 187 187 187 187 
187 187 187 187 187 187 187 187 187 187 187 187 187 187 187 187 187 187 187 187 187 187 187 187 187 188 183 171 160 150 142 138 138 146 210 198 187 187 187 187 187 187 187 187 187 187 187 187 187 187 187 187 187 187 187 187 187 187 187 187 187 187 187 187 
