187 187 187 187 187 187 187 187 187 187 187 187 187 187 187 187 187 187 187 187 187 187 187 187 187 187 187 187 187 187 187 186 187 187 187 186 187 187 187 187 187 187 187 187 187 187 187 187 187 187 187 187 187 187 187 187 187 187 187 187 187 187 187 187 
187 187 187 187 187 187 187 187 187 187 187 187 187 187 187 187 187 187 187 187 187 187 186 187 187 187 187 187 187 188 187 183 189 187 189 182 189 187 187 187 187 187 187 187 187 187 187 187 187 187 187 187 187 187 187 187 187 187 187 187 187 187 187 187 
187 187 187 187 187 187 187 187 187 187 187 187 187 187 187 187 187 187 187 186 186 186 186 188 187 187 187 187 187 191 178 191 187 187 191 179 190 187 187 187 187 187 187 187 187 187 187 187 187 187 187 187 187 187 187 187 187 187 187 187 187 187 187 187 
187 187 187 187 187 187 187 187 187 187 187 187 187 187 187 187 187 187 187 188 187 184 190 187 187 187 187 187 188 187 183 189 187 187 190 178 191 187 187 187 188 188 187 187 188 187 187 187 187 187 187 187 187 187 187 187 187 187 187 187 187 187 187 187 
187 187 187 187 187 187 187 187 187 187 187 187 187 187 187 187 187 187 187 187 188 188 187 187 187 187 187 187 190 179 190 187 187 187 189 181 190 187 188 190 181 183 189 187 187 188 188 186 187 187 187 187 187 187 187 187 187 187 187 187 187 187 187 187 
187 187 187 187 187 187 187 187 187 187 187 187 187 187 187 185 189 187 187 187 187 187 187 187 187 187 187 187 190 179 191 187 187 187 189 181 190 191 188 177 191 180 190 187 187 187 190 182 188 187 187 187 187 187 187 187 187 187 187 187 187 187 187 187 
187 187 187 187 187 187 187 187 187 187 187 187 187 187 188 181 189 188 187 187 187 187 187 187 187 187 187 187 190 180 190 187 187 187 190 182 193 180 181 191 190 181 190 187 187 187 190 180 189 187 187 187 187 187 187 187 187 187 187 187 187 187 187 187 
187 187 187 187 187 187 187 187 187 187 187 187 187 187 187 190 178 188 190 187 187 187 187 187 187 187 187 187 190 178 192 189 189 191 188 182 180 189 190 187 189 181 190 187 187 187 189 181 189 187 188 187 187 187 187 187 187 187 187 187 187 187 187 187 
187 187 187 187 187 187 187 187 187 187 186 188 187 187 187 187 190 181 179 189 191 190 189 187 187 187 187 187 188 189 177 185 183 178 182 190 185 189 187 187 189 181 190 187 187 187 188 186 186 187 190 181 188 187 187 187 187 187 187 187 187 187 187 187 
187 187 187 187 187 187 187 187 187 187 185 188 187 187 187 187 187 190 189 181 178 178 182 190 187 187 187 187 187 188 191 186 188 191 190 186 186 188 187 187 188 182 188 187 187 187 189 181 190 187 191 178 190 187 187 187 187 187 187 187 187 187 187 187 
187 187 187 187 187 187 187 187 187 187 185 186 188 187 187 187 187 187 187 189 190 192 184 184 188 187 187 187 187 187 187 187 187 187 187 189 181 189 187 187 188 186 186 188 187 187 190 179 191 187 190 179 190 187 187 187 187 187 187 187 187 187 187 187 
187 187 187 187 187 187 187 187 187 187 185 186 188 187 187 187 187 187 187 187 187 187 191 178 190 187 187 187 187 187 187 187 187 187 187 190 181 189 187 187 188 186 186 188 187 187 191 179 190 187 188 187 182 189 187 187 187 187 187 187 187 187 187 187 
187 187 187 187 187 187 187 187 187 188 186 186 187 187 187 187 187 187 187 187 187 187 191 179 191 187 187 187 187 187 187 187 187 187 187 190 180 190 187 187 188 184 186 187 187 187 189 181 189 187 187 191 178 191 187 187 187 187 187 187 187 187 187 187 
187 187 187 187 187 187 187 187 187 190 181 189 187 187 187 187 187 187 187 187 187 189 192 178 190 187 187 187 187 188 187 187 187 187 187 191 178 191 187 187 190 179 190 187 187 188 186 186 188 187 187 188 187 182 190 188 188 187 187 187 187 187 187 187 
187 187 187 187 187 187 187 187 188 189 178 190 187 187 187 187 187 187 187 189 190 184 177 189 188 187 187 190 187 186 186 190 187 187 187 190 178 191 187 189 189 179 190 187 187 189 181 189 187 187 187 187 190 181 183 187 183 183 187 187 187 187 187 187 
187 187 187 187 187 187 187 187 191 177 191 187 187 187 187 187 187 190 191 182 178 186 191 188 187 187 189 181 182 186 184 178 190 187 187 188 183 186 192 185 178 190 187 187 187 190 179 191 187 187 187 187 187 190 186 184 188 189 187 187 187 187 187 187 
187 187 187 187 187 187 187 189 182 187 188 187 187 187 187 190 188 180 178 187 191 188 187 187 187 187 189 180 192 188 189 189 179 191 187 187 190 182 178 185 191 187 187 187 187 190 178 190 187 187 187 187 187 187 187 188 187 187 187 187 187 187 187 187 
187 187 187 187 187 187 187 191 178 191 187 187 187 187 190 178 182 189 191 188 187 187 187 187 187 187 190 178 189 189 187 190 181 184 191 189 188 189 190 188 187 187 187 187 187 190 181 189 187 187 187 187 187 187 187 187 187 187 187 187 187 187 187 187 
187 187 187 187 187 187 187 191 179 190 187 187 187 189 181 188 190 187 187 187 187 187 187 187 187 187 187 191 178 186 189 187 190 184 178 181 184 190 187 187 187 187 187 187 187 190 179 191 187 187 187 187 187 187 190 186 187 191 188 187 187 187 187 187 
187 187 187 187 187 187 190 182 187 188 187 187 187 190 178 192 187 187 187 187 187 187 187 187 187 187 187 187 191 180 185 189 187 189 191 190 187 178 191 187 187 187 187 187 187 190 179 189 189 187 187 187 187 191 178 186 183 177 185 190 187 187 187 187 
187 187 187 187 187 189 186 181 190 187 187 187 187 191 179 191 187 187 187 187 187 187 187 187 187 187 187 187 187 191 181 186 188 187 187 187 189 186 182 189 187 187 187 187 187 187 190 178 184 191 188 188 191 177 189 189 189 191 184 181 189 187 187 187 
187 187 188 187 187 191 177 191 187 187 187 187 187 190 179 191 188 188 188 187 187 187 187 187 187 187 187 187 187 187 192 177 190 187 187 187 187 191 178 191 187 187 187 187 187 187 187 191 184 178 186 186 177 189 188 187 187 187 189 186 180 187 187 187 
187 187 186 189 192 178 189 188 187 187 187 187 188 190 191 183 187 186 186 186 190 187 187 187 187 187 187 187 187 187 190 181 190 187 187 187 187 189 183 188 187 187 187 187 187 187 187 187 189 190 186 186 190 188 187 187 187 187 187 189 190 184 187 187 
187 186 188 190 178 185 189 187 187 187 188 191 186 180 181 178 189 186 186 186 178 190 187 187 187 187 187 187 187 187 190 178 190 187 187 187 187 187 187 184 188 187 187 187 187 187 187 187 187 187 187 187 187 187 187 187 187 187 187 189 193 183 187 187 
187 187 189 180 190 189 187 187 187 189 187 177 184 190 192 190 179 191 188 189 187 180 190 187 187 187 187 187 187 187 191 178 190 187 187 187 187 190 188 182 188 187 187 187 187 187 187 187 187 187 187 187 187 187 187 187 187 187 190 182 178 186 187 187 
187 187 187 187 181 192 189 188 191 184 180 191 189 187 187 189 184 185 188 187 190 182 184 191 188 188 188 188 189 191 181 186 188 187 187 187 190 180 180 190 188 190 191 190 188 187 187 187 187 187 187 187 187 187 187 187 187 187 185 184 194 189 187 187 
187 187 187 189 186 177 183 186 178 184 190 187 187 187 187 187 191 178 190 187 187 190 184 179 186 186 186 186 183 177 186 189 187 187 187 190 178 189 190 189 189 178 179 178 182 189 188 187 187 187 187 187 187 187 187 187 187 187 190 179 182 186 186 186 
187 187 187 187 188 191 187 186 190 189 187 187 187 187 187 187 191 179 191 187 187 187 189 189 186 186 186 186 187 191 188 187 187 187 187 186 184 189 187 191 177 192 191 191 189 178 190 187 187 187 187 187 187 187 187 187 187 187 187 190 187 186 187 187 
187 187 187 187 187 187 187 187 187 187 187 187 187 187 187 187 191 179 191 187 187 187 187 189 191 190 190 190 189 187 187 187 187 187 187 186 187 190 191 184 185 188 187 188 192 178 190 187 187 187 187 187 187 187 187 187 187 187 187 187 187 187 187 187 
187 187 187 187 187 187 187 187 187 187 187 187 187 187 187 187 191 178 190 187 187 187 190 182 178 180 181 181 185 190 187 187 187 187 187 190 177 182 178 182 190 187 188 189 177 189 188 187 187 187 187 187 187 187 187 187 187 187 187 187 187 187 187 187 
187 188 190 191 191 190 189 187 187 187 187 187 187 187 187 191 184 184 188 187 187 191 180 185 192 190 190 190 186 178 190 187 187 187 187 188 190 190 190 189 187 187 191 177 192 188 187 187 187 187 187 187 187 187 187 187 187 187 187 187 187 187 187 187 
187 183 178 179 179 178 182 190 189 187 187 187 187 189 191 179 181 190 187 187 190 180 185 189 187 187 187 187 189 188 182 188 187 187 187 187 187 187 187 187 187 191 179 189 188 187 187 187 187 187 187 187 187 187 187 187 187 187 187 187 187 187 188 187 
187 188 191 191 191 191 188 178 184 190 187 187 190 184 178 189 190 187 187 189 182 185 189 187 187 187 187 187 187 190 181 189 187 187 187 187 187 187 187 187 189 186 182 190 187 187 187 187 187 187 187 187 187 189 190 188 187 187 187 187 187 190 185 186 
187 187 187 187 187 187 188 191 183 184 189 188 186 181 191 188 187 187 187 191 178 191 187 187 187 187 187 187 187 190 180 190 187 187 187 187 187 187 187 189 189 178 191 187 187 187 187 187 187 187 187 187 190 182 177 186 191 187 187 187 191 181 185 187 
187 187 187 187 187 187 187 187 192 178 190 191 177 191 187 187 187 187 188 186 184 188 188 190 190 188 187 187 187 191 178 191 187 187 187 187 187 187 189 186 178 191 187 187 187 187 187 187 187 187 187 190 182 185 193 182 179 191 191 192 181 185 189 187 
187 187 187 187 187 187 187 187 192 179 190 186 184 188 187 187 187 187 191 178 191 188 189 178 179 186 190 187 187 189 180 190 187 187 187 187 187 189 186 181 191 187 187 187 187 187 187 187 187 187 189 189 179 191 187 190 189 179 180 178 185 189 187 187 
187 187 187 187 187 187 187 190 181 185 190 186 186 188 187 187 187 187 189 180 190 190 177 192 191 181 184 188 187 187 189 178 191 187 187 187 189 189 178 191 187 187 187 187 187 187 187 187 187 189 186 178 191 187 187 187 187 190 191 193 192 188 187 187 
187 187 187 187 187 187 190 184 184 190 187 188 183 189 187 187 187 189 182 188 188 186 185 188 187 192 178 190 187 187 189 185 180 191 192 189 182 178 191 187 187 187 187 187 187 187 187 187 189 185 180 191 187 187 187 187 187 189 187 178 178 188 188 187 
187 188 189 189 190 192 182 181 190 187 187 191 179 191 187 187 187 191 178 191 187 186 185 188 187 191 179 191 187 187 187 189 187 178 178 181 188 190 187 190 186 187 190 187 187 187 187 189 185 181 191 187 187 187 187 187 188 186 180 192 191 181 186 187 
187 186 183 181 179 178 185 190 187 187 187 190 179 189 188 187 190 182 187 188 187 191 178 192 189 191 179 190 187 187 187 187 188 190 190 189 187 187 188 186 182 183 178 190 188 187 187 190 178 191 187 187 187 187 187 187 190 177 191 187 187 190 186 187 
187 187 188 190 190 191 188 187 187 187 187 187 190 177 189 192 189 179 190 187 187 189 185 178 186 178 188 187 187 187 187 187 187 187 187 187 187 187 189 180 191 190 189 177 189 192 192 178 189 187 187 187 187 187 187 187 186 184 188 187 187 187 187 187 
187 187 187 187 187 187 187 187 187 187 187 187 187 191 179 178 179 190 187 187 187 187 189 190 185 189 188 187 187 187 187 187 187 187 187 187 187 187 191 178 191 187 188 191 179 179 178 189 188 187 187 187 187 187 187 188 186 186 188 187 187 187 187 187 
187 187 188 188 187 187 187 187 187 187 187 187 187 188 192 192 192 188 187 187 187 187 187 187 187 187 187 187 187 187 187 187 187 187 187 187 187 187 190 179 190 187 187 187 189 191 190 188 187 190 190 190 190 188 187 187 186 184 189 187 187 187 187 187 
187 187 186 186 189 191 188 187 187 187 187 187 188 191 182 181 181 189 191 190 188 187 187 187 187 187 187 187 190 189 185 187 190 187 187 187 187 187 188 182 188 187 187 187 187 187 187 188 189 179 179 179 179 187 190 187 191 177 191 187 187 187 187 187 
187 187 187 187 181 178 185 191 190 188 188 191 187 177 188 190 189 180 178 179 187 191 187 187 187 187 187 190 182 180 187 181 184 190 187 187 187 191 180 189 187 187 187 187 187 187 187 189 178 191 191 191 191 182 181 190 188 186 182 189 187 187 187 187 
187 187 187 187 188 191 185 178 180 184 184 179 180 191 188 187 187 189 191 191 182 178 190 187 187 187 187 189 180 192 188 191 181 182 189 190 190 182 181 190 187 187 187 187 187 187 188 182 188 188 187 187 187 191 180 189 187 191 179 189 187 187 187 187 
187 187 187 187 187 187 188 191 190 186 186 190 190 187 187 187 187 187 187 187 190 186 185 188 187 187 187 186 186 188 187 187 190 188 181 181 181 187 190 187 187 187 187 187 187 187 189 181 191 187 187 187 187 187 188 182 188 188 186 186 187 187 187 187 
187 187 187 187 187 187 187 187 187 187 187 187 187 187 187 187 187 187 187 187 187 189 182 188 187 187 188 188 184 188 187 187 187 187 189 189 189 187 187 187 188 190 190 189 187 187 188 182 188 188 187 187 187 187 190 181 189 187 189 186 187 187 187 187 
187 187 187 187 187 187 187 187 187 187 187 187 187 187 187 187 187 187 187 187 190 181 189 189 190 188 186 183 183 188 187 187 187 187 187 187 187 187 187 189 186 178 179 182 190 187 187 190 178 191 187 187 187 188 186 185 188 187 187 187 187 187 187 187 
187 187 187 187 187 187 187 187 187 187 187 187 187 187 187 187 187 187 187 187 190 178 193 185 178 183 186 187 190 187 187 187 187 187 187 187 187 187 187 189 179 192 192 182 187 188 187 189 181 189 187 187 187 189 181 189 187 187 187 187 187 187 187 187 
187 187 187 187 187 187 187 189 188 187 187 187 187 187 187 187 187 187 187 189 182 188 190 179 192 189 188 187 187 187 188 190 191 191 190 188 187 187 190 180 189 187 187 190 180 190 187 187 188 182 188 187 187 189 181 190 187 187 187 187 187 187 187 187 
187 187 187 187 187 187 186 185 189 187 187 187 189 190 188 187 187 187 187 190 178 193 180 190 187 187 187 187 187 187 189 178 179 178 179 184 190 187 190 178 192 187 187 190 178 191 187 187 191 181 189 187 187 189 181 189 187 187 187 187 187 187 187 187 
187 187 187 187 187 187 187 186 185 189 189 189 180 178 186 188 187 187 191 178 190 192 178 191 187 187 187 187 187 190 179 191 191 191 191 184 183 188 190 178 191 187 187 188 187 181 191 191 184 186 188 187 187 187 188 185 187 187 187 187 187 187 187 187 
187 187 187 187 187 187 187 187 186 188 186 179 190 195 178 190 187 190 178 189 189 189 181 189 187 187 187 187 187 189 179 190 187 187 187 191 181 189 188 185 185 188 187 187 190 181 182 182 181 190 187 187 187 187 187 187 187 187 187 187 187 187 187 187 
187 187 187 187 187 187 187 187 187 187 184 189 192 189 179 189 187 187 182 190 188 182 188 187 187 187 187 187 191 179 189 187 187 187 187 190 181 189 187 190 180 190 187 187 187 190 187 187 190 187 187 187 187 187 187 187 187 187 187 187 187 187 187 187 
187 187 187 187 187 187 187 187 187 187 187 184 184 179 190 187 188 186 186 188 189 181 190 187 187 187 187 190 182 185 189 187 187 187 187 186 184 188 187 191 178 190 187 187 187 188 191 191 189 187 187 187 187 187 187 187 187 187 187 187 187 187 187 187 
187 187 187 187 187 187 187 187 187 187 187 187 187 189 187 187 188 187 186 187 189 181 190 187 187 187 189 186 181 190 187 187 187 187 188 186 186 188 187 191 178 190 187 187 189 186 178 178 181 188 189 188 187 187 187 187 187 187 187 187 187 187 187 187 
187 187 187 187 187 187 187 187 187 187 187 187 187 187 188 190 188 178 189 187 187 189 178 192 187 188 191 177 191 187 187 187 187 187 188 186 186 188 187 190 180 190 187 188 188 179 192 191 188 184 185 187 187 187 187 187 187 187 187 187 187 187 187 187 
187 187 187 187 187 187 187 187 187 187 187 187 187 187 186 184 184 188 188 187 187 189 185 178 190 191 178 189 188 187 187 187 187 187 188 182 188 187 187 189 181 189 187 191 178 191 187 187 187 187 187 187 187 187 187 187 187 187 187 187 187 187 187 187 
187 187 187 187 187 187 187 187 187 187 187 187 187 187 187 187 187 187 187 187 187 187 189 189 181 180 188 188 187 187 187 187 187 187 189 181 190 187 190 182 188 187 187 189 180 189 187 187 187 187 187 187 187 187 187 187 187 187 187 187 187 187 187 187 
187 187 187 187 187 187 187 187 187 187 187 187 187 187 187 187 187 187 187 187 187 187 187 187 189 189 187 187 187 187 187 187 187 187 190 181 190 188 189 179 190 187 188 185 187 187 187 187 187 187 187 187 187 187 187 187 187 187 187 187 187 187 187 187 
187 187 187 187 187 187 187 187 187 187 187 187 187 187 187 187 187 187 187 187 187 187 187 187 187 187 187 187 187 188 190 190 190 190 190 178 190 190 179 189 187 187 187 186 187 187 187 187 187 187 187 187 187 187 187 187 187 187 187 187 187 187 187 187 
187 187 187 187 187 187 187 187 187 187 187 187 187 187 187 187 187 187 187 187 187 187 187 187 187 187 187 187 188 188 182 181 181 182 182 188 188 185 187 187 187 187 187 187 187 187 187 187 187 187 187 187 187 187 187 187 187 187 187 187 187 187 187 187 
187 187 187 187 187 187 187 187 187 187 187 187 187 187 187 187 187 187 187 187 187 187 187 187 187 187 187 187 187 186 187 187 187 187 187 187 187 187 187 187 187 187 187 187 187 187 187 187 187 187 187 187 187 187 187 187 187 187 187 187 187 187 187 187 
