187 187 187 187 187 187 187 187 187 187 187 187 187 187 187 187 187 187 187 187 187 187 187 187 187 187 187 187 187 187 187 187 187 187 187 187 187 187 187 187 187 187 187 187 187 187 187 187 187 187 187 187 187 187 187 187 187 187 187 187 187 187 187 187 
187 187 187 187 187 187 187 187 187 187 187 187 187 187 187 187 187 187 187 187 187 187 187 187 187 187 187 187 187 187 187 187 187 187 187 187 187 187 187 187 187 187 187 187 187 187 187 187 187 187 187 187 187 187 187 187 187 187 187 187 187 187 187 187 
187 187 187 187 187 187 187 187 187 187 187 187 187 187 187 187 187 187 187 187 187 187 187 187 187 187 187 187 187 187 187 187 187 187 187 187 187 187 187 187 187 187 187 187 187 187 187 187 187 187 187 187 187 187 187 187 187 187 187 187 187 187 187 187 
187 187 187 187 187 187 187 187 187 187 187 187 187 187 187 187 187 187 187 187 187 187 187 187 187 187 187 187 187 187 187 187 187 187 187 187 187 187 187 187 187 187 187 187 187 187 187 187 187 187 187 187 187 187 187 187 187 187 187 187 187 187 187 187 
187 187 187 187 187 187 187 187 187 187 187 187 187 187 187 187 187 187 187 187 187 187 187 187 187 187 187 187 187 187 187 187 187 187 187 187 187 187 187 187 187 187 187 187 187 187 187 187 187 187 187 187 187 187 187 187 187 187 187 187 187 187 187 187 
187 187 187 187 187 187 187 187 187 187 187 187 187 187 187 187 187 187 187 187 187 187 187 187 187 187 187 187 187 187 187 187 187 187 187 187 187 187 187 187 187 187 187 187 187 187 187 187 187 187 187 187 187 187 187 187 187 187 187 187 187 187 187 187 
187 187 187 187 187 187 187 187 187 187 187 187 187 187 187 187 187 187 187 187 187 187 187 187 187 187 187 187 187 187 187 187 186 185 186 188 188 187 187 187 188 188 187 187 187 187 187 187 187 187 187 187 187 187 187 187 187 187 187 187 187 187 187 187 
187 187 187 187 187 187 187 187 187 187 187 187 187 187 187 187 187 187 187 187 187 187 187 187 187 187 187 187 187 186 183 188 192 191 189 182 184 185 188 188 184 183 187 187 187 187 187 187 187 187 187 187 187 187 187 187 187 187 187 187 187 187 187 187 
187 187 187 187 187 187 187 187 187 187 187 187 187 187 187 187 187 187 187 187 187 187 187 187 187 187 187 187 187 185 195 182 180 184 184 192 193 183 181 187 188 192 185 185 187 187 187 187 187 187 187 187 187 187 187 187 187 187 187 187 187 187 187 187 
187 187 187 187 187 187 187 187 187 187 187 187 187 187 187 187 187 187 187 187 187 187 187 187 187 187 187 188 183 193 174 183 182 186 187 184 183 191 194 185 188 179 192 180 190 186 187 187 187 187 187 187 187 187 187 187 187 187 187 187 187 187 187 187 
187 187 187 187 187 187 187 187 187 187 187 187 187 187 187 187 187 187 187 187 187 187 187 187 187 187 187 184 190 176 195 193 190 188 184 186 182 185 179 186 181 194 186 179 196 178 188 187 187 187 187 187 187 187 187 187 187 187 187 187 187 187 187 187 
187 187 187 187 187 187 187 187 187 187 187 187 187 187 187 187 187 187 187 187 187 187 187 187 187 187 188 179 192 195 184 187 190 186 188 184 192 187 189 184 187 187 198 176 188 192 184 187 187 187 187 187 187 187 187 187 187 187 187 187 187 187 187 187 
187 187 187 187 187 187 187 187 187 187 187 187 187 187 187 187 187 187 187 187 187 187 187 187 187 188 178 197 188 178 186 185 184 194 190 174 192 181 189 189 182 188 184 187 186 184 188 186 187 187 187 187 187 187 187 187 187 187 187 187 187 187 187 187 
187 187 187 187 187 187 187 187 187 187 187 187 187 187 187 187 187 187 187 187 187 187 187 187 188 183 189 187 181 189 187 180 186 169 191 193 175 192 191 188 191 184 186 181 198 179 190 184 187 188 187 187 187 187 187 187 187 187 187 187 187 187 187 187 
187 187 187 187 187 187 187 187 187 187 187 187 187 187 187 187 187 187 187 187 187 187 187 187 188 180 198 179 188 187 184 187 205 187 180 189 190 185 180 195 181 186 179 183 193 181 193 188 188 182 187 188 187 187 187 187 187 187 187 187 187 187 187 187 
187 187 187 187 187 187 187 187 187 187 187 187 187 187 187 187 187 187 187 187 187 187 187 188 180 195 183 184 188 186 187 187 195 178 186 184 185 187 188 187 186 190 196 184 186 185 183 186 185 192 182 186 187 187 187 187 187 187 187 187 187 187 187 187 
187 187 187 187 187 187 187 187 187 187 187 187 187 187 187 187 187 187 187 187 187 187 187 185 189 186 187 188 187 186 188 179 190 185 185 188 188 185 181 178 186 184 175 193 183 194 186 188 187 186 194 181 188 187 187 187 187 187 187 187 187 187 187 187 
187 187 187 187 187 187 187 187 187 187 187 187 187 187 187 187 187 187 187 187 187 187 187 183 192 185 188 186 187 187 187 187 187 185 191 187 190 188 186 199 191 182 189 190 187 168 183 186 184 187 183 191 185 187 187 187 187 187 187 187 187 187 187 187 
187 187 187 187 187 187 187 187 187 187 187 187 187 187 187 187 187 187 187 187 187 187 184 192 184 187 188 185 187 187 186 187 187 184 186 186 187 173 198 176 174 199 193 178 189 197 193 186 189 188 183 193 183 187 187 187 187 187 187 187 187 187 187 187 
187 187 187 187 187 187 187 187 187 187 187 187 187 187 187 187 187 187 187 187 187 187 187 188 186 186 186 187 188 187 187 187 187 187 186 186 188 183 188 187 182 176 175 184 185 184 188 189 185 184 184 191 184 187 187 187 187 187 187 187 187 187 187 187 
187 187 187 187 187 187 187 187 187 187 187 187 187 187 187 187 187 187 187 187 187 185 190 185 188 185 186 188 187 187 187 188 188 189 188 187 186 185 186 187 188 187 188 188 187 187 186 187 187 189 185 189 185 187 187 187 187 187 187 187 187 187 187 187 
187 187 187 187 187 187 187 187 187 187 187 187 187 187 187 187 187 187 187 187 186 188 185 187 187 186 188 187 186 187 186 186 186 184 187 185 188 188 187 188 188 187 188 186 187 186 186 186 187 186 185 190 185 187 187 187 187 187 187 187 187 187 187 187 
187 187 187 187 187 187 187 187 187 187 187 187 187 187 187 187 187 187 187 187 184 191 185 188 187 186 187 187 187 187 187 187 187 188 187 187 187 187 187 186 187 187 187 187 187 186 187 186 187 187 184 190 186 187 187 187 187 187 187 187 187 187 187 187 
187 187 187 187 187 187 187 187 187 187 187 187 187 187 187 187 187 187 187 186 188 186 186 188 186 187 187 187 187 187 187 187 187 186 187 186 187 187 187 187 186 187 185 186 187 187 187 185 188 186 187 187 186 187 187 187 187 187 187 187 187 187 187 187 
187 187 187 187 187 187 187 187 187 187 187 187 187 187 187 187 187 187 187 184 190 186 187 186 187 187 187 187 187 186 186 187 187 187 187 187 188 186 187 187 187 187 188 188 187 187 187 187 188 187 186 187 187 187 187 187 187 187 187 187 187 187 187 187 
187 187 187 187 187 187 187 187 187 187 187 187 187 187 187 187 187 187 185 190 184 188 186 187 187 187 187 187 187 187 187 188 188 187 186 187 187 187 187 187 186 187 187 186 187 187 187 187 187 188 184 188 187 187 187 187 187 187 187 187 187 187 187 187 
187 187 187 187 187 187 187 187 187 187 187 187 187 187 187 187 187 187 183 191 185 188 186 187 187 186 187 187 186 187 187 187 185 186 188 187 187 186 187 188 186 187 187 186 187 187 187 186 187 186 188 187 187 187 187 187 187 187 187 187 187 187 187 187 
187 187 187 187 187 187 187 187 187 187 187 187 187 187 187 187 187 186 189 184 188 187 186 187 187 187 187 186 187 188 186 187 189 185 188 187 187 187 187 187 187 187 187 187 187 187 186 187 188 185 188 187 187 187 187 187 187 187 187 187 187 187 187 187 
187 187 187 187 187 187 187 187 187 187 187 187 187 187 187 187 187 185 191 184 188 187 187 187 186 186 187 187 188 186 187 189 183 189 187 187 187 187 187 187 187 187 187 186 187 186 187 187 186 187 187 187 187 187 187 187 187 187 187 187 187 187 187 187 
187 187 187 187 187 187 187 187 187 187 187 187 187 187 187 187 187 187 188 185 188 186 188 187 186 187 187 188 186 186 189 184 186 188 186 187 187 187 187 187 187 187 188 187 187 187 187 188 184 189 186 187 187 187 187 187 187 187 187 187 187 187 187 187 
187 187 187 187 187 187 187 187 187 187 187 187 187 187 187 187 186 189 186 187 187 186 188 187 187 187 187 186 186 188 186 187 189 186 186 188 187 187 187 187 188 187 187 185 187 188 186 188 185 188 187 187 187 187 187 187 187 187 187 187 187 187 187 187 
187 187 187 187 187 187 187 187 187 187 187 187 187 187 187 187 186 189 185 188 186 187 186 186 187 187 188 188 187 187 187 185 189 186 187 187 187 187 188 186 186 187 187 187 187 186 188 185 188 186 187 187 187 187 187 187 187 187 187 187 187 187 187 187 
187 187 187 187 187 187 187 187 187 187 187 187 187 187 187 186 187 187 186 188 187 187 187 186 188 186 184 187 187 187 185 189 188 186 187 186 187 188 187 187 187 186 188 185 188 186 187 184 189 186 187 187 187 187 187 187 187 187 187 187 187 187 187 187 
187 187 187 187 187 187 187 187 187 187 187 187 187 187 187 185 190 185 188 186 186 187 187 187 187 186 188 188 187 186 187 186 185 187 188 187 188 185 187 187 187 187 186 187 187 187 187 187 187 187 187 187 187 187 187 187 187 187 187 187 187 187 187 187 
187 187 187 187 187 187 187 187 187 187 187 187 187 187 187 186 188 186 187 187 187 187 186 188 187 187 188 187 187 185 188 186 188 186 187 186 186 187 188 187 187 188 187 186 187 188 185 189 186 187 187 187 187 187 187 187 187 187 187 187 187 187 187 187 
187 187 187 187 187 187 187 187 187 187 187 187 187 187 186 189 185 187 187 187 187 186 188 187 187 188 185 187 184 191 184 188 187 187 187 187 187 187 186 187 187 187 187 187 187 187 186 187 186 187 187 187 187 187 187 187 187 187 187 187 187 187 187 187 
187 187 187 187 187 187 187 187 187 187 187 187 187 187 185 190 184 188 187 187 187 187 187 186 188 185 188 186 189 185 187 187 187 186 187 188 187 187 187 187 186 186 187 187 187 184 189 186 187 187 187 187 187 187 187 187 187 187 187 187 187 187 187 187 
187 187 187 187 187 187 187 187 187 187 187 187 187 187 187 187 187 186 187 188 187 186 187 188 186 187 186 187 188 186 187 187 187 187 186 186 187 186 187 186 187 187 187 187 186 187 187 187 187 187 187 187 187 187 187 187 187 187 187 187 187 187 187 187 
187 187 187 187 187 187 187 187 187 187 187 187 187 185 190 184 188 186 187 187 187 186 187 187 187 186 187 187 186 188 187 187 187 187 187 187 187 188 187 187 187 187 187 188 184 189 186 187 187 187 187 187 187 187 187 187 187 187 187 187 187 187 187 187 
187 187 187 187 187 187 187 187 187 187 187 187 187 185 188 186 187 186 187 187 186 186 188 187 187 187 187 186 187 187 186 187 187 187 187 187 186 187 187 187 186 187 188 184 189 186 187 187 187 187 187 187 187 187 187 187 187 187 187 187 187 187 187 187 
187 187 187 187 187 187 187 187 187 187 187 187 186 189 185 188 187 186 187 187 187 187 187 186 187 185 187 187 187 187 187 187 187 187 187 187 187 188 187 187 188 187 185 187 188 186 187 187 187 187 187 187 187 187 187 187 187 187 187 187 187 187 187 187 
187 187 187 187 187 187 187 187 187 187 187 187 185 189 185 188 185 188 188 187 187 188 186 188 184 190 186 187 186 187 187 187 187 187 186 187 185 187 186 187 187 186 185 189 186 187 187 187 187 187 187 187 187 187 187 187 187 187 187 187 187 187 187 187 
187 187 187 187 187 187 187 187 187 187 187 186 187 186 187 186 188 187 187 187 187 187 188 181 191 185 186 190 188 186 187 187 187 187 187 187 188 187 187 187 187 184 190 186 187 187 187 187 187 187 187 187 187 187 187 187 187 187 187 187 187 187 187 187 
187 187 187 187 187 187 187 187 187 187 187 186 190 185 187 186 187 187 188 187 186 188 186 187 187 187 185 188 186 186 187 187 187 186 187 187 186 187 187 187 184 189 187 186 187 187 187 187 187 187 187 187 187 187 187 187 187 187 187 187 187 187 187 187 
187 187 187 187 187 187 187 187 187 187 187 185 188 186 187 186 187 187 186 187 187 188 181 195 180 187 189 186 187 187 187 187 187 187 187 187 187 188 187 185 188 187 186 187 187 187 187 187 187 187 187 187 187 187 187 187 187 187 187 187 187 187 187 187 
187 187 187 187 187 187 187 187 187 187 187 186 188 187 186 187 187 187 187 187 186 186 189 187 186 187 188 184 187 186 187 187 187 188 187 187 187 187 185 186 189 186 187 187 187 187 187 187 187 187 187 187 187 187 187 187 187 187 187 187 187 187 187 187 
187 187 187 187 187 187 187 187 187 187 187 187 186 186 188 187 187 187 187 187 188 186 187 187 187 186 189 186 187 187 187 187 187 187 187 186 187 186 186 189 186 187 187 187 187 187 187 187 187 187 187 187 187 187 187 187 187 187 187 187 187 187 187 187 
187 187 187 187 187 187 187 187 187 187 187 188 186 186 188 187 187 187 187 185 188 186 187 187 187 187 186 187 187 187 187 186 188 186 187 187 186 185 189 186 187 187 187 187 187 187 187 187 187 187 187 187 187 187 187 187 187 187 187 187 187 187 187 187 
187 187 187 187 187 187 187 187 187 187 187 188 184 186 188 187 187 187 185 192 185 189 186 187 187 187 187 186 187 187 186 187 187 187 187 186 184 190 186 187 187 187 187 187 187 187 187 187 187 187 187 187 187 187 187 187 187 187 187 187 187 187 187 187 
187 187 187 187 187 187 187 187 187 187 187 186 188 186 187 187 186 187 187 186 184 189 185 187 187 187 187 187 187 188 186 188 187 187 186 185 189 186 186 187 187 187 187 187 187 187 187 187 187 187 187 187 187 187 187 187 187 187 187 187 187 187 187 187 
187 187 187 187 187 187 187 187 187 187 187 186 189 185 186 187 187 186 187 184 185 189 186 187 187 186 187 187 187 186 187 187 186 186 184 190 187 186 187 187 187 187 187 187 187 187 187 187 187 187 187 187 187 187 187 187 187 187 187 187 187 187 187 187 
187 187 187 187 187 187 187 187 187 187 187 187 186 190 186 184 185 186 186 191 184 187 186 186 187 187 186 186 186 187 188 187 186 186 190 187 186 187 187 187 187 187 187 187 187 187 187 187 187 187 187 187 187 187 187 187 187 187 187 187 187 187 187 187 
187 187 187 187 187 187 187 187 187 187 187 187 187 186 188 189 188 189 188 186 190 185 188 187 187 187 188 188 187 186 187 185 186 189 186 186 187 187 187 187 187 187 187 187 187 187 187 187 187 187 187 187 187 187 187 187 187 187 187 187 187 187 187 187 
187 187 187 187 187 187 187 187 187 187 187 187 187 187 186 186 186 186 186 185 189 184 187 187 188 187 186 186 186 188 185 188 188 186 187 187 187 187 187 187 187 187 187 187 187 187 187 187 187 187 187 187 187 187 187 187 187 187 187 187 187 187 187 187 
187 187 187 187 187 187 187 187 187 187 187 187 187 187 187 187 187 187 187 186 191 183 186 188 186 185 186 188 187 186 188 187 186 187 187 187 187 187 187 187 187 187 187 187 187 187 187 187 187 187 187 187 187 187 187 187 187 187 187 187 187 187 187 187 
187 187 187 187 187 187 187 187 187 187 187 187 187 187 187 187 187 187 187 187 186 191 185 184 186 187 188 187 187 188 187 187 187 187 187 187 187 187 187 187 187 187 187 187 187 187 187 187 187 187 187 187 187 187 187 187 187 187 187 187 187 187 187 187 
187 187 187 187 187 187 187 187 187 187 187 187 187 187 187 187 187 187 187 187 187 186 189 189 188 188 188 188 187 187 187 187 187 187 187 187 187 187 187 187 187 187 187 187 187 187 187 187 187 187 187 187 187 187 187 187 187 187 187 187 187 187 187 187 
187 187 187 187 187 187 187 187 187 187 187 187 187 187 187 187 187 187 187 187 187 187 186 186 187 187 187 187 187 187 187 187 187 187 187 187 187 187 187 187 187 187 187 187 187 187 187 187 187 187 187 187 187 187 187 187 187 187 187 187 187 187 187 187 
187 187 187 187 187 187 187 187 187 187 187 187 187 187 187 187 187 187 187 187 187 187 187 187 187 187 187 187 187 187 187 187 187 187 187 187 187 187 187 187 187 187 187 187 187 187 187 187 187 187 187 187 187 187 187 187 187 187 187 187 187 187 187 187 
187 187 187 187 187 187 187 187 187 187 187 187 187 187 187 187 187 187 187 187 187 187 187 187 187 187 187 187 187 187 187 187 187 187 187 187 187 187 187 187 187 187 187 187 187 187 187 187 187 187 187 187 187 187 187 187 187 187 187 187 187 187 187 187 
187 187 187 187 187 187 187 187 187 187 187 187 187 187 187 187 187 187 187 187 187 187 187 187 187 187 187 187 187 187 187 187 187 187 187 187 187 187 187 187 187 187 187 187 187 187 187 187 187 187 187 187 187 187 187 187 187 187 187 187 187 187 187 187 
187 187 187 187 187 187 187 187 187 187 187 187 187 187 187 187 187 187 187 187 187 187 187 187 187 187 187 187 187 187 187 187 187 187 187 187 187 187 187 187 187 187 187 187 187 187 187 187 187 187 187 187 187 187 187 187 187 187 187 187 187 187 187 187 
187 187 187 187 187 187 187 187 187 187 187 187 187 187 187 187 187 187 187 187 187 187 187 187 187 187 187 187 187 187 187 187 187 187 187 187 187 187 187 187 187 187 187 187 187 187 187 187 187 187 187 187 187 187 187 187 187 187 187 187 187 187 187 187 
187 187 187 187 187 187 187 187 187 187 187 187 187 187 187 187 187 187 187 187 187 187 187 187 187 187 187 187 187 187 187 187 187 187 187 187 187 187 187 187 187 187 187 187 187 187 187 187 187 187 187 187 187 187 187 187 187 187 187 187 187 187 187 187 
