187 187 187 187 187 187 187 187 187 187 187 187 187 187 187 187 187 187 187 187 187 187 187 187 187 187 187 187 187 187 187 187 187 187 187 187 187 187 187 187 187 187 187 187 187 187 187 187 187 187 187 187 187 187 187 187 187 187 187 187 187 187 187 187 
187 187 187 187 187 187 187 187 187 187 187 187 187 187 187 187 187 187 187 187 187 187 187 187 187 187 187 187 187 187 187 187 187 187 187 187 187 187 187 187 187 187 187 187 187 187 187 187 187 187 187 187 187 187 187 187 187 187 187 187 187 187 187 187 
187 187 187 187 187 187 187 187 187 187 187 187 187 187 187 187 187 187 187 187 187 187 187 187 187 187 187 187 187 187 187 187 187 187 187 187 187 187 187 187 187 187 187 187 187 187 187 187 187 187 187 187 187 187 187 187 187 187 187 187 187 187 187 187 
187 187 187 187 187 187 187 187 187 187 187 187 187 187 187 187 187 187 187 187 187 187 187 187 187 187 187 187 187 187 187 187 187 187 187 187 187 187 187 187 187 187 187 187 187 187 187 187 187 187 187 187 187 187 187 187 187 187 187 187 187 187 187 187 
187 187 187 187 187 187 187 187 187 187 187 187 187 187 187 187 187 187 187 187 187 187 187 187 187 187 187 187 187 187 187 187 187 187 187 187 187 187 187 187 187 187 187 187 187 187 187 187 187 187 187 187 187 187 187 187 187 187 187 187 187 187 187 187 
187 187 187 187 187 187 187 187 187 187 187 187 187 187 187 187 187 187 187 187 187 187 187 187 187 187 187 187 187 187 187 187 187 187 187 187 187 187 187 187 187 187 187 187 187 187 187 187 187 187 187 187 187 187 187 187 187 187 187 187 187 187 187 187 
187 187 187 187 187 187 187 187 187 187 187 187 187 187 187 187 187 187 187 187 187 187 187 187 187 187 187 187 187 187 187 187 187 187 187 187 187 187 187 187 187 187 187 187 187 187 187 187 187 187 187 187 187 187 187 187 187 187 187 187 187 187 187 187 
187 187 187 187 187 187 187 187 187 187 187 187 187 187 187 187 187 187 187 187 187 187 187 187 187 187 187 187 187 187 187 187 187 187 187 187 187 187 187 187 187 187 187 187 187 187 187 187 187 187 187 187 187 187 187 187 187 187 187 187 187 187 187 187 
187 187 187 187 187 187 187 187 187 187 187 187 187 187 187 187 187 187 187 187 187 187 187 187 187 187 187 187 187 187 187 187 187 187 187 187 187 187 187 187 187 187 187 187 187 187 187 187 187 187 187 187 187 187 187 187 187 187 187 187 187 187 187 187 
187 187 187 187 187 187 187 187 187 187 187 187 187 187 187 187 187 187 187 187 187 187 187 187 187 187 187 187 187 187 187 187 187 187 187 187 187 187 187 187 187 187 187 187 187 187 187 187 187 187 187 187 187 187 187 187 187 187 187 187 187 187 187 187 
187 187 187 187 187 187 187 187 187 187 187 187 187 187 187 187 187 187 187 187 187 187 187 187 187 187 187 187 187 187 187 187 187 187 187 187 187 187 187 187 187 187 187 187 187 187 187 187 187 187 187 187 187 187 187 187 187 187 187 187 187 187 187 187 
187 187 187 187 187 187 187 187 187 187 187 187 187 187 187 187 187 187 187 187 187 187 187 187 187 187 187 187 187 187 187 187 187 187 187 187 187 187 187 187 187 187 187 187 187 187 187 187 187 187 187 187 187 187 187 187 187 187 187 187 187 187 187 187 
187 187 187 187 187 187 187 187 187 187 187 187 187 187 187 187 187 187 187 187 187 187 187 187 187 187 187 187 187 187 187 187 187 187 187 187 187 187 187 187 187 187 187 187 187 187 187 187 187 187 187 187 187 187 187 187 187 187 187 187 187 187 187 187 
187 187 187 187 187 187 187 187 187 187 187 187 187 187 187 187 187 187 187 187 187 187 187 187 187 187 187 187 187 187 187 187 187 187 187 187 187 187 187 187 187 187 187 187 187 187 187 187 187 187 187 187 187 187 187 187 187 187 187 187 187 187 187 187 
187 187 187 187 187 187 187 187 187 187 187 187 187 187 187 187 187 187 187 187 187 187 187 187 187 187 187 187 187 187 187 187 187 187 187 187 187 187 187 187 187 187 187 187 187 187 187 187 187 187 187 187 187 187 187 187 187 187 187 187 187 187 187 187 
187 187 187 187 187 187 187 187 187 187 187 187 187 187 187 187 187 187 187 187 187 187 187 187 187 187 187 187 187 187 187 187 187 187 187 187 187 187 187 187 187 187 187 187 187 187 187 187 187 187 187 187 187 187 187 187 187 187 187 187 187 187 187 187 
187 187 187 187 187 187 187 187 187 187 187 187 187 187 187 187 187 187 187 187 187 187 187 187 187 187 187 187 187 187 187 187 187 187 187 187 187 187 187 187 187 187 187 187 187 187 187 187 187 187 187 187 187 187 187 187 187 187 187 187 187 187 187 187 
187 187 187 187 187 187 187 187 187 187 187 187 187 187 187 187 187 187 187 187 187 187 187 187 187 187 187 187 187 187 187 187 187 187 187 187 187 187 187 187 187 187 187 187 187 187 187 187 187 187 187 187 187 187 187 187 187 187 187 187 187 187 187 187 
187 187 187 187 187 187 187 187 187 187 187 187 187 187 187 187 187 187 187 187 187 187 187 187 187 187 187 187 187 187 187 187 187 187 187 187 187 187 187 187 187 187 187 187 187 187 187 187 187 187 187 187 187 187 187 187 187 187 187 187 187 187 187 187 
187 187 187 187 187 187 187 187 187 187 187 187 187 187 187 187 187 187 187 187 187 187 187 187 187 187 187 187 187 187 187 187 187 187 187 187 187 187 187 187 187 187 187 187 187 187 187 187 187 187 187 187 187 187 187 187 187 187 187 187 187 187 187 187 
187 187 187 187 187 187 187 187 187 187 187 187 187 187 187 187 187 187 187 187 187 187 187 187 187 187 187 187 187 187 187 187 187 187 187 187 187 187 187 187 187 187 187 187 187 187 187 187 187 187 187 187 187 187 187 187 187 187 187 187 187 187 187 187 
187 187 187 187 187 187 187 187 187 187 187 187 187 187 187 187 187 187 187 187 187 187 187 187 187 187 187 187 187 187 187 187 187 187 187 187 187 187 187 187 187 187 187 187 187 187 187 187 187 187 187 187 187 187 187 187 187 187 187 187 187 187 187 187 
187 187 187 187 187 187 187 187 187 187 187 187 187 187 187 187 187 187 187 187 187 187 187 187 187 187 187 187 187 187 187 187 187 187 187 187 187 187 187 187 187 187 187 187 187 187 187 187 187 187 187 187 187 187 187 187 187 187 187 187 187 187 187 187 
187 187 187 187 187 187 187 187 187 187 187 187 187 187 187 187 187 187 187 187 187 187 187 187 187 187 187 187 187 187 187 187 187 187 187 187 187 187 187 187 187 187 187 187 187 187 187 187 187 187 187 187 187 187 187 187 187 187 187 187 187 187 187 187 
187 187 187 187 187 187 187 187 187 187 187 187 187 187 187 187 187 187 187 187 187 187 187 187 187 187 187 187 187 187 187 187 187 187 187 187 187 187 187 187 187 187 187 187 187 187 187 187 187 187 187 187 187 187 187 187 187 187 187 187 187 187 187 187 
187 187 187 187 187 187 187 187 187 187 187 187 187 187 187 187 187 187 187 187 187 187 187 187 187 187 187 187 187 187 187 187 187 187 187 187 187 187 187 187 187 187 187 187 187 187 187 187 187 187 187 187 187 187 187 187 187 187 187 187 187 187 187 187 
187 187 187 187 187 187 187 187 187 187 187 187 187 187 187 187 187 187 187 187 187 187 187 187 187 187 187 187 187 187 187 187 187 187 187 187 187 187 187 187 187 187 187 187 187 187 187 187 187 187 187 187 187 187 187 187 187 187 187 187 187 187 187 187 
187 187 187 187 187 187 187 187 187 187 187 187 187 187 187 187 187 187 187 187 187 187 187 187 187 187 187 187 187 187 187 187 187 187 187 187 187 187 187 187 187 187 187 187 187 187 187 187 187 187 187 187 187 187 187 187 187 187 187 187 187 187 187 187 
187 187 187 187 187 187 187 187 187 187 187 187 187 187 187 187 187 187 187 187 187 187 187 187 187 187 187 187 187 187 187 187 187 187 187 187 187 187 187 187 187 187 187 187 187 187 187 187 187 187 187 187 187 187 187 187 187 187 187 187 187 187 187 187 
187 187 187 187 187 187 187 187 187 187 187 187 187 187 187 187 187 187 187 187 187 187 187 187 187 187 187 187 187 187 187 187 187 187 187 187 187 187 187 187 187 187 187 187 187 187 187 187 187 187 187 187 187 187 187 187 187 187 187 187 187 187 187 187 
187 187 187 187 187 187 187 187 187 187 187 187 187 187 187 187 187 187 187 187 187 187 187 187 187 187 187 187 187 187 187 187 187 187 187 187 187 187 187 187 187 187 187 187 187 187 187 187 187 187 187 187 187 187 187 187 187 187 187 187 187 187 187 187 
185 182 179 184 180 191 178 185 191 191 179 185 176 188 172 193 180 196 195 184 174 192 195 174 199 167 181 174 183 178 204 186 186 189 179 187 183 189 180 183 193 185 182 194 186 189 193 181 183 188 196 177 205 172 193 182 187 185 182 182 187 190 187 187 
187 191 191 193 196 171 189 171 205 169 189 173 198 178 195 184 200 165 187 192 175 196 179 186 201 194 206 179 201 178 178 194 172 179 193 180 198 193 188 180 202 178 175 181 194 176 177 175 190 191 180 180 203 187 185 183 193 199 175 191 190 189 179 188 
188 181 186 178 180 186 201 190 185 190 196 166 198 181 193 184 177 187 190 201 168 185 187 187 183 185 174 181 197 183 193 171 192 197 189 193 183 169 200 179 180 199 206 170 199 176 193 193 197 190 192 184 170 172 202 198 162 189 183 187 179 184 185 186 
190 187 182 188 175 196 162 182 175 178 169 199 184 183 178 184 193 180 183 189 190 197 162 199 179 190 186 184 164 203 165 201 165 180 180 181 181 181 189 178 178 179 178 189 187 171 183 186 190 192 175 184 193 197 162 194 202 175 180 185 191 185 193 188 
188 187 174 198 191 196 193 184 178 215 184 194 180 190 189 181 184 172 191 186 183 197 173 191 191 176 185 196 197 174 189 182 178 193 191 184 193 188 176 209 195 178 185 176 180 182 199 186 161 183 183 189 175 179 180 185 174 172 194 194 175 182 193 187 
187 183 178 188 194 177 187 197 189 172 179 175 187 183 197 181 190 197 187 191 178 187 186 192 191 186 184 176 182 163 201 181 189 181 189 197 180 194 182 173 175 196 195 188 201 174 197 177 202 202 170 186 190 197 187 193 197 200 185 178 187 182 190 185 
186 188 181 180 176 178 180 194 183 193 183 200 172 185 178 194 176 187 189 171 189 190 192 183 165 193 187 199 180 196 189 191 187 183 182 182 184 184 202 181 172 174 186 173 188 199 177 191 178 180 187 189 199 190 175 167 176 179 180 196 180 180 189 187 
187 190 188 203 182 201 190 184 179 193 172 192 195 168 194 178 204 175 188 177 197 170 187 187 205 154 190 200 171 188 186 195 190 178 179 197 189 183 179 181 186 202 176 189 177 190 180 195 187 186 206 178 174 184 200 187 192 197 170 209 189 182 187 187 
187 186 185 187 171 185 180 203 167 189 184 184 194 195 174 194 196 171 191 184 190 189 168 180 178 190 197 174 170 196 178 194 156 197 186 186 192 172 187 200 181 188 180 205 171 199 156 191 186 177 185 192 181 174 180 190 170 192 179 183 181 190 187 187 
187 186 183 192 188 184 173 179 175 176 189 187 184 174 191 178 197 187 189 174 175 196 202 190 193 163 184 182 195 179 171 202 165 172 183 177 171 187 184 183 179 189 179 193 188 181 202 175 177 186 178 178 199 193 196 177 183 194 196 169 193 186 186 187 
187 187 189 190 178 190 203 203 194 183 203 181 197 197 180 183 178 180 191 200 176 185 165 162 205 201 189 178 191 175 198 196 188 195 208 196 190 188 171 191 186 171 189 153 191 185 176 162 202 196 186 174 171 189 183 198 178 166 189 173 188 189 187 187 
187 187 188 186 173 197 175 181 180 187 170 179 173 187 185 199 182 187 195 175 192 176 206 192 194 153 194 187 195 177 183 178 184 194 185 163 178 189 192 187 199 186 191 206 185 178 181 212 193 187 171 200 213 185 180 180 198 183 197 177 191 189 187 187 
187 187 187 178 182 200 180 177 204 186 195 178 193 197 165 188 186 171 186 183 187 176 178 188 192 185 184 184 185 186 205 187 187 173 190 189 181 196 203 190 177 167 172 173 205 191 181 191 156 199 177 182 176 184 195 179 192 183 181 206 179 188 187 187 
187 187 187 193 188 183 183 193 181 172 187 195 188 190 186 183 172 195 191 178 194 197 175 188 178 194 161 182 200 190 167 179 192 181 182 196 166 163 170 194 181 190 199 196 168 187 190 190 185 194 172 188 188 185 181 174 184 181 188 187 183 187 187 187 
187 187 187 185 192 163 193 183 195 190 174 175 183 185 186 203 180 186 193 185 187 185 184 190 191 185 185 175 187 173 205 190 187 181 183 193 204 191 195 185 161 191 185 171 185 189 184 173 185 185 198 171 194 189 187 189 180 170 193 193 184 187 187 187 
187 187 187 186 188 193 186 194 174 193 188 192 185 185 176 189 174 184 178 200 182 185 202 173 186 201 193 184 193 176 186 176 187 201 168 191 183 183 178 200 194 191 202 179 187 206 166 192 189 183 193 178 180 181 202 181 188 197 184 188 187 187 187 187 
187 187 187 187 188 182 174 199 185 170 186 187 191 180 180 207 171 198 171 173 183 183 177 182 181 173 182 188 194 184 194 192 176 185 197 181 172 199 170 184 174 190 175 185 139 196 185 181 203 178 189 200 174 182 187 182 183 186 181 186 187 187 187 187 
187 187 187 187 186 189 185 182 171 206 168 194 170 202 175 182 172 195 195 199 193 184 179 173 212 180 175 195 195 173 188 179 181 171 174 200 177 195 183 181 181 196 177 209 189 187 172 190 174 175 172 196 181 188 196 194 200 179 186 187 187 187 187 187 
187 187 187 187 187 187 187 198 193 196 186 192 182 182 201 188 188 176 181 178 175 194 200 190 184 189 188 170 184 179 194 202 192 191 206 160 183 174 195 175 180 198 167 202 185 190 207 172 196 202 201 180 209 158 182 158 184 190 186 187 187 187 187 187 
187 187 187 187 187 187 185 190 183 182 176 179 188 170 184 178 184 191 181 196 183 187 177 176 190 185 197 175 202 170 184 182 173 176 182 178 197 185 182 194 203 184 205 171 179 162 176 204 171 184 184 173 165 179 201 196 187 186 187 187 187 187 187 187 
187 187 187 187 187 187 187 185 194 187 182 192 184 179 206 194 171 199 176 180 197 196 189 170 186 189 181 175 187 199 177 190 201 183 197 183 192 182 188 188 187 178 179 174 184 203 190 195 163 192 190 194 179 190 201 177 185 187 187 187 187 187 187 187 
187 187 187 187 187 187 187 187 190 173 199 192 186 184 180 186 186 190 184 193 169 165 189 180 206 195 182 187 199 182 182 183 172 185 192 176 178 178 192 175 187 180 171 202 193 176 179 194 181 194 179 185 190 171 199 186 187 187 187 187 187 187 187 187 
187 187 187 187 187 187 187 187 186 187 188 191 180 188 187 189 188 175 185 168 197 192 193 175 182 199 181 180 177 190 188 190 203 170 194 198 183 199 177 195 188 180 191 171 191 189 183 177 184 205 163 189 189 193 187 186 187 187 187 187 187 187 187 187 
187 187 187 187 187 187 187 187 187 187 187 182 188 196 167 193 191 192 179 175 181 190 182 183 170 172 180 192 183 198 169 184 189 194 179 177 183 196 177 181 192 187 176 188 190 176 201 172 194 196 173 185 179 187 187 187 187 187 187 187 187 187 187 187 
187 187 187 187 187 187 187 187 187 187 188 182 184 189 185 181 165 199 199 202 189 181 197 174 200 198 200 193 192 171 188 190 179 201 180 186 193 176 195 179 174 181 197 203 174 174 193 186 194 175 184 190 189 186 187 187 187 187 187 187 187 187 187 187 
187 187 187 187 187 187 187 187 187 187 187 187 182 188 187 194 195 187 169 173 184 183 187 198 178 180 183 171 197 173 177 188 185 184 168 180 190 184 178 190 194 187 188 177 186 199 180 186 170 193 186 189 186 187 187 187 187 187 187 187 187 187 187 187 
187 187 187 187 187 187 187 187 187 187 187 187 187 188 188 179 185 187 169 200 178 188 180 176 189 196 187 200 177 184 195 184 192 193 182 194 195 165 208 168 175 180 197 190 170 191 162 197 186 187 188 187 187 187 187 187 187 187 187 187 187 187 187 187 
187 187 187 187 187 187 187 187 187 187 187 187 187 187 187 187 190 177 188 185 203 171 192 197 173 178 178 165 197 191 188 186 182 182 175 199 187 186 177 181 193 171 179 186 170 192 199 194 186 186 187 187 187 187 187 187 187 187 187 187 187 187 187 187 
187 187 187 187 187 187 187 187 187 187 187 187 187 187 187 187 187 188 193 186 179 192 189 192 168 189 179 186 186 180 185 176 195 181 193 185 185 202 183 186 191 186 194 183 194 182 181 187 186 187 187 187 187 187 187 187 187 187 187 187 187 187 187 187 
187 187 187 187 187 187 187 187 187 187 187 187 187 187 187 187 187 186 184 190 185 190 173 197 193 184 203 185 182 189 188 180 194 177 189 181 180 177 193 168 187 184 197 188 189 186 187 187 187 187 187 187 187 187 187 187 187 187 187 187 187 187 187 187 
187 187 187 187 187 187 187 187 187 187 187 187 187 187 187 187 187 187 187 186 187 187 187 177 193 180 186 186 188 181 195 181 186 197 185 179 190 180 190 183 187 186 188 186 187 187 187 187 187 187 187 187 187 187 187 187 187 187 187 187 187 187 187 187 
187 187 187 187 187 187 187 187 187 187 187 187 187 187 187 187 187 187 187 187 187 187 187 186 188 188 187 186 189 192 191 179 173 190 183 192 187 188 189 187 187 186 187 187 187 187 187 187 187 187 187 187 187 187 187 187 187 187 187 187 187 187 187 187 
187 187 187 187 187 187 187 187 187 187 187 187 187 187 187 187 187 187 187 187 187 187 187 187 187 187 187 187 186 186 183 188 187 187 186 187 187 187 187 187 187 187 187 187 187 187 187 187 187 187 187 187 187 187 187 187 187 187 187 187 187 187 187 187 
