187 187 187 187 187 187 187 187 187 187 187 187 187 187 187 187 187 187 187 187 187 187 187 187 187 187 187 187 187 187 188 184 187 187 187 185 187 187 187 187 187 187 187 187 187 187 187 187 187 187 187 187 187 187 187 187 187 187 187 187 187 187 187 187 
187 187 187 187 187 187 187 187 187 187 187 187 187 187 187 187 187 187 187 187 187 187 186 188 187 187 187 187 187 190 185 175 193 187 193 172 193 187 187 187 187 187 187 187 187 187 187 187 187 187 187 187 187 187 187 187 187 187 187 187 187 187 187 187 
187 187 187 187 187 187 187 187 187 187 187 187 187 187 187 187 187 187 187 186 185 185 183 191 187 187 187 187 187 198 153 200 188 187 198 158 198 187 187 187 187 187 187 187 187 187 187 187 187 187 187 187 187 187 187 187 187 187 187 187 187 187 187 187 
187 187 187 187 187 187 187 187 187 187 187 187 187 187 187 187 187 187 187 190 186 177 195 188 187 187 187 187 190 186 170 193 187 187 197 156 199 187 187 188 192 191 187 187 190 187 186 187 187 187 187 187 187 187 187 187 187 187 187 187 187 187 187 187 
187 187 187 187 187 187 187 187 187 187 187 187 187 187 187 187 187 187 187 187 190 192 188 187 187 187 187 187 196 158 197 188 187 187 195 164 196 187 192 197 166 172 195 187 187 191 191 184 187 187 187 187 187 187 187 187 187 187 187 187 187 187 187 187 
187 187 187 187 187 187 187 187 187 187 187 187 187 187 187 182 192 187 187 187 187 187 187 187 187 187 187 187 197 156 198 187 187 187 194 164 197 198 187 152 198 163 195 187 187 187 196 171 190 187 187 187 187 187 187 187 187 187 187 187 187 187 187 187 
187 187 187 187 187 187 187 187 187 187 187 187 187 187 191 168 191 192 187 187 187 187 187 187 187 187 187 187 196 160 198 187 187 187 198 168 205 160 164 199 197 164 196 187 187 187 197 164 194 187 187 187 187 187 187 187 187 187 187 187 187 187 187 187 
187 187 187 187 187 187 187 187 187 187 187 187 187 187 188 197 154 187 198 189 187 187 187 187 187 187 187 187 197 154 201 193 193 200 188 170 164 194 196 188 194 164 196 187 187 187 193 166 192 188 189 186 186 187 187 187 187 187 187 187 187 187 187 187 
187 187 187 187 187 187 187 187 187 187 186 189 187 187 187 189 198 163 159 194 200 198 193 187 187 187 187 187 189 191 151 176 171 154 169 195 179 193 187 187 193 164 197 187 187 187 191 180 181 189 196 167 192 187 187 187 187 187 187 187 187 187 187 187 
187 187 187 187 187 187 187 187 187 187 181 189 188 187 187 187 188 196 194 162 156 156 169 197 187 187 187 187 187 190 199 184 188 198 197 182 183 190 187 187 192 169 188 188 187 187 194 165 196 188 198 157 196 187 187 187 187 187 187 187 187 187 187 187 
187 187 187 187 187 187 187 187 187 188 182 183 189 187 187 187 187 187 188 194 198 202 175 177 191 187 187 187 187 187 187 189 188 187 188 193 165 192 187 187 189 182 181 189 187 187 198 156 198 187 196 158 197 188 187 187 187 187 187 187 187 187 187 187 
187 187 187 187 187 187 187 187 187 189 181 181 189 187 187 187 187 187 187 187 187 187 200 155 196 187 187 187 187 187 187 187 187 187 187 196 164 194 187 187 189 182 181 189 187 187 198 157 198 187 189 186 168 194 187 187 187 187 187 187 187 187 187 187 
187 187 187 187 187 187 187 187 187 190 182 181 189 187 187 187 187 187 187 187 187 187 200 159 198 187 187 187 187 187 187 187 187 187 187 196 162 196 187 187 191 175 184 189 187 188 193 166 193 187 187 199 153 198 188 187 187 187 187 187 187 187 187 187 
187 187 187 187 187 187 187 187 187 196 164 192 188 187 187 187 187 187 187 187 187 193 202 155 196 187 187 187 188 189 189 187 187 187 187 200 157 198 187 187 198 158 198 187 187 190 182 182 190 187 187 190 186 167 198 189 190 189 187 187 187 187 187 187 
187 187 187 187 187 187 187 187 190 193 155 197 187 187 187 187 187 187 188 194 198 175 151 191 189 187 187 196 187 181 183 197 189 187 187 197 156 200 188 193 192 159 196 187 187 193 166 193 188 187 187 187 197 165 173 187 172 175 187 187 187 187 187 187 
187 187 187 187 187 187 187 187 198 151 199 189 187 187 187 187 189 196 199 168 154 183 199 190 187 187 195 165 167 183 175 154 198 188 187 192 172 181 203 178 155 198 188 187 187 198 157 198 187 187 187 187 187 197 184 174 189 195 188 187 187 187 187 187 
187 187 187 187 187 187 187 192 169 187 191 187 187 187 189 198 189 160 155 187 199 190 187 187 187 187 194 163 203 190 194 192 159 199 187 187 197 170 154 178 198 189 187 187 187 198 156 198 187 187 187 187 187 187 189 190 188 187 187 187 187 187 187 187 
187 187 187 187 187 187 187 199 155 200 187 187 187 187 197 156 167 194 198 190 187 187 187 187 187 187 196 155 193 193 187 196 166 176 201 195 191 194 195 191 187 187 187 187 187 196 166 194 187 187 187 187 187 187 187 189 188 187 187 187 187 187 187 187 
187 187 187 187 187 187 188 198 158 196 187 187 187 193 167 188 196 188 187 187 187 187 187 187 187 187 189 198 154 182 195 188 197 175 153 164 174 197 189 187 187 187 187 187 187 196 158 198 187 187 187 187 187 189 196 181 188 199 192 187 187 187 187 187 
187 187 187 188 187 187 197 167 186 189 187 187 187 197 156 201 187 187 187 187 187 187 187 187 187 187 187 189 199 164 179 195 187 193 198 197 184 155 199 187 187 187 187 187 187 196 159 193 194 187 187 187 189 198 154 181 170 152 177 196 187 187 187 187 
187 187 187 189 187 192 182 165 197 187 187 187 187 198 158 200 187 187 187 187 187 187 187 187 187 187 187 187 188 199 164 181 191 187 187 187 194 182 170 193 187 187 187 187 187 188 197 155 175 200 191 191 199 153 192 193 193 200 175 164 194 187 187 187 
187 187 189 189 189 198 152 200 187 187 187 187 187 195 158 199 190 189 189 189 187 187 187 187 187 187 187 187 187 188 201 152 198 187 187 187 187 200 154 199 187 187 187 187 187 187 189 199 175 153 181 181 152 192 192 187 187 187 196 183 164 187 187 187 
187 187 185 193 201 155 193 190 187 187 187 187 190 198 196 173 186 181 181 181 196 189 187 187 187 187 187 187 187 187 196 166 195 187 187 187 187 193 169 188 188 187 187 187 187 187 187 187 193 197 181 181 196 191 187 187 187 187 187 193 197 177 187 187 
187 185 189 196 156 180 193 187 187 187 191 199 182 162 167 158 193 183 182 180 155 198 188 187 187 187 187 187 187 187 198 157 198 187 187 187 187 189 187 175 191 187 187 187 187 187 187 187 187 187 189 189 187 187 187 187 187 187 187 194 205 174 187 187 
187 188 194 162 197 195 187 187 187 195 186 151 175 196 202 197 158 201 190 194 187 162 198 187 187 187 187 187 187 188 201 156 197 187 187 187 188 198 189 169 191 187 187 187 187 187 187 187 187 187 187 187 187 187 187 187 187 187 195 168 155 182 188 187 
187 187 189 186 163 201 193 191 200 175 162 199 192 188 187 194 176 178 191 187 196 169 174 199 190 189 189 189 193 201 165 182 190 187 187 189 198 159 160 197 191 196 198 197 192 188 187 187 187 187 187 187 187 187 187 187 187 189 182 174 209 193 187 187 
187 187 187 195 182 152 170 182 153 175 198 188 187 187 187 187 200 155 196 187 187 197 174 158 183 181 181 182 170 152 181 195 187 187 187 197 154 192 197 192 191 154 159 156 170 194 191 187 187 187 187 187 187 187 187 187 187 187 196 160 167 183 185 187 
187 187 187 187 191 199 188 182 197 193 187 187 187 187 187 187 199 158 198 187 187 187 194 192 181 181 181 181 188 199 191 187 187 187 189 183 175 194 188 200 151 203 200 199 193 154 195 187 187 187 187 187 187 187 187 187 187 187 188 197 187 182 186 187 
187 187 187 187 187 187 188 189 187 187 187 187 187 187 187 187 199 158 198 187 187 187 187 194 199 198 197 196 192 188 187 187 187 187 189 182 183 198 201 175 177 192 187 191 203 154 197 187 187 187 187 187 187 187 187 187 187 187 187 187 188 189 188 187 
187 187 187 187 187 187 187 187 187 187 187 187 187 187 187 187 200 155 196 187 187 188 198 169 155 162 164 164 179 196 189 187 187 187 187 196 149 167 154 170 197 187 190 191 150 191 190 187 187 187 187 187 187 187 187 187 187 187 187 187 187 187 187 187 
187 191 196 198 198 197 193 188 187 187 187 187 187 187 188 199 176 177 191 187 188 199 164 179 203 196 196 196 181 155 197 187 187 187 187 190 197 195 197 194 187 188 199 151 201 191 187 187 187 187 187 187 187 187 187 187 187 187 187 187 187 187 187 187 
187 189 185 182 182 183 191 190 187 187 187 187 187 187 190 188 176 190 187 187 189 187 179 190 187 187 187 187 190 184 185 188 187 187 187 187 187 187 187 187 187 189 183 185 189 187 187 187 187 187 187 187 187 187 187 187 187 187 187 187 187 187 187 187 
187 187 187 187 187 187 187 187 187 187 187 187 187 187 187 187 187 187 187 187 187 187 187 187 187 187 187 187 187 187 187 187 187 187 187 187 187 187 187 187 187 187 187 187 187 187 187 187 187 187 187 187 187 187 187 187 187 187 187 187 187 187 187 187 
187 187 187 187 187 187 187 187 187 187 187 187 187 187 187 187 187 187 187 187 187 187 187 187 187 187 187 187 187 187 187 187 187 187 187 187 187 187 187 187 187 187 187 187 187 187 187 187 187 187 187 187 187 187 187 187 187 187 187 187 187 187 187 187 
187 187 187 187 187 187 187 187 187 187 187 187 187 187 187 187 187 187 187 187 187 187 187 187 187 187 187 187 187 187 187 187 187 187 187 187 187 187 187 187 187 187 187 187 187 187 187 187 187 187 187 187 187 187 187 187 187 187 187 187 187 187 187 187 
187 187 187 187 187 187 187 187 187 187 187 187 187 187 187 187 187 187 187 187 187 187 187 187 187 187 187 187 187 187 187 187 187 187 187 187 187 187 187 187 187 187 187 187 187 187 187 187 187 187 187 187 187 187 187 187 187 187 187 187 187 187 187 187 
187 187 187 187 187 187 187 187 187 187 187 187 187 187 187 187 187 187 187 187 187 187 187 187 187 187 187 187 187 187 187 187 187 187 187 187 187 187 187 187 187 187 187 187 187 187 187 187 187 187 187 187 187 187 187 187 187 187 187 187 187 187 187 187 
187 187 187 187 187 187 187 187 187 187 187 187 187 187 187 187 187 187 187 187 187 187 187 187 187 187 187 187 187 187 187 187 187 187 187 187 187 187 187 187 187 187 187 187 187 187 187 187 187 187 187 187 187 187 187 187 187 187 187 187 187 187 187 187 
187 187 187 187 187 187 187 187 187 187 187 187 187 187 187 187 187 187 187 187 187 187 187 187 187 187 187 187 187 187 187 187 187 187 187 187 187 187 187 187 187 187 187 187 187 187 187 187 187 187 187 187 187 187 187 187 187 187 187 187 187 187 187 187 
187 187 187 187 187 187 187 187 187 187 187 187 187 187 187 187 187 187 187 187 187 187 187 187 187 187 187 187 187 187 187 187 187 187 187 187 187 187 187 187 187 187 187 187 187 187 187 187 187 187 187 187 187 187 187 187 187 187 187 187 187 187 187 187 
187 187 187 187 187 187 187 187 187 187 187 187 187 187 187 187 187 187 187 187 187 187 187 187 187 187 187 187 187 187 187 187 187 187 187 187 187 187 187 187 187 187 187 187 187 187 187 187 187 187 187 187 187 187 187 187 187 187 187 187 187 187 187 187 
187 187 187 187 187 187 187 187 187 187 187 187 187 187 187 187 187 187 187 187 187 187 187 187 187 187 187 187 187 187 187 187 187 187 187 187 187 187 187 187 187 187 187 187 187 187 187 187 187 187 187 187 187 187 187 187 187 187 187 187 187 187 187 187 
187 187 187 187 187 187 187 187 187 187 187 187 187 187 187 187 187 187 187 187 187 187 187 187 187 187 187 187 187 187 187 187 187 187 187 187 187 187 187 187 187 187 187 187 187 187 187 187 187 187 187 187 187 187 187 187 187 187 187 187 187 187 187 187 
187 187 187 187 187 187 187 187 187 187 187 187 187 187 187 187 187 187 187 187 187 187 187 187 187 187 187 187 187 187 187 187 187 187 187 187 187 187 187 187 187 187 187 187 187 187 187 187 187 187 187 187 187 187 187 187 187 187 187 187 187 187 187 187 
187 187 187 187 187 187 187 187 187 187 187 187 187 187 187 187 187 187 187 187 187 187 187 187 187 187 187 187 187 187 187 187 187 187 187 187 187 187 187 187 187 187 187 187 187 187 187 187 187 187 187 187 187 187 187 187 187 187 187 187 187 187 187 187 
187 187 187 187 187 187 187 187 187 187 187 187 187 187 187 187 187 187 187 187 187 187 187 187 187 187 187 187 187 187 187 187 187 187 187 187 187 187 187 187 187 187 187 187 187 187 187 187 187 187 187 187 187 187 187 187 187 187 187 187 187 187 187 187 
187 187 187 187 187 187 187 187 187 187 187 187 187 187 187 187 187 187 187 187 187 187 187 187 187 187 187 187 187 187 187 187 187 187 187 187 187 187 187 187 187 187 187 187 187 187 187 187 187 187 187 187 187 187 187 187 187 187 187 187 187 187 187 187 
187 187 187 187 187 187 187 187 187 187 187 187 187 187 187 187 187 187 187 187 187 187 187 187 187 187 187 187 187 187 187 187 187 187 187 187 187 187 187 187 187 187 187 187 187 187 187 187 187 187 187 187 187 187 187 187 187 187 187 187 187 187 187 187 
187 187 187 187 187 187 187 187 187 187 187 187 187 187 187 187 187 187 187 187 187 187 187 187 187 187 187 187 187 187 187 187 187 187 187 187 187 187 187 187 187 187 187 187 187 187 187 187 187 187 187 187 187 187 187 187 187 187 187 187 187 187 187 187 
187 187 187 187 187 187 187 187 187 187 187 187 187 187 187 187 187 187 187 187 187 187 187 187 187 187 187 187 187 187 187 187 187 187 187 187 187 187 187 187 187 187 187 187 187 187 187 187 187 187 187 187 187 187 187 187 187 187 187 187 187 187 187 187 
187 187 187 187 187 187 187 187 187 187 187 187 187 187 187 187 187 187 187 187 187 187 187 187 187 187 187 187 187 187 187 187 187 187 187 187 187 187 187 187 187 187 187 187 187 187 187 187 187 187 187 187 187 187 187 187 187 187 187 187 187 187 187 187 
187 187 187 187 187 187 187 187 187 187 187 187 187 187 187 187 187 187 187 187 187 187 187 187 187 187 187 187 187 187 187 187 187 187 187 187 187 187 187 187 187 187 187 187 187 187 187 187 187 187 187 187 187 187 187 187 187 187 187 187 187 187 187 187 
187 187 187 187 187 187 187 187 187 187 187 187 187 187 187 187 187 187 187 187 187 187 187 187 187 187 187 187 187 187 187 187 187 187 187 187 187 187 187 187 187 187 187 187 187 187 187 187 187 187 187 187 187 187 187 187 187 187 187 187 187 187 187 187 
187 187 187 187 187 187 187 187 187 187 187 187 187 187 187 187 187 187 187 187 187 187 187 187 187 187 187 187 187 187 187 187 187 187 187 187 187 187 187 187 187 187 187 187 187 187 187 187 187 187 187 187 187 187 187 187 187 187 187 187 187 187 187 187 
187 187 187 187 187 187 187 187 187 187 187 187 187 187 187 187 187 187 187 187 187 187 187 187 187 187 187 187 187 187 187 187 187 187 187 187 187 187 187 187 187 187 187 187 187 187 187 187 187 187 187 187 187 187 187 187 187 187 187 187 187 187 187 187 
187 187 187 187 187 187 187 187 187 187 187 187 187 187 187 187 187 187 187 187 187 187 187 187 187 187 187 187 187 187 187 187 187 187 187 187 187 187 187 187 187 187 187 187 187 187 187 187 187 187 187 187 187 187 187 187 187 187 187 187 187 187 187 187 
187 187 187 187 187 187 187 187 187 187 187 187 187 187 187 187 187 187 187 187 187 187 187 187 187 187 187 187 187 187 187 187 187 187 187 187 187 187 187 187 187 187 187 187 187 187 187 187 187 187 187 187 187 187 187 187 187 187 187 187 187 187 187 187 
187 187 187 187 187 187 187 187 187 187 187 187 187 187 187 187 187 187 187 187 187 187 187 187 187 187 187 187 187 187 187 187 187 187 187 187 187 187 187 187 187 187 187 187 187 187 187 187 187 187 187 187 187 187 187 187 187 187 187 187 187 187 187 187 
187 187 187 187 187 187 187 187 187 187 187 187 187 187 187 187 187 187 187 187 187 187 187 187 187 187 187 187 187 187 187 187 187 187 187 187 187 187 187 187 187 187 187 187 187 187 187 187 187 187 187 187 187 187 187 187 187 187 187 187 187 187 187 187 
187 187 187 187 187 187 187 187 187 187 187 187 187 187 187 187 187 187 187 187 187 187 187 187 187 187 187 187 187 187 187 187 187 187 187 187 187 187 187 187 187 187 187 187 187 187 187 187 187 187 187 187 187 187 187 187 187 187 187 187 187 187 187 187 
187 187 187 187 187 187 187 187 187 187 187 187 187 187 187 187 187 187 187 187 187 187 187 187 187 187 187 187 187 187 187 187 187 187 187 187 187 187 187 187 187 187 187 187 187 187 187 187 187 187 187 187 187 187 187 187 187 187 187 187 187 187 187 187 
187 187 187 187 187 187 187 187 187 187 187 187 187 187 187 187 187 187 187 187 187 187 187 187 187 187 187 187 187 187 187 187 187 187 187 187 187 187 187 187 187 187 187 187 187 187 187 187 187 187 187 187 187 187 187 187 187 187 187 187 187 187 187 187 
187 187 187 187 187 187 187 187 187 187 187 187 187 187 187 187 187 187 187 187 187 187 187 187 187 187 187 187 187 187 187 187 187 187 187 187 187 187 187 187 187 187 187 187 187 187 187 187 187 187 187 187 187 187 187 187 187 187 187 187 187 187 187 187 
187 187 187 187 187 187 187 187 187 187 187 187 187 187 187 187 187 187 187 187 187 187 187 187 187 187 187 187 187 187 187 187 187 187 187 187 187 187 187 187 187 187 187 187 187 187 187 187 187 187 187 187 187 187 187 187 187 187 187 187 187 187 187 187 
