187 187 187 187 187 187 187 187 187 187 187 187 187 187 187 187 187 187 187 187 187 187 187 187 187 187 187 187 186 186 186 186 186 186 186 186 187 187 187 187 187 187 187 187 187 187 187 187 187 187 187 187 187 187 187 187 187 187 187 187 187 187 187 187 
187 187 187 187 187 187 187 187 187 187 187 187 187 187 187 187 187 187 187 187 187 187 186 188 185 188 187 188 189 190 190 190 190 190 190 189 188 188 187 187 186 186 187 187 187 187 187 187 187 187 187 187 187 187 187 187 187 187 187 187 187 187 187 187 
187 187 187 187 187 187 187 187 187 187 187 187 187 187 187 187 187 187 187 187 186 189 181 194 179 192 184 184 183 183 183 183 183 183 183 183 184 185 186 187 188 188 189 188 187 187 187 187 187 187 187 187 187 187 187 187 187 187 187 187 187 187 187 187 
187 187 187 187 187 187 187 187 187 187 187 187 187 187 187 187 187 186 187 186 184 193 174 200 174 193 180 181 181 181 181 181 181 181 181 181 181 181 180 180 179 179 180 181 183 185 186 187 187 187 187 187 187 187 187 187 187 187 187 187 187 187 187 187 
187 187 187 187 187 187 187 187 187 187 187 187 187 187 187 186 188 182 192 182 184 194 171 201 174 195 195 197 197 197 197 197 197 197 197 197 197 197 197 197 197 197 197 197 197 195 192 189 187 187 187 187 187 187 187 187 187 187 187 187 187 187 187 187 
187 187 187 187 187 187 187 187 187 187 187 187 187 187 187 184 194 174 197 179 184 194 171 201 174 192 170 171 171 171 171 171 171 171 171 171 171 171 171 171 171 171 171 171 171 171 174 178 183 186 187 187 187 187 187 187 187 187 187 187 187 187 187 187 
187 187 187 187 187 187 187 187 187 187 187 187 187 187 188 179 198 170 199 179 184 194 171 201 174 196 198 200 200 200 200 200 200 200 200 200 200 200 200 200 200 200 200 200 200 200 200 198 195 191 188 187 187 187 187 187 187 187 187 187 187 187 187 187 
187 187 187 187 187 187 187 187 187 187 187 187 185 189 187 178 199 170 199 179 184 194 171 201 174 192 175 176 176 176 176 176 176 176 176 176 176 176 176 176 176 176 176 176 176 176 176 176 177 180 184 187 187 187 187 187 187 187 187 187 187 187 187 187 
187 187 187 187 187 187 187 187 187 187 186 190 179 192 185 178 199 170 199 179 184 194 171 201 174 194 186 187 187 187 187 187 187 187 187 187 187 187 187 187 187 187 187 187 187 187 187 187 187 187 186 185 185 186 187 187 187 187 187 187 187 187 187 187 
187 187 187 187 187 187 187 187 187 187 182 196 173 193 185 178 199 170 199 179 184 194 171 201 174 194 190 192 192 192 192 192 192 192 192 192 192 192 192 192 192 192 192 192 192 192 192 192 192 192 192 192 192 190 187 187 187 187 187 187 187 187 187 187 
187 187 187 187 187 187 187 187 186 190 176 200 172 194 185 178 199 170 199 179 184 194 171 201 174 192 172 173 173 173 173 173 173 173 173 173 173 173 173 173 173 173 173 173 173 173 173 173 173 173 173 173 173 176 182 186 187 187 187 187 187 187 187 187 
187 187 187 187 187 187 187 187 185 192 173 201 172 194 185 178 199 170 199 179 184 194 171 201 174 196 199 201 201 201 201 201 201 201 201 201 201 201 201 201 201 201 201 201 201 201 201 201 201 201 201 201 201 200 196 190 187 187 187 187 187 187 187 187 
187 187 187 187 187 187 187 187 185 192 173 201 172 194 185 178 199 170 199 179 184 194 171 201 174 192 171 172 172 172 172 172 172 172 172 172 172 172 172 172 172 172 172 172 172 172 172 172 172 172 172 172 172 172 173 179 185 187 187 187 187 187 187 187 
187 187 187 187 187 187 188 184 186 192 173 201 172 194 185 178 199 170 199 179 184 194 171 201 174 195 192 194 194 194 194 194 194 194 194 194 194 194 194 194 194 194 194 194 194 194 194 194 194 194 194 194 194 194 193 192 189 187 187 187 187 187 187 187 
187 187 187 187 187 186 191 180 187 192 173 201 172 194 185 178 199 170 199 179 184 194 171 201 174 193 184 185 185 185 185 185 185 185 185 185 185 185 185 185 185 185 185 185 185 185 185 185 185 185 185 185 185 185 185 185 187 188 187 187 187 187 187 187 
187 187 187 187 187 183 195 177 187 192 173 201 172 194 185 178 199 170 199 179 184 194 171 201 174 193 177 178 178 178 178 178 178 178 178 178 178 178 178 178 178 178 178 178 178 178 178 178 178 178 178 178 178 178 178 178 178 179 184 186 187 187 187 187 
187 187 187 187 189 178 198 176 187 192 173 201 172 194 185 178 199 170 199 179 184 194 171 201 174 195 197 199 199 199 199 199 199 199 199 199 199 199 199 199 199 199 199 199 199 199 199 199 199 199 199 199 199 199 199 199 199 198 194 188 187 187 187 187 
187 187 187 186 192 174 200 176 187 192 173 201 172 194 185 178 199 170 199 179 184 194 171 201 174 192 169 170 170 170 170 170 170 170 170 170 170 170 170 170 170 170 170 170 170 170 170 170 170 170 170 170 170 170 170 170 170 170 174 182 186 187 187 187 
187 187 187 185 195 171 200 176 187 192 173 201 172 194 185 178 199 170 199 179 184 194 171 201 174 195 197 199 199 199 199 199 199 199 199 199 199 199 199 199 199 199 199 199 199 199 199 199 199 199 199 199 199 199 199 199 199 199 197 192 187 187 187 187 
187 187 187 183 197 171 200 176 187 192 173 201 172 194 185 178 199 170 199 179 184 194 171 201 174 193 178 179 179 179 179 179 179 179 179 179 179 179 179 179 179 179 179 179 179 179 179 179 179 179 179 179 179 179 179 179 179 179 179 182 186 187 187 187 
187 187 188 181 197 171 200 176 187 192 173 201 172 194 185 178 199 170 199 179 184 194 171 201 174 194 183 184 184 184 184 184 184 184 184 184 184 184 184 184 184 184 184 184 184 184 184 184 184 184 184 184 184 184 184 184 184 184 184 184 184 186 187 187 
187 187 189 180 197 171 200 176 187 192 173 201 172 194 185 178 199 170 199 179 184 194 171 201 174 195 193 194 194 194 194 194 194 194 194 194 194 194 194 194 194 194 194 194 194 194 194 194 194 194 194 194 194 194 194 194 194 194 194 194 193 189 187 187 
187 186 188 179 197 171 200 176 187 192 173 201 172 194 185 178 199 170 199 179 184 194 171 201 174 192 171 171 171 171 171 171 171 171 171 171 171 171 171 171 171 171 171 171 171 171 171 171 171 171 171 171 171 171 171 171 171 171 171 171 174 181 186 187 
187 186 188 179 197 171 200 176 187 192 173 201 172 194 185 178 199 170 199 179 184 194 171 201 174 196 199 201 201 201 201 201 201 201 201 201 201 201 201 201 201 201 201 201 201 201 201 201 201 201 201 201 201 201 201 201 201 201 201 201 200 194 188 187 
187 187 187 180 197 171 200 176 187 192 173 201 172 194 185 178 199 170 199 179 184 194 171 201 174 192 173 174 174 174 174 174 174 174 174 174 174 174 174 174 174 174 174 174 174 174 174 174 174 174 174 174 174 174 174 174 174 174 174 174 174 179 185 187 
187 187 186 180 197 171 200 176 187 192 173 201 172 194 185 178 199 170 199 179 184 194 171 201 174 194 189 191 191 191 191 191 191 191 191 191 191 191 191 191 191 191 191 191 191 191 191 191 191 191 191 191 191 191 191 191 191 191 191 191 191 190 187 187 
187 188 185 181 197 171 200 176 187 192 173 201 172 194 185 178 199 170 199 179 184 194 171 201 174 194 187 188 188 188 188 188 188 188 188 188 188 188 188 188 188 188 188 188 188 188 188 188 188 188 188 188 188 188 188 188 188 188 188 188 188 188 188 187 
187 188 184 181 197 171 200 176 187 192 173 201 172 194 185 178 199 170 199 179 184 194 171 201 174 192 174 175 175 175 175 175 175 175 175 175 175 175 175 175 175 175 175 175 175 175 175 175 175 175 175 175 175 175 175 175 175 175 175 175 175 176 182 186 
186 189 183 181 197 171 200 176 187 192 173 201 172 194 185 178 199 170 199 179 184 194 171 201 174 196 198 200 200 200 200 200 200 200 200 200 200 200 200 200 200 200 200 200 200 200 200 200 200 200 200 200 200 200 200 200 200 200 200 200 200 200 194 188 
186 190 183 181 197 171 200 176 187 192 173 201 172 194 185 178 199 170 199 179 184 194 171 201 174 192 170 171 171 171 171 171 171 171 171 171 171 171 171 171 171 171 171 171 171 171 171 171 171 171 171 171 171 171 171 171 171 171 171 171 171 171 178 185 
186 190 183 181 197 171 200 176 187 192 173 201 172 194 185 178 199 170 199 179 184 194 171 201 174 195 195 197 197 197 197 197 197 197 197 197 197 197 197 197 197 197 197 197 197 197 197 197 197 197 197 197 197 197 197 197 197 197 197 197 197 196 193 188 
186 190 183 181 197 171 200 176 187 192 173 201 172 194 185 178 199 170 199 179 184 194 171 201 174 193 180 181 181 181 181 181 181 181 181 181 181 181 181 181 181 181 181 181 181 181 181 181 181 181 181 181 181 181 181 181 181 181 181 181 181 181 184 186 
186 190 183 181 197 171 200 176 187 192 173 201 172 194 185 178 199 170 199 179 184 194 171 201 174 193 180 181 181 181 181 181 181 181 181 181 181 181 181 181 181 181 181 181 181 181 181 181 181 181 181 181 181 181 181 181 181 181 181 181 181 181 184 186 
186 190 183 181 197 171 200 176 187 192 173 201 172 194 185 178 199 170 199 179 184 194 171 201 174 195 195 197 197 197 197 197 197 197 197 197 197 197 197 197 197 197 197 197 197 197 197 197 197 197 197 197 197 197 197 197 197 197 197 197 197 196 193 188 
186 190 183 181 197 171 200 176 187 192 173 201 172 194 185 178 199 170 199 179 184 194 171 201 174 192 170 171 171 171 171 171 171 171 171 171 171 171 171 171 171 171 171 171 171 171 171 171 171 171 171 171 171 171 171 171 171 171 171 171 171 171 178 185 
186 189 183 181 197 171 200 176 187 192 173 201 172 194 185 178 199 170 199 179 184 194 171 201 174 196 198 200 200 200 200 200 200 200 200 200 200 200 200 200 200 200 200 200 200 200 200 200 200 200 200 200 200 200 200 200 200 200 200 200 200 200 194 188 
187 188 184 181 197 171 200 176 187 192 173 201 172 194 185 178 199 170 199 179 184 194 171 201 174 192 174 175 175 175 175 175 175 175 175 175 175 175 175 175 175 175 175 175 175 175 175 175 175 175 175 175 175 175 175 175 175 175 175 175 175 176 182 186 
187 188 185 181 197 171 200 176 187 192 173 201 172 194 185 178 199 170 199 179 184 194 171 201 174 194 187 188 188 188 188 188 188 188 188 188 188 188 188 188 188 188 188 188 188 188 188 188 188 188 188 188 188 188 188 188 188 188 188 188 188 188 188 187 
187 187 186 180 197 171 200 176 187 192 173 201 172 194 185 178 199 170 199 179 184 194 171 201 174 194 189 191 191 191 191 191 191 191 191 191 191 191 191 191 191 191 191 191 191 191 191 191 191 191 191 191 191 191 191 191 191 191 191 191 191 190 187 187 
187 187 187 180 197 171 200 176 187 192 173 201 172 194 185 178 199 170 199 179 184 194 171 201 174 192 173 174 174 174 174 174 174 174 174 174 174 174 174 174 174 174 174 174 174 174 174 174 174 174 174 174 174 174 174 174 174 174 174 174 174 179 185 187 
187 186 188 179 197 171 200 176 187 192 173 201 172 194 185 178 199 170 199 179 184 194 171 201 174 196 199 201 201 201 201 201 201 201 201 201 201 201 201 201 201 201 201 201 201 201 201 201 201 201 201 201 201 201 201 201 201 201 201 201 200 194 188 187 
187 186 188 179 197 171 200 176 187 192 173 201 172 194 185 178 199 170 199 179 184 194 171 201 174 192 171 171 171 171 171 171 171 171 171 171 171 171 171 171 171 171 171 171 171 171 171 171 171 171 171 171 171 171 171 171 171 171 171 171 174 181 186 187 
187 187 189 180 197 171 200 176 187 192 173 201 172 194 185 178 199 170 199 179 184 194 171 201 174 195 193 194 194 194 194 194 194 194 194 194 194 194 194 194 194 194 194 194 194 194 194 194 194 194 194 194 194 194 194 194 194 194 194 194 193 189 187 187 
187 187 188 181 197 171 200 176 187 192 173 201 172 194 185 178 199 170 199 179 184 194 171 201 174 194 183 184 184 184 184 184 184 184 184 184 184 184 184 184 184 184 184 184 184 184 184 184 184 184 184 184 184 184 184 184 184 184 184 184 184 186 187 187 
187 187 187 183 197 171 200 176 187 192 173 201 172 194 185 178 199 170 199 179 184 194 171 201 174 193 178 179 179 179 179 179 179 179 179 179 179 179 179 179 179 179 179 179 179 179 179 179 179 179 179 179 179 179 179 179 179 179 179 182 186 187 187 187 
187 187 187 185 195 171 200 176 187 192 173 201 172 194 185 178 199 170 199 179 184 194 171 201 174 195 197 199 199 199 199 199 199 199 199 199 199 199 199 199 199 199 199 199 199 199 199 199 199 199 199 199 199 199 199 199 199 199 197 192 187 187 187 187 
187 187 187 186 192 174 200 176 187 192 173 201 172 194 185 178 199 170 199 179 184 194 171 201 174 192 169 170 170 170 170 170 170 170 170 170 170 170 170 170 170 170 170 170 170 170 170 170 170 170 170 170 170 170 170 170 170 170 174 182 186 187 187 187 
187 187 187 187 189 178 198 176 187 192 173 201 172 194 185 178 199 170 199 179 184 194 171 201 174 195 197 199 199 199 199 199 199 199 199 199 199 199 199 199 199 199 199 199 199 199 199 199 199 199 199 199 199 199 199 199 199 198 194 188 187 187 187 187 
187 187 187 187 187 183 195 177 187 192 173 201 172 194 185 178 199 170 199 179 184 194 171 201 174 193 177 178 178 178 178 178 178 178 178 178 178 178 178 178 178 178 178 178 178 178 178 178 178 178 178 178 178 178 178 178 178 179 184 186 187 187 187 187 
187 187 187 187 187 186 191 180 187 192 173 201 172 194 185 178 199 170 199 179 184 194 171 201 174 193 184 185 185 185 185 185 185 185 185 185 185 185 185 185 185 185 185 185 185 185 185 185 185 185 185 185 185 185 185 185 187 188 187 187 187 187 187 187 
187 187 187 187 187 187 188 184 186 192 173 201 172 194 185 178 199 170 199 179 184 194 171 201 174 195 192 194 194 194 194 194 194 194 194 194 194 194 194 194 194 194 194 194 194 194 194 194 194 194 194 194 194 194 193 192 189 187 187 187 187 187 187 187 
187 187 187 187 187 187 187 187 185 192 173 201 172 194 185 178 199 170 199 179 184 194 171 201 174 192 171 172 172 172 172 172 172 172 172 172 172 172 172 172 172 172 172 172 172 172 172 172 172 172 172 172 172 172 173 179 185 187 187 187 187 187 187 187 
187 187 187 187 187 187 187 187 185 192 173 201 172 194 185 178 199 170 199 179 184 194 171 201 174 196 199 201 201 201 201 201 201 201 201 201 201 201 201 201 201 201 201 201 201 201 201 201 201 201 201 201 201 200 196 190 187 187 187 187 187 187 187 187 
187 187 187 187 187 187 187 187 186 190 176 200 172 194 185 178 199 170 199 179 184 194 171 201 174 192 172 173 173 173 173 173 173 173 173 173 173 173 173 173 173 173 173 173 173 173 173 173 173 173 173 173 173 176 182 186 187 187 187 187 187 187 187 187 
187 187 187 187 187 187 187 187 187 187 182 196 173 193 185 178 199 170 199 179 184 194 171 201 174 194 190 192 192 192 192 192 192 192 192 192 192 192 192 192 192 192 192 192 192 192 192 192 192 192 192 192 192 190 187 187 187 187 187 187 187 187 187 187 
187 187 187 187 187 187 187 187 187 187 186 190 179 192 185 178 199 170 199 179 184 194 171 201 174 194 186 187 187 187 187 187 187 187 187 187 187 187 187 187 187 187 187 187 187 187 187 187 187 187 186 185 185 186 187 187 187 187 187 187 187 187 187 187 
187 187 187 187 187 187 187 187 187 187 187 187 185 189 187 178 199 170 199 179 184 194 171 201 174 192 175 176 176 176 176 176 176 176 176 176 176 176 176 176 176 176 176 176 176 176 176 176 177 180 184 187 187 187 187 187 187 187 187 187 187 187 187 187 
187 187 187 187 187 187 187 187 187 187 187 187 187 187 188 179 198 170 199 179 184 194 171 201 174 196 198 200 200 200 200 200 200 200 200 200 200 200 200 200 200 200 200 200 200 200 200 198 195 191 188 187 187 187 187 187 187 187 187 187 187 187 187 187 
187 187 187 187 187 187 187 187 187 187 187 187 187 187 187 184 194 174 197 179 184 194 171 201 174 192 170 171 171 171 171 171 171 171 171 171 171 171 171 171 171 171 171 171 171 171 174 178 183 186 187 187 187 187 187 187 187 187 187 187 187 187 187 187 
187 187 187 187 187 187 187 187 187 187 187 187 187 187 187 186 188 182 192 182 184 194 171 201 174 195 195 197 197 197 197 197 197 197 197 197 197 197 197 197 197 197 197 197 197 195 192 189 187 187 187 187 187 187 187 187 187 187 187 187 187 187 187 187 
187 187 187 187 187 187 187 187 187 187 187 187 187 187 187 187 187 186 187 186 184 193 174 200 174 193 180 181 181 181 181 181 181 181 181 181 181 181 180 180 179 179 180 181 183 185 186 187 187 187 187 187 187 187 187 187 187 187 187 187 187 187 187 187 
187 187 187 187 187 187 187 187 187 187 187 187 187 187 187 187 187 187 187 187 186 189 181 194 179 192 184 184 183 183 183 183 183 183 183 183 184 185 186 187 188 188 189 188 187 187 187 187 187 187 187 187 187 187 187 187 187 187 187 187 187 187 187 187 
187 187 187 187 187 187 187 187 187 187 187 187 187 187 187 187 187 187 187 187 187 187 186 188 185 188 187 188 189 190 190 190 190 190 190 189 188 188 187 187 186 186 187 187 187 187 187 187 187 187 187 187 187 187 187 187 187 187 187 187 187 187 187 187 
187 187 187 187 187 187 187 187 187 187 187 187 187 187 187 187 187 187 187 187 187 187 187 187 187 187 187 187 186 186 186 186 186 186 186 186 187 187 187 187 187 187 187 187 187 187 187 187 187 187 187 187 187 187 187 187 187 187 187 187 187 187 187 187 
