187 187 187 187 187 187 187 187 187 187 187 187 187 187 187 187 187 187 187 187 187 187 187 187 187 187 186 186 185 187 186 186 187 187 187 187 187 187 187 187 187 187 187 187 187 187 187 187 187 187 187 187 187 187 187 187 187 187 187 187 187 187 187 187 
187 187 187 187 187 187 187 187 187 187 187 187 187 187 187 187 187 187 187 187 187 187 187 186 191 184 197 186 188 182 183 186 187 187 187 187 187 187 187 187 187 187 187 187 187 187 187 187 187 187 187 187 187 187 187 187 187 187 187 187 187 187 187 187 
187 187 187 187 187 187 187 187 187 187 187 187 187 187 187 187 187 187 187 187 186 183 188 186 188 180 195 184 188 194 192 190 187 187 187 187 187 187 187 187 187 187 187 187 187 187 187 187 187 187 187 187 187 187 187 187 187 187 187 187 187 187 187 187 
187 187 187 187 187 187 187 187 187 187 187 187 187 187 187 187 187 187 189 184 194 190 184 179 193 172 187 182 173 185 189 184 187 187 187 187 187 187 187 187 187 187 187 187 187 187 187 187 187 187 187 187 187 187 187 187 187 187 187 187 187 187 187 187 
187 187 187 187 187 187 187 187 187 187 187 187 187 187 187 186 188 187 179 178 187 178 201 187 197 179 183 181 188 192 179 183 187 187 187 187 187 187 187 187 187 187 187 187 187 187 187 187 187 187 187 187 187 187 187 187 187 187 187 187 187 187 187 187 
187 187 187 187 187 187 187 187 187 187 187 187 187 187 188 189 187 171 199 172 196 169 186 183 175 191 192 202 176 173 196 184 187 187 187 187 187 187 187 187 187 187 187 187 187 187 187 187 187 187 187 187 187 187 187 187 187 187 187 187 187 187 187 187 
187 187 187 187 187 187 187 187 187 187 187 187 187 187 189 164 185 195 176 186 186 189 195 170 199 187 179 176 203 200 154 185 187 187 187 187 187 187 187 187 187 187 187 187 187 187 187 187 187 187 187 187 187 187 187 187 187 187 187 187 187 187 187 187 
187 187 187 187 187 187 187 187 187 187 187 187 187 195 178 211 183 182 187 192 179 177 190 185 187 182 174 173 184 171 187 194 187 187 187 187 187 187 187 187 187 187 187 187 187 187 187 187 187 187 187 187 187 187 187 187 187 187 187 187 187 187 187 187 
187 187 187 187 187 187 187 187 187 187 186 189 174 187 192 157 177 188 152 201 191 184 190 194 204 185 192 176 197 194 197 188 187 187 187 187 187 187 187 187 187 187 187 187 187 187 187 187 187 187 187 187 187 187 187 187 187 187 187 187 187 187 187 187 
187 187 187 187 187 187 187 187 187 187 189 192 200 155 189 193 198 202 196 185 186 188 182 163 187 176 182 192 192 190 172 187 187 187 187 187 187 187 187 187 187 187 187 187 187 187 187 187 187 187 187 187 187 187 187 187 187 187 187 187 187 187 187 187 
187 187 187 187 187 187 187 187 186 182 201 188 188 169 186 201 173 194 153 192 176 196 192 190 176 187 197 180 193 180 185 193 187 187 187 187 187 187 187 187 187 187 187 187 187 187 187 187 187 187 187 187 187 187 187 187 187 187 187 187 187 187 187 187 
187 187 187 187 187 187 187 187 189 188 190 162 181 199 183 171 180 186 191 187 184 185 188 188 191 180 185 187 184 172 192 190 187 187 187 187 187 187 187 187 187 187 187 187 187 187 187 187 187 187 187 187 187 187 187 187 187 187 187 187 187 187 187 187 
187 187 187 187 187 187 187 184 184 179 197 180 191 192 202 170 200 199 167 200 183 184 178 193 180 189 194 197 185 195 167 186 187 187 187 187 187 187 187 187 187 187 187 187 187 187 187 187 187 187 187 187 187 187 187 187 187 187 187 187 187 187 187 187 
187 187 187 187 187 187 185 190 191 194 188 176 193 172 180 192 184 193 188 182 168 198 176 185 165 175 188 168 179 180 211 184 187 187 187 187 187 187 187 187 187 187 187 187 187 187 187 187 187 187 187 187 187 187 187 187 187 187 187 187 187 187 187 187 
187 187 187 187 187 187 188 183 193 184 185 176 195 176 171 191 167 197 177 176 197 176 190 208 205 185 191 189 180 178 189 186 187 187 187 187 187 187 187 187 187 187 187 187 187 187 187 187 187 187 187 187 187 187 187 187 187 187 187 187 187 187 187 187 
187 187 187 187 187 187 175 188 187 174 191 197 184 180 200 205 179 177 182 186 183 203 175 177 183 178 194 202 187 185 196 191 187 187 187 187 187 187 187 187 187 187 187 187 187 187 187 187 187 187 187 187 187 187 187 187 187 187 187 187 187 187 187 187 
187 187 187 187 186 188 194 168 193 168 197 174 194 170 192 172 171 191 183 192 178 177 184 191 186 179 184 170 191 183 166 192 187 187 187 187 187 187 187 187 187 187 187 187 187 187 187 187 187 187 187 187 187 187 187 187 187 187 187 187 187 187 187 187 
187 187 187 186 182 197 172 187 208 169 182 180 184 179 201 183 184 193 195 184 177 185 198 191 179 194 171 202 174 202 183 186 187 187 187 187 187 187 187 187 187 187 187 187 187 187 187 187 187 187 187 187 187 187 187 187 187 187 187 187 187 187 187 187 
187 187 187 187 192 184 196 192 173 191 190 190 194 177 202 183 185 189 170 189 201 170 188 185 196 186 180 198 174 183 175 184 187 187 187 187 187 187 187 187 187 187 187 187 187 187 187 187 187 187 187 187 187 187 187 187 187 187 187 187 187 187 187 187 
187 187 187 190 184 185 156 188 181 172 205 182 170 186 189 180 181 187 184 198 189 189 183 179 181 189 181 190 180 185 192 183 187 187 187 187 187 187 187 187 187 187 187 187 187 187 187 187 187 187 187 187 187 187 187 187 187 187 187 187 187 187 187 187 
187 187 186 189 178 191 193 210 182 193 187 181 196 197 164 182 196 187 182 188 174 185 180 200 180 178 186 199 175 182 206 189 187 187 187 187 187 187 187 187 187 187 187 187 187 187 187 187 187 187 187 187 187 187 187 187 187 187 187 187 187 187 187 187 
187 187 188 191 179 181 160 178 194 172 199 175 210 169 193 200 183 188 181 188 193 185 181 178 190 192 178 175 186 197 177 189 187 187 187 187 187 187 187 187 187 187 187 187 187 187 187 187 187 187 187 187 187 187 187 187 187 187 187 187 187 187 187 187 
187 186 181 183 182 206 181 192 194 173 186 165 175 166 206 168 183 188 192 172 178 182 202 190 192 178 203 195 181 190 175 189 187 187 187 187 187 187 187 187 187 187 187 187 187 187 187 187 187 187 187 187 187 187 187 187 187 187 187 187 187 187 187 187 
187 187 194 187 173 194 187 187 197 167 195 188 191 189 185 188 187 179 187 181 205 165 199 174 179 184 185 168 183 193 195 181 187 187 187 187 187 187 187 187 187 187 187 187 187 187 187 187 187 187 187 187 187 187 187 187 187 187 187 187 187 187 187 187 
187 190 169 184 199 190 180 176 177 191 209 169 187 193 182 186 160 200 204 183 174 188 184 182 177 181 179 203 184 200 177 187 187 187 187 187 187 187 187 187 187 187 187 187 187 187 187 187 187 187 187 187 187 187 187 187 187 187 187 187 187 187 187 187 
187 183 177 192 179 174 190 184 194 169 180 184 182 180 178 194 196 184 169 181 209 183 188 186 180 196 194 179 182 169 194 188 187 187 187 187 187 187 187 187 187 187 187 187 187 187 187 187 187 187 187 187 187 187 187 187 187 187 187 187 187 187 187 187 
186 183 192 204 193 180 197 193 183 192 199 186 189 200 175 202 183 195 191 177 196 161 193 189 202 186 188 177 187 192 173 183 187 187 187 187 187 187 187 187 187 187 187 187 187 187 187 187 187 187 187 187 187 187 187 187 187 187 187 187 187 187 187 187 
187 191 185 178 184 179 181 180 173 187 186 185 176 196 181 179 174 164 181 196 188 180 196 188 178 165 184 197 188 199 171 193 187 187 187 187 187 187 187 187 187 187 187 187 187 187 187 187 187 187 187 187 187 187 187 187 187 187 187 187 187 187 187 187 
187 182 190 191 179 183 179 205 167 184 176 191 181 178 174 203 173 201 205 180 184 178 186 187 200 197 190 177 185 178 191 189 187 187 187 187 187 187 187 187 187 187 187 187 187 187 187 187 187 187 187 187 187 187 187 187 187 187 187 187 187 187 187 187 
186 190 199 193 190 179 180 188 211 191 179 184 174 194 192 187 195 189 174 182 181 166 184 181 185 180 178 184 193 187 189 185 187 187 187 187 187 187 187 187 187 187 187 187 187 187 187 187 187 187 187 187 187 187 187 187 187 187 187 187 187 187 187 187 
185 178 192 187 164 192 194 191 182 173 197 195 193 192 177 172 183 176 188 196 188 195 184 168 195 170 203 194 174 196 167 186 187 187 187 187 187 187 187 187 187 187 187 187 187 187 187 187 187 187 187 187 187 187 187 187 187 187 187 187 187 187 187 187 
184 184 176 188 179 197 175 186 191 188 175 189 172 190 174 195 183 193 191 183 170 194 196 169 206 162 186 171 180 180 207 187 187 187 187 187 187 187 187 187 187 187 187 187 187 187 187 187 187 187 187 187 187 187 187 187 187 187 187 187 187 187 187 187 
187 191 191 193 196 171 189 171 205 170 189 173 198 178 195 184 201 165 187 192 175 196 179 186 201 194 206 179 201 178 178 192 187 187 187 187 187 187 187 187 187 187 187 187 187 187 187 187 187 187 187 187 187 187 187 187 187 187 187 187 187 187 187 187 
188 181 186 178 180 186 201 190 185 190 196 166 198 181 193 184 177 187 190 201 168 185 187 187 183 185 174 181 197 183 193 189 187 187 187 187 187 187 187 187 187 187 187 187 187 187 187 187 187 187 187 187 187 187 187 187 187 187 187 187 187 187 187 187 
190 187 182 188 175 196 162 182 175 178 169 199 184 183 178 184 193 180 183 189 190 197 162 199 179 190 186 184 164 203 165 193 187 187 187 187 187 187 187 187 187 187 187 187 187 187 187 187 187 187 187 187 187 187 187 187 187 187 187 187 187 187 187 187 
188 187 174 198 191 196 193 184 178 215 184 194 180 190 189 181 184 172 191 186 183 197 173 191 191 176 185 196 197 174 189 187 187 187 187 187 187 187 187 187 187 187 187 187 187 187 187 187 187 187 187 187 187 187 187 187 187 187 187 187 187 187 187 187 
187 183 178 188 194 177 187 197 189 172 179 175 187 183 197 181 190 197 187 191 178 187 186 192 191 186 184 176 182 163 201 190 187 187 187 187 187 187 187 187 187 187 187 187 187 187 187 187 187 187 187 187 187 187 187 187 187 187 187 187 187 187 187 187 
186 188 181 180 176 178 180 194 183 193 183 200 172 185 178 194 176 187 189 171 189 190 192 183 165 193 187 199 180 196 189 187 187 187 187 187 187 187 187 187 187 187 187 187 187 187 187 187 187 187 187 187 187 187 187 187 187 187 187 187 187 187 187 187 
187 190 188 203 182 201 190 184 179 193 172 192 195 168 194 178 204 175 188 177 197 170 187 187 205 154 190 200 171 188 186 184 187 187 187 187 187 187 187 187 187 187 187 187 187 187 187 187 187 187 187 187 187 187 187 187 187 187 187 187 187 187 187 187 
187 186 185 187 171 185 180 203 167 189 184 184 194 195 174 194 196 171 191 184 190 189 168 180 178 190 197 174 170 196 178 185 187 187 187 187 187 187 187 187 187 187 187 187 187 187 187 187 187 187 187 187 187 187 187 187 187 187 187 187 187 187 187 187 
187 186 183 192 188 184 173 179 175 176 189 187 184 174 191 178 197 187 189 174 175 196 202 190 193 163 184 182 195 179 172 188 187 187 187 187 187 187 187 187 187 187 187 187 187 187 187 187 187 187 187 187 187 187 187 187 187 187 187 187 187 187 187 187 
187 187 189 190 178 190 203 203 194 183 203 181 197 197 180 183 178 180 191 200 176 185 165 162 205 201 189 178 191 175 198 188 187 187 187 187 187 187 187 187 187 187 187 187 187 187 187 187 187 187 187 187 187 187 187 187 187 187 187 187 187 187 187 187 
187 187 188 186 173 197 175 181 180 187 170 179 173 187 185 199 182 187 195 175 192 176 206 192 194 153 194 187 195 177 183 186 187 187 187 187 187 187 187 187 187 187 187 187 187 187 187 187 187 187 187 187 187 187 187 187 187 187 187 187 187 187 187 187 
187 187 187 178 182 200 180 177 204 186 195 178 193 197 165 188 186 171 186 183 187 176 178 188 192 185 184 184 185 186 205 186 187 187 187 187 187 187 187 187 187 187 187 187 187 187 187 187 187 187 187 187 187 187 187 187 187 187 187 187 187 187 187 187 
187 187 187 193 188 183 183 193 181 172 187 195 188 190 186 183 172 195 191 178 194 197 175 188 178 194 161 182 200 190 167 179 187 187 187 187 187 187 187 187 187 187 187 187 187 187 187 187 187 187 187 187 187 187 187 187 187 187 187 187 187 187 187 187 
187 187 187 185 192 163 193 183 195 190 174 175 183 185 186 203 180 186 193 185 187 185 184 190 191 185 185 175 187 173 205 187 187 187 187 187 187 187 187 187 187 187 187 187 187 187 187 187 187 187 187 187 187 187 187 187 187 187 187 187 187 187 187 187 
187 187 187 186 188 193 186 194 174 193 188 192 185 185 176 189 174 184 178 200 182 185 202 173 186 201 193 184 193 176 186 188 187 187 187 187 187 187 187 187 187 187 187 187 187 187 187 187 187 187 187 187 187 187 187 187 187 187 187 187 187 187 187 187 
187 187 187 187 188 182 174 199 185 170 186 187 191 180 180 207 171 198 171 173 183 183 177 182 181 173 182 188 194 184 194 189 187 187 187 187 187 187 187 187 187 187 187 187 187 187 187 187 187 187 187 187 187 187 187 187 187 187 187 187 187 187 187 187 
187 187 187 187 186 189 185 182 171 206 168 194 170 202 175 182 172 195 195 199 193 184 179 173 212 180 175 195 195 173 188 183 187 187 187 187 187 187 187 187 187 187 187 187 187 187 187 187 187 187 187 187 187 187 187 187 187 187 187 187 187 187 187 187 
187 187 187 187 187 187 187 198 193 196 186 192 182 182 201 188 188 176 181 178 175 194 200 190 184 189 188 170 184 179 194 190 187 187 187 187 187 187 187 187 187 187 187 187 187 187 187 187 187 187 187 187 187 187 187 187 187 187 187 187 187 187 187 187 
187 187 187 187 187 187 185 190 183 182 176 179 188 170 184 178 184 191 181 196 183 187 177 176 190 185 197 175 202 170 184 184 187 187 187 187 187 187 187 187 187 187 187 187 187 187 187 187 187 187 187 187 187 187 187 187 187 187 187 187 187 187 187 187 
187 187 187 187 187 187 187 185 194 187 182 192 184 179 206 194 171 199 176 180 197 196 189 170 186 189 181 175 187 199 177 191 187 187 187 187 187 187 187 187 187 187 187 187 187 187 187 187 187 187 187 187 187 187 187 187 187 187 187 187 187 187 187 187 
187 187 187 187 187 187 187 187 190 173 199 192 186 184 180 186 186 190 184 193 169 165 189 180 206 195 182 187 199 182 182 190 187 187 187 187 187 187 187 187 187 187 187 187 187 187 187 187 187 187 187 187 187 187 187 187 187 187 187 187 187 187 187 187 
187 187 187 187 187 187 187 187 186 187 188 191 180 188 187 189 188 175 185 168 197 192 193 175 182 199 181 180 177 190 188 187 187 187 187 187 187 187 187 187 187 187 187 187 187 187 187 187 187 187 187 187 187 187 187 187 187 187 187 187 187 187 187 187 
187 187 187 187 187 187 187 187 187 187 187 182 188 196 167 193 191 192 179 175 181 190 182 183 170 172 180 192 183 198 169 191 187 187 187 187 187 187 187 187 187 187 187 187 187 187 187 187 187 187 187 187 187 187 187 187 187 187 187 187 187 187 187 187 
187 187 187 187 187 187 187 187 187 187 188 182 184 189 185 181 165 199 199 202 189 181 197 174 200 198 200 193 192 171 188 195 187 187 187 187 187 187 187 187 187 187 187 187 187 187 187 187 187 187 187 187 187 187 187 187 187 187 187 187 187 187 187 187 
187 187 187 187 187 187 187 187 187 187 187 187 182 188 187 194 195 187 169 173 184 183 187 198 178 180 183 171 197 173 177 192 187 187 187 187 187 187 187 187 187 187 187 187 187 187 187 187 187 187 187 187 187 187 187 187 187 187 187 187 187 187 187 187 
187 187 187 187 187 187 187 187 187 187 187 187 187 188 188 179 185 187 169 200 178 188 180 176 189 196 187 200 177 184 195 191 187 187 187 187 187 187 187 187 187 187 187 187 187 187 187 187 187 187 187 187 187 187 187 187 187 187 187 187 187 187 187 187 
187 187 187 187 187 187 187 187 187 187 187 187 187 187 187 187 190 177 188 185 203 171 192 197 173 178 178 165 197 191 188 185 187 187 187 187 187 187 187 187 187 187 187 187 187 187 187 187 187 187 187 187 187 187 187 187 187 187 187 187 187 187 187 187 
187 187 187 187 187 187 187 187 187 187 187 187 187 187 187 187 187 188 193 186 179 192 189 192 168 189 179 186 186 180 185 179 187 187 187 187 187 187 187 187 187 187 187 187 187 187 187 187 187 187 187 187 187 187 187 187 187 187 187 187 187 187 187 187 
187 187 187 187 187 187 187 187 187 187 187 187 187 187 187 187 187 186 184 190 185 190 173 197 193 184 203 185 182 189 188 184 187 187 187 187 187 187 187 187 187 187 187 187 187 187 187 187 187 187 187 187 187 187 187 187 187 187 187 187 187 187 187 187 
187 187 187 187 187 187 187 187 187 187 187 187 187 187 187 187 187 187 187 186 187 187 187 177 193 180 186 186 188 181 194 183 187 187 187 187 187 187 187 187 187 187 187 187 187 187 187 187 187 187 187 187 187 187 187 187 187 187 187 187 187 187 187 187 
187 187 187 187 187 187 187 187 187 187 187 187 187 187 187 187 187 187 187 187 187 187 187 186 188 188 187 186 189 192 191 184 187 187 187 187 187 187 187 187 187 187 187 187 187 187 187 187 187 187 187 187 187 187 187 187 187 187 187 187 187 187 187 187 
187 187 187 187 187 187 187 187 187 187 187 187 187 187 187 187 187 187 187 187 187 187 187 187 187 187 187 187 186 186 183 186 187 187 187 187 187 187 187 187 187 187 187 187 187 187 187 187 187 187 187 187 187 187 187 187 187 187 187 187 187 187 187 187 
