187 187 187 187 187 187 187 187 187 187 187 187 187 187 187 187 187 187 187 187 187 187 187 187 187 187 187 186 187 186 187 187 187 187 186 187 186 187 187 187 187 187 187 187 187 187 187 187 187 187 187 187 187 187 187 187 187 187 187 187 187 187 187 187 
187 187 187 187 187 187 187 187 187 187 187 187 187 187 187 187 187 187 187 187 187 187 186 187 186 187 187 184 191 182 190 185 185 190 182 191 184 187 187 186 187 186 187 187 187 187 187 187 187 187 187 187 187 187 187 187 187 187 187 187 187 187 187 187 
187 187 187 187 187 187 187 187 187 187 187 187 187 187 187 187 187 187 187 187 186 188 184 191 182 189 188 181 195 178 193 184 184 193 178 195 181 188 189 182 191 184 188 186 187 187 187 187 187 187 187 187 187 187 187 187 187 187 187 187 187 187 187 187 
187 187 187 187 187 187 187 187 187 187 187 187 187 187 187 187 187 187 187 186 185 191 179 195 179 189 188 180 195 177 193 184 184 193 177 195 180 188 189 179 195 179 191 185 186 187 187 187 187 187 187 187 187 187 187 187 187 187 187 187 187 187 187 187 
187 187 187 187 187 187 187 187 187 187 187 187 187 187 187 186 188 184 190 184 185 192 178 195 179 190 188 180 195 177 193 184 184 193 177 195 180 188 190 179 195 178 192 185 184 190 184 188 186 187 187 187 187 187 187 187 187 187 187 187 187 187 187 187 
187 187 187 187 187 187 187 187 187 187 187 187 187 187 187 185 191 179 193 182 186 192 178 195 179 190 188 180 195 177 193 184 184 193 177 195 180 188 190 179 195 178 192 186 182 193 179 191 185 187 187 187 187 187 187 187 187 187 187 187 187 187 187 187 
187 187 187 187 187 187 187 187 187 187 187 187 187 187 188 183 194 177 194 182 186 192 178 195 179 190 188 180 195 177 193 184 184 193 177 195 180 188 190 179 195 178 192 186 182 194 177 194 183 188 187 187 187 187 187 187 187 187 187 187 187 187 187 187 
187 187 187 187 187 187 187 187 187 187 187 187 186 188 187 182 194 177 194 182 186 192 178 195 179 190 188 180 195 177 193 184 184 193 177 195 180 188 190 179 195 178 192 186 182 194 177 194 182 187 188 186 187 187 187 187 187 187 187 187 187 187 187 187 
187 187 187 187 187 187 187 187 187 187 186 189 182 190 186 182 194 177 194 182 186 192 178 195 179 190 188 180 195 177 193 184 184 193 177 195 180 188 190 179 195 178 192 186 182 194 177 194 182 186 190 182 189 186 187 187 187 187 187 187 187 187 187 187 
187 187 187 187 187 187 187 187 187 187 184 193 179 191 186 182 194 177 194 182 186 192 178 195 179 190 188 180 195 177 193 184 184 193 177 195 180 188 190 179 195 178 192 186 182 194 177 194 182 186 191 179 193 184 187 187 187 187 187 187 187 187 187 187 
187 187 187 187 187 187 187 187 186 189 180 195 178 191 186 182 194 177 194 182 186 192 178 195 179 190 188 180 195 177 193 184 184 193 177 195 180 188 190 179 195 178 192 186 182 194 177 194 182 186 191 178 195 180 189 186 187 187 187 187 187 187 187 187 
187 187 187 187 187 187 187 187 186 190 179 196 178 191 186 182 194 177 194 182 186 192 178 195 179 190 188 180 195 177 193 184 184 193 177 195 180 188 190 179 195 178 192 186 182 194 177 194 182 186 191 178 196 179 190 186 187 187 187 187 187 187 187 187 
187 187 187 187 187 187 187 187 186 190 179 196 178 191 186 182 194 177 194 182 186 192 178 195 179 190 188 180 195 177 193 184 184 193 177 195 180 188 190 179 195 178 192 186 182 194 177 194 182 186 191 178 196 179 190 186 187 187 187 187 187 187 187 187 
187 187 187 187 187 187 187 185 186 190 179 196 178 191 186 182 194 177 194 182 186 192 178 195 179 190 188 180 195 177 193 184 184 193 177 195 180 188 190 179 195 178 192 186 182 194 177 194 182 186 191 178 196 179 190 186 185 187 187 187 187 187 187 187 
187 187 187 187 187 186 189 183 187 190 179 196 178 191 186 182 194 177 194 182 186 192 178 195 179 190 188 180 195 177 193 184 184 193 177 195 180 188 190 179 195 178 192 186 182 194 177 194 182 186 191 178 196 179 190 187 183 189 186 187 187 187 187 187 
187 187 187 187 187 184 192 181 187 190 179 196 178 191 186 182 194 177 194 182 186 192 178 195 179 190 188 180 195 177 193 184 184 193 177 195 180 188 190 179 195 178 192 186 182 194 177 194 182 186 191 178 196 179 190 187 181 192 184 187 187 187 187 187 
187 187 187 187 188 182 194 181 187 190 179 196 178 191 186 182 194 177 194 182 186 192 178 195 179 190 188 180 195 177 193 184 184 193 177 195 180 188 190 179 195 178 192 186 182 194 177 194 182 186 191 178 196 179 190 187 181 194 182 188 187 187 187 187 
187 187 187 186 190 179 195 181 187 190 179 196 178 191 186 182 194 177 194 182 186 192 178 195 179 190 188 180 195 177 193 184 184 193 177 195 180 188 190 179 195 178 192 186 182 194 177 194 182 186 191 178 196 179 190 187 181 195 179 190 186 187 187 187 
187 187 187 185 192 178 195 181 187 190 179 196 178 191 186 182 194 177 194 182 186 192 178 195 179 190 188 180 195 177 193 184 184 193 177 195 180 188 190 179 195 178 192 186 182 194 177 194 182 186 191 178 196 179 190 187 181 195 178 192 185 187 187 187 
187 187 187 184 193 177 195 181 187 190 179 196 178 191 186 182 194 177 194 182 186 192 178 195 179 190 188 180 195 177 193 184 184 193 177 195 180 188 190 179 195 178 192 186 182 194 177 194 182 186 191 178 196 179 190 187 181 195 177 193 184 187 187 187 
187 187 187 183 193 177 195 181 187 190 179 196 178 191 186 182 194 177 194 182 186 192 178 195 179 190 188 180 195 177 193 184 184 193 177 195 180 188 190 179 195 178 192 186 182 194 177 194 182 186 191 178 196 179 190 187 181 195 177 193 183 187 187 187 
187 187 188 183 193 177 195 181 187 190 179 196 178 191 186 182 194 177 194 182 186 192 178 195 179 190 188 180 195 177 193 184 184 193 177 195 180 188 190 179 195 178 192 186 182 194 177 194 182 186 191 178 196 179 190 187 181 195 177 193 183 188 187 187 
187 186 188 182 193 177 195 181 187 190 179 196 178 191 186 182 194 177 194 182 186 192 178 195 179 190 188 180 195 177 193 184 184 193 177 195 180 188 190 179 195 178 192 186 182 194 177 194 182 186 191 178 196 179 190 187 181 195 177 193 182 188 186 187 
187 186 187 183 193 177 195 181 187 190 179 196 178 191 186 182 194 177 194 182 186 192 178 195 179 190 188 180 195 177 193 184 184 193 177 195 180 188 190 179 195 178 192 186 182 194 177 194 182 186 191 178 196 179 190 187 181 195 177 193 183 187 186 187 
187 187 187 183 193 177 195 181 187 190 179 196 178 191 186 182 194 177 194 182 186 192 178 195 179 190 188 180 195 177 193 184 184 193 177 195 180 188 190 179 195 178 192 186 182 194 177 194 182 186 191 178 196 179 190 187 181 195 177 193 183 187 187 187 
187 187 186 183 193 177 195 181 187 190 179 196 178 191 186 182 194 177 194 182 186 192 178 195 179 190 188 180 195 177 193 184 184 193 177 195 180 188 190 179 195 178 192 186 182 194 177 194 182 186 191 178 196 179 190 187 181 195 177 193 183 186 187 187 
187 187 186 184 193 177 195 181 187 190 179 196 178 191 186 182 194 177 194 182 186 192 178 195 179 190 188 180 195 177 193 184 184 193 177 195 180 188 190 179 195 178 192 186 182 194 177 194 182 186 191 178 196 179 190 187 181 195 177 193 184 186 187 187 
187 188 186 184 193 177 195 181 187 190 179 196 178 191 186 182 194 177 194 182 186 192 178 195 179 190 188 180 195 177 193 184 184 193 177 195 180 188 190 179 195 178 192 186 182 194 177 194 182 186 191 178 196 179 190 187 181 195 177 193 184 186 188 187 
187 188 185 184 193 177 195 181 187 190 179 196 178 191 186 182 194 177 194 182 186 192 178 195 179 190 188 180 195 177 193 184 184 193 177 195 180 188 190 179 195 178 192 186 182 194 177 194 182 186 191 178 196 179 190 187 181 195 177 193 184 185 188 187 
186 189 185 184 193 177 195 181 187 190 179 196 178 191 186 182 194 177 194 182 186 192 178 195 179 190 188 180 195 177 193 184 184 193 177 195 180 188 190 179 195 178 192 186 182 194 177 194 182 186 191 178 196 179 190 187 181 195 177 193 184 185 189 186 
187 189 185 184 193 177 195 181 187 190 179 196 178 191 186 182 194 177 194 182 186 192 178 195 179 190 188 180 195 177 193 184 184 193 177 195 180 188 190 179 195 178 192 186 182 194 177 194 182 186 191 178 196 179 190 187 181 195 177 193 184 185 189 187 
186 189 184 184 193 177 195 181 187 190 179 196 178 191 186 182 194 177 194 182 186 192 178 195 179 190 188 180 195 177 193 184 184 193 177 195 180 188 190 179 195 178 192 186 182 194 177 194 182 186 191 178 196 179 190 187 181 195 177 193 184 184 189 186 
186 189 184 184 193 177 195 181 187 190 179 196 178 191 186 182 194 177 194 182 186 192 178 195 179 190 188 180 195 177 193 184 184 193 177 195 180 188 190 179 195 178 192 186 182 194 177 194 182 186 191 178 196 179 190 187 181 195 177 193 184 184 189 186 
187 189 185 184 193 177 195 181 187 190 179 196 178 191 186 182 194 177 194 182 186 192 178 195 179 190 188 180 195 177 193 184 184 193 177 195 180 188 190 179 195 178 192 186 182 194 177 194 182 186 191 178 196 179 190 187 181 195 177 193 184 185 189 187 
186 189 185 184 193 177 195 181 187 190 179 196 178 191 186 182 194 177 194 182 186 192 178 195 179 190 188 180 195 177 193 184 184 193 177 195 180 188 190 179 195 178 192 186 182 194 177 194 182 186 191 178 196 179 190 187 181 195 177 193 184 185 189 186 
187 188 185 184 193 177 195 181 187 190 179 196 178 191 186 182 194 177 194 182 186 192 178 195 179 190 188 180 195 177 193 184 184 193 177 195 180 188 190 179 195 178 192 186 182 194 177 194 182 186 191 178 196 179 190 187 181 195 177 193 184 185 188 187 
187 188 186 184 193 177 195 181 187 190 179 196 178 191 186 182 194 177 194 182 186 192 178 195 179 190 188 180 195 177 193 184 184 193 177 195 180 188 190 179 195 178 192 186 182 194 177 194 182 186 191 178 196 179 190 187 181 195 177 193 184 186 188 187 
187 187 186 184 193 177 195 181 187 190 179 196 178 191 186 182 194 177 194 182 186 192 178 195 179 190 188 180 195 177 193 184 184 193 177 195 180 188 190 179 195 178 192 186 182 194 177 194 182 186 191 178 196 179 190 187 181 195 177 193 184 186 187 187 
187 187 186 183 193 177 195 181 187 190 179 196 178 191 186 182 194 177 194 182 186 192 178 195 179 190 188 180 195 177 193 184 184 193 177 195 180 188 190 179 195 178 192 186 182 194 177 194 182 186 191 178 196 179 190 187 181 195 177 193 183 186 187 187 
187 187 187 183 193 177 195 181 187 190 179 196 178 191 186 182 194 177 194 182 186 192 178 195 179 190 188 180 195 177 193 184 184 193 177 195 180 188 190 179 195 178 192 186 182 194 177 194 182 186 191 178 196 179 190 187 181 195 177 193 183 187 187 187 
187 186 187 183 193 177 195 181 187 190 179 196 178 191 186 182 194 177 194 182 186 192 178 195 179 190 188 180 195 177 193 184 184 193 177 195 180 188 190 179 195 178 192 186 182 194 177 194 182 186 191 178 196 179 190 187 181 195 177 193 183 187 186 187 
187 186 188 182 193 177 195 181 187 190 179 196 178 191 186 182 194 177 194 182 186 192 178 195 179 190 188 180 195 177 193 184 184 193 177 195 180 188 190 179 195 178 192 186 182 194 177 194 182 186 191 178 196 179 190 187 181 195 177 193 182 188 186 187 
187 187 188 183 193 177 195 181 187 190 179 196 178 191 186 182 194 177 194 182 186 192 178 195 179 190 188 180 195 177 193 184 184 193 177 195 180 188 190 179 195 178 192 186 182 194 177 194 182 186 191 178 196 179 190 187 181 195 177 193 183 188 187 187 
187 187 187 183 193 177 195 181 187 190 179 196 178 191 186 182 194 177 194 182 186 192 178 195 179 190 188 180 195 177 193 184 184 193 177 195 180 188 190 179 195 178 192 186 182 194 177 194 182 186 191 178 196 179 190 187 181 195 177 193 183 187 187 187 
187 187 187 184 193 177 195 181 187 190 179 196 178 191 186 182 194 177 194 182 186 192 178 195 179 190 188 180 195 177 193 184 184 193 177 195 180 188 190 179 195 178 192 186 182 194 177 194 182 186 191 178 196 179 190 187 181 195 177 193 184 187 187 187 
187 187 187 185 192 178 195 181 187 190 179 196 178 191 186 182 194 177 194 182 186 192 178 195 179 190 188 180 195 177 193 184 184 193 177 195 180 188 190 179 195 178 192 186 182 194 177 194 182 186 191 178 196 179 190 187 181 195 178 192 185 187 187 187 
187 187 187 186 190 179 195 181 187 190 179 196 178 191 186 182 194 177 194 182 186 192 178 195 179 190 188 180 195 177 193 184 184 193 177 195 180 188 190 179 195 178 192 186 182 194 177 194 182 186 191 178 196 179 190 187 181 195 179 190 186 187 187 187 
187 187 187 187 188 182 194 181 187 190 179 196 178 191 186 182 194 177 194 182 186 192 178 195 179 190 188 180 195 177 193 184 184 193 177 195 180 188 190 179 195 178 192 186 182 194 177 194 182 186 191 178 196 179 190 187 181 194 182 188 187 187 187 187 
187 187 187 187 187 184 192 181 187 190 179 196 178 191 186 182 194 177 194 182 186 192 178 195 179 190 188 180 195 177 193 184 184 193 177 195 180 188 190 179 195 178 192 186 182 194 177 194 182 186 191 178 196 179 190 187 181 192 184 187 187 187 187 187 
187 187 187 187 187 186 189 183 187 190 179 196 178 191 186 182 194 177 194 182 186 192 178 195 179 190 188 180 195 177 193 184 184 193 177 195 180 188 190 179 195 178 192 186 182 194 177 194 182 186 191 178 196 179 190 187 183 189 186 187 187 187 187 187 
187 187 187 187 187 187 187 185 186 190 179 196 178 191 186 182 194 177 194 182 186 192 178 195 179 190 188 180 195 177 193 184 184 193 177 195 180 188 190 179 195 178 192 186 182 194 177 194 182 186 191 178 196 179 190 186 185 187 187 187 187 187 187 187 
187 187 187 187 187 187 187 187 186 190 179 196 178 191 186 182 194 177 194 182 186 192 178 195 179 190 188 180 195 177 193 184 184 193 177 195 180 188 190 179 195 178 192 186 182 194 177 194 182 186 191 178 196 179 190 186 187 187 187 187 187 187 187 187 
187 187 187 187 187 187 187 187 186 190 179 196 178 191 186 182 194 177 194 182 186 192 178 195 179 190 188 180 195 177 193 184 184 193 177 195 180 188 190 179 195 178 192 186 182 194 177 194 182 186 191 178 196 179 190 186 187 187 187 187 187 187 187 187 
187 187 187 187 187 187 187 187 186 189 180 195 178 191 186 182 194 177 194 182 186 192 178 195 179 190 188 180 195 177 193 184 184 193 177 195 180 188 190 179 195 178 192 186 182 194 177 194 182 186 191 178 195 180 189 186 187 187 187 187 187 187 187 187 
187 187 187 187 187 187 187 187 187 187 184 193 179 191 186 182 194 177 194 182 186 192 178 195 179 190 188 180 195 177 193 184 184 193 177 195 180 188 190 179 195 178 192 186 182 194 177 194 182 186 191 179 193 184 187 187 187 187 187 187 187 187 187 187 
187 187 187 187 187 187 187 187 187 187 186 189 182 190 186 182 194 177 194 182 186 192 178 195 179 190 188 180 195 177 193 184 184 193 177 195 180 188 190 179 195 178 192 186 182 194 177 194 182 186 190 182 189 186 187 187 187 187 187 187 187 187 187 187 
187 187 187 187 187 187 187 187 187 187 187 187 186 188 187 182 194 177 194 182 186 192 178 195 179 190 188 180 195 177 193 184 184 193 177 195 180 188 190 179 195 178 192 186 182 194 177 194 182 187 188 186 187 187 187 187 187 187 187 187 187 187 187 187 
187 187 187 187 187 187 187 187 187 187 187 187 187 187 188 183 194 177 194 182 186 192 178 195 179 190 188 180 195 177 193 184 184 193 177 195 180 188 190 179 195 178 192 186 182 194 177 194 183 188 187 187 187 187 187 187 187 187 187 187 187 187 187 187 
187 187 187 187 187 187 187 187 187 187 187 187 187 187 187 185 191 179 193 182 186 192 178 195 179 190 188 180 195 177 193 184 184 193 177 195 180 188 190 179 195 178 192 186 182 193 179 191 185 187 187 187 187 187 187 187 187 187 187 187 187 187 187 187 
187 187 187 187 187 187 187 187 187 187 187 187 187 187 187 186 188 184 190 184 185 192 178 195 179 190 188 180 195 177 193 184 184 193 177 195 180 188 190 179 195 178 192 185 184 190 184 188 186 187 187 187 187 187 187 187 187 187 187 187 187 187 187 187 
187 187 187 187 187 187 187 187 187 187 187 187 187 187 187 187 187 187 187 186 185 191 179 195 179 189 188 180 195 177 193 184 184 193 177 195 180 188 189 179 195 179 191 185 186 187 187 187 187 187 187 187 187 187 187 187 187 187 187 187 187 187 187 187 
187 187 187 187 187 187 187 187 187 187 187 187 187 187 187 187 187 187 187 187 186 188 184 191 182 189 188 181 195 178 193 184 184 193 178 195 181 188 189 182 191 184 188 186 187 187 187 187 187 187 187 187 187 187 187 187 187 187 187 187 187 187 187 187 
187 187 187 187 187 187 187 187 187 187 187 187 187 187 187 187 187 187 187 187 187 187 186 187 186 187 187 184 191 182 190 185 185 190 182 191 184 187 187 186 187 186 187 187 187 187 187 187 187 187 187 187 187 187 187 187 187 187 187 187 187 187 187 187 
187 187 187 187 187 187 187 187 187 187 187 187 187 187 187 187 187 187 187 187 187 187 187 187 187 187 187 186 187 186 187 187 187 187 186 187 186 187 187 187 187 187 187 187 187 187 187 187 187 187 187 187 187 187 187 187 187 187 187 187 187 187 187 187 
