187 187 187 187 187 187 187 187 187 187 187 187 187 187 187 187 187 187 187 187 187 187 187 187 187 187 187 186 187 187 187 187 186 186 187 188 186 187 187 187 187 187 187 187 187 187 187 187 187 187 187 187 187 187 187 187 187 187 187 187 187 187 187 187 
187 187 187 187 187 187 187 187 187 187 187 187 187 187 187 187 187 187 187 187 187 187 186 187 189 182 189 180 193 178 188 187 186 197 176 188 184 187 186 185 187 186 187 187 187 187 187 187 187 187 187 187 187 187 187 187 187 187 187 187 187 187 187 187 
187 187 187 187 187 187 187 187 187 187 187 187 187 187 187 187 187 187 187 187 186 188 189 183 187 187 196 185 187 191 185 193 172 190 184 197 184 187 189 189 188 186 186 187 187 187 187 187 187 187 187 187 187 187 187 187 187 187 187 187 187 187 187 187 
187 187 187 187 187 187 187 187 187 187 187 187 187 187 187 187 187 187 187 189 182 189 174 196 183 184 178 187 188 184 179 185 186 191 179 181 187 186 186 177 187 186 187 185 183 188 187 187 187 187 187 187 187 187 187 187 187 187 187 187 187 187 187 187 
187 187 187 187 187 187 187 187 187 187 187 187 187 187 187 187 188 187 188 181 189 194 189 188 186 192 194 181 189 182 199 184 191 182 197 186 191 177 195 190 192 186 184 197 184 189 183 188 187 187 187 187 187 187 187 187 187 187 187 187 187 187 187 187 
187 187 187 187 187 187 187 187 187 187 187 187 187 187 186 187 182 186 187 191 190 174 186 181 187 182 179 194 185 192 174 184 186 181 186 178 193 191 183 184 174 193 179 184 186 185 196 181 188 186 187 187 187 187 187 187 187 187 187 187 187 187 187 187 
187 187 187 187 187 187 187 187 187 187 187 187 187 188 186 189 192 185 188 175 186 192 188 192 186 193 187 183 179 186 190 196 181 198 181 195 176 184 185 192 193 186 190 189 187 180 185 181 197 184 189 186 187 187 187 187 187 187 187 187 187 187 187 187 
187 187 187 187 187 187 187 187 187 187 187 187 189 183 188 182 186 183 193 191 195 175 192 176 191 179 190 190 194 190 181 182 189 178 191 181 196 190 189 183 178 191 180 188 189 190 195 184 183 183 184 188 187 187 187 187 187 187 187 187 187 187 187 187 
187 187 187 187 187 187 187 187 187 187 187 186 187 183 193 183 190 183 181 183 175 197 177 196 183 188 186 178 184 179 192 186 187 190 185 183 185 174 189 182 193 183 187 190 174 191 171 192 184 191 187 184 187 186 187 187 187 187 187 187 187 187 187 187 
187 187 187 187 187 187 187 187 187 186 187 187 189 186 189 183 189 191 182 201 178 198 177 194 180 191 190 187 194 190 183 192 181 192 183 195 188 189 194 179 192 184 187 189 188 194 185 194 183 185 192 182 192 186 187 187 187 187 187 187 187 187 187 187 
187 187 187 187 187 187 187 187 186 188 184 184 189 174 193 179 187 181 187 181 186 182 187 177 197 169 194 176 189 179 185 186 179 193 177 186 184 182 184 181 187 180 189 182 182 186 184 182 184 185 182 187 184 184 187 187 187 187 187 187 187 187 187 187 
187 187 187 187 187 187 187 187 186 191 177 192 185 193 192 180 200 182 188 186 184 193 188 191 187 188 197 173 194 182 190 195 181 197 179 199 177 186 193 181 199 183 191 189 188 188 179 195 188 187 196 179 196 185 186 185 187 187 187 187 187 187 187 187 
187 187 187 187 187 187 187 186 186 189 191 187 188 178 185 190 173 193 182 197 180 191 174 189 184 184 179 199 182 193 179 184 183 186 185 179 197 187 185 186 177 186 183 186 182 193 193 180 186 181 183 188 185 183 195 187 188 187 187 187 187 187 187 187 
187 187 187 187 187 187 188 185 192 178 181 180 188 191 190 179 200 179 185 176 183 190 189 192 181 193 189 172 186 178 194 187 192 180 194 184 181 174 193 184 194 189 181 195 180 185 170 195 187 191 190 184 187 190 172 185 183 189 187 187 187 187 187 187 
187 187 187 187 187 187 187 180 188 193 192 196 183 183 186 190 180 185 198 189 197 180 186 183 193 180 186 199 191 191 184 181 187 188 187 182 200 194 185 189 178 190 186 187 185 194 200 177 191 179 187 191 182 192 189 202 179 187 186 187 187 187 187 187 
187 187 187 187 187 184 184 194 181 187 170 189 176 200 173 188 187 188 176 179 183 185 192 183 180 193 183 181 173 191 179 197 178 186 186 192 171 182 183 191 186 188 179 188 192 167 187 178 199 176 194 175 188 189 171 180 187 191 186 187 187 187 187 187 
187 187 187 187 187 189 195 178 188 193 189 195 185 181 196 187 189 179 199 187 192 188 181 192 194 179 190 190 198 183 192 182 189 195 182 185 197 190 190 183 189 187 193 187 178 201 189 187 185 187 190 190 187 185 191 201 175 192 185 188 187 187 187 187 
187 187 187 187 187 182 178 191 187 178 192 172 197 181 186 174 191 190 175 190 179 189 188 180 179 189 191 177 185 186 186 187 185 173 196 183 186 176 192 183 185 186 174 192 187 183 177 193 181 187 179 185 184 194 179 177 194 182 187 185 187 187 187 187 
187 187 187 186 187 192 193 186 179 195 174 194 182 182 198 190 186 183 185 192 173 202 167 204 187 184 185 184 191 180 189 190 182 205 169 190 185 186 189 179 197 181 198 184 173 198 179 189 185 189 195 182 197 165 198 185 184 188 191 188 187 187 187 187 
187 187 187 189 186 183 171 198 179 193 190 186 192 185 185 174 194 189 186 193 189 184 194 171 187 181 200 178 195 189 182 191 176 185 186 197 182 189 192 182 187 182 182 188 197 184 189 191 185 182 185 182 188 198 184 187 189 190 174 192 183 187 187 187 
187 187 186 184 185 192 190 185 181 189 172 187 184 179 197 186 188 178 188 176 183 187 183 189 197 174 189 176 186 176 190 187 184 200 174 183 183 180 183 185 193 183 195 182 174 189 179 182 189 189 189 187 186 174 183 190 173 196 184 193 184 187 187 187 
187 187 188 187 194 177 186 190 186 192 194 192 185 193 181 182 190 192 184 203 181 195 180 194 172 198 187 191 193 194 182 191 183 183 190 193 189 191 195 180 187 187 179 193 192 193 188 195 184 181 193 178 194 193 194 186 197 179 188 181 193 184 187 187 
187 186 188 183 182 188 191 177 193 177 182 179 191 179 190 189 180 187 184 176 184 187 184 185 191 182 180 189 174 184 191 180 191 182 192 169 194 174 182 193 181 189 183 190 174 186 182 178 191 188 179 193 179 184 178 188 179 186 195 173 191 186 187 187 
187 187 185 183 198 175 196 186 184 190 189 194 176 196 186 182 198 175 195 187 194 178 193 188 185 189 190 181 199 185 184 188 190 185 186 191 184 192 192 179 190 192 183 189 188 188 189 190 185 181 198 181 185 195 180 198 180 194 175 198 187 182 187 187 
187 185 192 189 181 190 179 187 188 193 174 195 185 188 176 193 174 196 186 181 189 189 186 178 190 185 184 197 170 195 183 190 175 191 185 187 189 186 179 199 177 184 186 187 190 180 197 168 203 176 183 186 188 187 184 189 182 188 192 170 192 189 187 187 
187 188 181 177 195 182 195 188 178 185 188 184 178 190 192 183 195 173 185 190 181 182 187 195 185 187 185 174 196 179 181 190 192 188 182 185 180 186 191 172 194 193 185 186 179 187 181 192 178 187 199 181 183 184 181 188 184 188 182 198 186 176 187 187 
187 186 195 192 186 184 182 183 197 189 189 186 203 173 192 176 189 192 192 187 187 200 179 182 187 183 198 188 191 184 200 180 181 185 192 187 200 179 194 190 187 175 187 196 183 201 179 194 186 189 170 191 194 190 192 189 186 191 186 175 187 196 188 187 
187 184 182 176 187 192 186 195 168 186 185 178 178 186 193 188 186 182 170 198 168 187 181 198 184 186 180 176 188 184 171 195 187 193 177 184 175 186 188 172 193 193 185 180 179 181 182 189 178 186 200 179 183 175 187 176 192 176 190 194 187 173 185 187 
187 184 199 188 189 183 179 190 188 201 173 200 192 183 188 177 193 189 197 183 190 199 180 182 189 180 202 184 193 183 197 189 168 200 176 202 187 187 191 189 193 168 194 190 190 197 183 190 194 183 182 181 202 185 193 192 179 201 175 187 180 201 187 187 
187 186 184 179 186 190 185 193 174 183 193 177 185 183 194 185 190 178 182 190 186 171 196 182 195 177 188 176 192 185 175 190 192 185 186 179 182 187 186 178 186 196 183 182 185 179 190 185 180 187 193 189 173 190 177 190 184 184 182 199 180 184 180 188 
186 185 188 187 190 179 191 180 194 190 174 194 187 188 185 185 187 190 187 184 179 204 170 195 177 193 185 190 181 185 195 185 179 192 184 189 189 179 189 189 189 177 188 193 179 196 177 188 193 184 185 181 198 178 191 184 185 191 191 172 196 181 195 184 
188 192 184 186 189 183 191 184 187 183 199 184 185 189 186 188 187 187 185 197 187 181 189 188 183 192 181 192 190 192 179 187 194 176 195 180 194 189 190 183 181 198 177 191 187 188 193 187 184 184 192 188 179 195 184 192 191 177 191 184 196 174 193 186 
185 182 184 183 188 184 192 179 190 183 172 187 184 186 188 186 188 179 192 165 192 181 191 180 195 179 188 181 179 180 193 184 187 188 185 180 186 177 181 192 185 186 186 186 178 182 183 177 196 185 184 189 181 186 171 194 169 199 184 185 185 187 183 185 
188 192 191 186 194 179 185 191 182 199 187 200 176 197 177 186 189 187 191 196 191 186 187 186 181 191 190 191 194 195 179 193 179 190 182 198 186 197 191 184 186 187 184 188 195 188 197 186 191 174 196 177 193 194 189 194 187 188 180 188 190 182 196 187 
187 179 185 182 182 194 187 186 184 182 179 180 188 180 192 191 181 187 178 182 179 189 184 189 192 181 181 185 176 184 185 188 188 190 185 176 186 177 182 189 186 190 187 185 176 182 183 179 190 188 186 190 182 179 181 183 184 185 195 181 191 182 182 186 
187 191 188 186 196 174 188 186 189 189 193 186 194 180 192 166 201 180 192 193 183 195 179 189 178 187 199 175 203 178 195 182 184 183 188 193 189 184 200 174 196 178 184 194 184 200 172 204 174 189 184 181 193 190 190 188 187 192 175 192 182 189 192 187 
187 182 192 182 180 198 182 192 178 190 184 184 189 178 194 191 179 190 178 194 176 193 180 192 192 181 185 187 184 188 181 191 184 196 180 183 188 185 185 185 189 188 191 183 180 188 187 183 187 188 189 188 187 177 192 183 189 180 195 185 190 185 183 187 
187 184 187 183 192 180 179 196 178 194 172 191 183 190 184 177 194 184 184 185 181 192 185 184 183 185 195 171 189 182 185 194 172 194 176 199 172 185 190 181 194 176 187 186 190 182 179 189 189 181 191 174 195 184 183 182 184 195 175 191 178 190 187 187 
187 189 192 182 186 189 190 184 184 193 192 191 188 179 196 184 189 180 198 189 194 182 188 185 197 175 193 186 199 184 188 184 189 193 183 186 194 191 190 182 187 188 191 186 184 197 192 187 184 187 188 191 184 190 189 200 177 191 180 195 184 191 186 187 
187 184 182 187 190 181 186 188 190 177 179 178 189 190 182 186 187 191 172 183 176 193 185 189 178 194 181 183 171 187 186 190 187 179 194 180 181 172 186 189 185 189 177 192 182 178 177 185 192 186 185 183 186 187 176 175 192 184 195 173 194 179 188 187 
187 188 190 183 189 180 196 175 189 193 193 198 179 187 186 188 185 183 196 196 189 191 174 196 180 190 182 197 196 189 185 181 188 188 185 186 198 193 190 180 184 188 186 190 182 201 192 188 184 180 192 184 190 187 195 197 182 182 187 182 197 180 188 187 
187 186 186 188 190 186 186 189 189 179 179 179 190 190 186 187 190 186 185 168 193 176 203 173 196 184 190 179 175 187 188 190 190 180 196 180 183 176 183 196 183 193 180 190 188 171 186 178 198 186 184 191 178 197 163 189 180 197 187 185 184 188 187 187 
187 187 188 182 188 181 190 183 179 197 180 200 173 190 183 186 186 179 194 190 188 184 180 190 185 183 186 188 194 186 181 187 179 195 173 193 186 194 186 179 186 184 189 183 185 192 192 182 187 175 195 178 190 183 191 196 177 188 177 190 187 186 187 187 
187 187 187 187 190 189 184 193 188 188 182 185 192 187 188 187 188 194 180 189 180 196 185 190 185 191 189 187 181 190 188 192 184 188 190 189 187 182 190 190 189 187 185 192 187 187 183 188 192 188 188 186 192 186 187 182 193 187 194 181 189 187 187 187 
187 187 187 186 186 185 188 184 183 181 189 176 192 172 198 175 191 177 184 187 178 187 180 188 187 178 190 174 194 175 188 181 189 184 185 179 189 178 192 174 191 184 184 187 174 194 173 194 172 191 183 186 182 182 185 185 183 184 183 190 186 187 187 187 
187 187 187 187 188 186 183 192 183 198 183 194 189 184 191 180 192 188 190 194 182 199 177 191 185 186 196 184 197 185 189 190 177 197 179 198 188 189 194 181 194 177 191 189 187 198 183 195 185 185 189 181 198 183 196 188 187 190 183 187 187 187 187 187 
187 187 187 187 185 193 179 198 173 189 175 183 182 188 187 189 184 189 174 186 178 185 190 185 191 182 186 179 178 188 175 196 179 194 179 188 175 183 182 186 189 189 187 181 187 173 187 179 192 183 193 183 185 181 180 179 187 186 188 188 187 187 187 187 
187 187 187 187 186 184 189 180 187 194 187 196 185 181 190 176 193 177 201 186 193 186 182 184 188 178 196 184 202 180 191 180 182 191 180 192 193 190 192 178 189 178 188 188 183 200 186 191 182 183 186 183 190 189 190 199 174 195 179 187 187 187 187 187 
187 187 187 187 187 186 190 189 191 177 187 177 192 190 188 190 188 191 177 186 181 190 191 190 184 195 183 185 176 190 187 191 193 179 198 178 187 177 189 191 186 196 179 194 184 180 183 187 192 190 188 190 183 192 177 182 193 186 188 187 187 187 187 187 
187 187 187 187 187 186 189 176 186 189 186 194 176 185 182 189 178 183 189 191 183 189 172 194 179 188 176 195 186 188 182 181 185 187 182 180 193 187 185 181 180 187 183 186 178 194 190 180 185 177 189 182 186 182 190 192 182 184 187 187 187 187 187 187 
187 187 187 187 187 187 187 190 189 188 183 190 188 195 185 182 198 184 193 177 196 183 200 177 191 188 196 180 189 187 192 191 187 184 194 192 184 185 191 191 189 189 183 193 193 181 187 188 196 184 189 186 188 200 173 194 184 189 187 187 187 187 187 187 
187 187 187 187 187 187 186 186 181 189 181 188 178 182 189 192 178 181 186 183 186 178 186 184 196 175 181 187 183 186 178 187 185 193 178 179 187 187 179 186 181 190 189 180 180 183 193 172 190 181 190 188 178 180 183 191 185 187 187 187 187 187 187 187 
187 187 187 187 187 187 187 187 188 191 184 194 188 192 182 176 196 191 185 196 178 203 176 192 170 197 194 183 193 188 190 191 175 188 185 201 183 186 197 181 194 176 183 194 191 194 178 199 186 182 189 174 202 188 191 185 187 187 187 187 187 187 187 187 
187 187 187 187 187 187 187 187 187 185 189 174 196 168 205 188 184 182 181 188 178 188 183 192 199 173 185 181 188 179 188 184 196 191 186 170 194 177 187 183 190 192 190 185 170 193 180 187 179 196 184 196 178 180 187 187 187 187 187 187 187 187 187 187 
187 187 187 187 187 187 187 187 187 187 188 188 189 186 183 167 197 184 188 192 182 194 180 182 175 186 199 174 198 182 188 188 171 187 179 201 181 187 196 175 193 172 183 190 191 192 177 197 180 181 185 174 193 189 187 187 187 187 187 187 187 187 187 187 
187 187 187 187 187 187 187 187 187 187 186 188 184 187 193 197 182 189 185 189 182 192 184 194 197 181 185 189 183 188 182 196 183 205 173 189 184 190 183 190 192 189 197 182 183 186 193 178 196 186 196 186 189 186 187 187 187 187 187 187 187 187 187 187 
187 187 187 187 187 187 187 187 187 187 187 187 188 186 181 174 193 181 186 185 188 179 191 175 182 184 192 177 191 184 183 185 182 176 189 187 183 183 190 180 184 185 176 189 188 182 183 188 183 181 184 186 187 187 187 187 187 187 187 187 187 187 187 187 
187 187 187 187 187 187 187 187 187 187 187 187 186 187 191 189 188 184 195 185 188 195 178 195 187 188 186 192 189 183 196 181 191 189 189 182 198 183 190 188 188 187 189 193 176 200 184 189 188 189 188 187 187 187 187 187 187 187 187 187 187 187 187 187 
187 187 187 187 187 187 187 187 187 187 187 187 187 187 186 186 185 190 174 192 180 183 189 189 178 195 175 190 175 194 174 192 191 176 194 178 184 183 185 187 180 198 174 188 187 175 189 184 187 186 187 187 187 187 187 187 187 187 187 187 187 187 187 187 
187 187 187 187 187 187 187 187 187 187 187 187 187 187 187 187 187 185 196 179 196 188 183 179 189 179 194 188 192 183 195 181 176 192 180 192 192 188 187 189 185 175 188 189 184 193 188 186 187 187 187 187 187 187 187 187 187 187 187 187 187 187 187 187 
187 187 187 187 187 187 187 187 187 187 187 187 187 187 187 187 187 186 187 186 187 179 198 186 195 184 188 177 189 188 178 196 194 189 188 184 180 188 188 184 190 196 185 186 187 186 186 187 187 187 187 187 187 187 187 187 187 187 187 187 187 187 187 187 
187 187 187 187 187 187 187 187 187 187 187 187 187 187 187 187 187 187 187 187 186 189 180 187 181 185 188 191 183 186 190 183 169 191 179 191 191 183 188 186 186 181 187 187 187 187 187 187 187 187 187 187 187 187 187 187 187 187 187 187 187 187 187 187 
187 187 187 187 187 187 187 187 187 187 187 187 187 187 187 187 187 187 187 187 187 187 187 188 187 187 188 180 194 183 187 190 193 190 186 187 185 186 190 185 188 187 187 187 187 187 187 187 187 187 187 187 187 187 187 187 187 187 187 187 187 187 187 187 
187 187 187 187 187 187 187 187 187 187 187 187 187 187 187 187 187 187 187 187 187 187 187 187 187 187 187 187 187 187 187 186 185 186 187 187 187 187 187 187 187 187 187 187 187 187 187 187 187 187 187 187 187 187 187 187 187 187 187 187 187 187 187 187 
