187 187 187 187 187 187 187 187 187 187 187 187 187 187 187 187 187 187 187 187 187 187 187 187 187 187 187 187 187 187 187 187 187 187 187 187 187 187 187 187 187 187 187 187 187 187 187 187 187 187 187 187 187 187 187 187 187 187 187 187 187 187 187 187 
187 187 187 187 187 187 187 187 187 187 187 187 187 187 187 187 187 187 187 187 187 187 187 187 187 187 187 187 187 187 187 187 187 187 187 187 187 187 187 187 187 187 187 187 187 187 187 187 187 187 187 187 187 187 187 187 187 187 187 187 187 187 187 187 
187 187 187 187 187 187 187 187 187 187 187 187 187 187 187 187 187 187 187 187 187 187 187 187 187 187 187 187 187 187 187 187 187 187 187 187 187 187 187 187 187 187 187 187 187 187 187 187 187 187 187 187 187 187 187 187 187 187 187 187 187 187 187 187 
187 187 187 187 187 187 187 187 187 187 187 187 187 187 187 187 187 187 187 187 187 187 187 187 187 187 187 187 187 187 187 187 187 187 187 187 187 187 187 187 187 187 187 187 187 187 187 187 187 187 187 187 187 187 187 187 187 187 187 187 187 187 187 187 
187 187 187 187 187 187 187 187 187 187 187 187 187 187 187 187 187 187 187 187 187 187 187 187 187 187 187 187 187 187 187 187 187 187 187 187 187 187 187 187 187 187 187 187 187 187 187 187 187 187 187 187 187 187 187 187 187 187 187 187 187 187 187 187 
187 187 187 187 187 187 187 187 187 187 187 187 187 187 187 187 187 187 187 187 187 187 187 187 187 187 187 187 187 187 187 187 187 187 187 187 187 187 187 187 187 187 187 187 187 187 187 187 187 187 187 187 187 187 187 187 187 187 187 187 187 187 187 187 
187 187 187 187 187 187 187 187 187 187 187 187 187 187 187 187 187 187 187 187 187 187 187 187 187 187 187 187 187 187 187 187 187 187 187 187 187 187 187 187 187 187 187 187 187 187 187 187 187 187 187 187 187 187 187 187 187 187 187 187 187 187 187 187 
187 187 187 187 187 187 187 187 187 187 187 187 187 187 187 187 187 187 187 187 187 187 187 187 187 187 187 187 187 187 187 187 187 187 187 187 187 187 187 187 187 187 187 187 187 187 187 187 187 187 187 187 187 187 187 187 187 187 187 187 187 187 187 187 
187 187 187 187 187 187 187 187 187 187 187 187 187 187 187 187 187 187 187 187 187 187 187 187 187 187 187 187 187 187 187 187 187 187 187 187 187 187 187 187 187 187 187 187 187 187 187 187 187 187 187 187 187 187 187 187 187 187 187 187 187 187 187 187 
187 187 187 187 187 187 187 187 187 187 187 187 187 187 187 187 187 187 187 187 187 187 187 187 187 187 187 187 187 187 187 187 187 187 187 187 187 187 187 187 187 187 187 187 187 187 187 187 187 187 187 187 187 187 187 187 187 187 187 187 187 187 187 187 
187 187 187 187 187 187 187 187 187 187 187 187 187 187 187 187 187 187 187 187 187 187 187 187 187 187 187 187 187 187 187 188 188 187 187 194 175 189 187 187 187 187 187 187 187 187 187 187 187 187 187 187 187 187 187 187 187 187 187 187 187 187 187 187 
187 187 187 187 187 187 187 187 187 187 187 187 187 187 187 187 187 187 187 187 187 187 187 181 192 187 187 187 187 187 187 187 187 187 187 197 164 194 187 187 187 187 187 187 187 187 187 187 187 187 187 187 187 187 187 187 187 187 187 187 187 187 187 187 
187 187 187 187 187 187 187 187 187 187 187 187 187 187 187 187 187 187 187 187 187 187 198 159 198 187 187 187 187 187 187 187 187 187 187 196 162 196 187 187 191 180 185 187 187 187 187 187 187 187 187 187 187 187 187 187 187 187 187 187 187 187 187 187 
187 187 187 187 187 187 187 187 187 187 187 187 187 187 187 187 187 187 187 187 187 193 202 155 196 187 187 187 188 189 189 187 187 187 187 200 157 198 187 187 198 158 197 187 187 187 187 187 187 187 187 187 187 187 187 187 187 187 187 187 187 187 187 187 
187 187 187 187 187 187 187 187 187 187 187 187 187 187 187 187 187 187 187 194 198 175 151 191 189 187 187 196 187 181 183 197 189 187 187 197 156 200 188 193 192 159 196 187 187 188 187 187 187 187 187 187 187 187 187 187 187 187 187 187 187 187 187 187 
187 187 187 187 187 187 187 187 187 187 187 187 187 187 187 187 187 194 199 168 154 183 199 190 187 187 195 165 167 183 175 154 198 188 187 192 172 181 203 178 155 198 188 187 187 197 176 187 187 187 187 187 187 187 187 187 187 187 187 187 187 187 187 187 
187 187 187 187 187 187 187 187 187 187 187 187 187 187 187 187 182 160 155 187 199 190 187 187 187 187 194 163 203 190 194 192 159 199 187 187 197 170 154 178 198 189 187 187 187 198 156 194 187 187 187 187 187 187 187 187 187 187 187 187 187 187 187 187 
187 187 187 187 187 187 187 187 187 187 187 187 187 187 186 168 168 194 198 190 187 187 187 187 187 187 196 155 193 193 187 196 166 176 201 195 191 194 195 191 187 187 187 187 187 196 166 194 187 187 187 187 187 187 187 187 187 187 187 187 187 187 187 187 
187 187 187 187 187 187 187 187 187 187 187 187 187 187 172 190 196 188 187 187 187 187 187 187 187 187 189 198 154 182 195 188 197 175 153 164 174 197 189 187 187 187 187 187 187 196 158 198 187 187 187 187 187 187 187 187 187 187 187 187 187 187 187 187 
187 187 187 187 187 187 187 187 187 187 187 187 187 189 158 201 187 187 187 187 187 187 187 187 187 187 187 189 199 164 179 195 187 193 198 197 184 155 199 187 187 187 187 187 187 196 159 193 194 187 187 187 187 187 187 187 187 187 187 187 187 187 187 187 
187 187 187 187 187 187 187 187 187 187 187 187 187 196 158 200 187 187 187 187 187 187 187 187 187 187 187 187 188 199 164 181 191 187 187 187 194 182 170 193 187 187 187 187 187 188 197 155 175 200 190 187 187 187 187 187 187 187 187 187 187 187 187 187 
187 187 187 187 187 187 187 187 187 187 187 187 187 195 158 199 190 189 189 189 187 187 187 187 187 187 187 187 187 188 201 152 198 187 187 187 187 200 154 199 187 187 187 187 187 187 189 199 175 153 180 183 187 187 187 187 187 187 187 187 187 187 187 187 
187 187 187 187 187 187 187 187 187 187 187 187 189 198 196 173 186 181 181 181 196 189 187 187 187 187 187 187 187 187 196 166 195 187 187 187 187 193 169 188 188 187 187 187 187 187 187 187 193 197 181 186 187 187 187 187 187 187 187 187 187 187 187 187 
187 187 187 187 187 187 187 187 187 187 187 190 182 162 167 158 193 183 182 180 155 198 188 187 187 187 187 187 187 187 198 157 198 187 187 187 187 189 187 175 191 187 187 187 187 187 187 187 187 187 189 189 187 187 187 187 187 187 187 187 187 187 187 187 
187 187 187 187 187 187 187 187 187 187 187 165 175 196 202 197 158 201 190 194 187 162 198 187 187 187 187 187 187 188 201 156 197 187 187 187 188 198 189 169 191 187 187 187 187 187 187 187 187 187 187 187 187 187 187 187 187 187 187 187 187 187 187 187 
187 187 187 187 187 187 187 187 187 187 187 199 192 188 187 194 176 178 191 187 196 169 174 199 190 189 189 189 193 201 165 182 190 187 187 189 198 159 160 197 191 196 198 197 192 188 187 187 187 187 187 187 187 187 187 187 187 187 187 187 187 187 187 187 
187 187 187 187 187 187 187 187 187 187 188 188 187 187 187 187 200 155 196 187 187 197 174 158 183 181 181 182 170 152 181 195 187 187 187 197 154 192 197 192 191 154 159 156 170 194 191 187 187 187 187 187 187 187 187 187 187 187 187 187 187 187 187 187 
187 187 187 187 187 187 187 187 187 187 187 187 187 187 187 187 199 158 198 187 187 187 194 192 181 181 181 181 188 199 191 187 187 187 189 183 175 194 188 200 151 203 200 199 193 154 195 187 187 187 187 187 187 187 187 187 187 187 187 187 187 187 187 187 
187 187 187 187 187 187 187 187 187 187 187 187 187 187 187 187 199 158 198 187 187 187 187 194 199 198 197 196 192 188 187 187 187 187 189 182 183 198 201 175 177 192 187 191 203 154 197 187 187 187 187 187 187 187 187 187 187 187 187 187 187 187 187 187 
187 187 187 187 187 187 187 187 187 187 187 187 187 187 187 187 200 155 196 187 187 188 198 169 155 162 164 164 179 196 189 187 187 187 187 196 149 167 154 170 197 187 190 191 150 191 190 187 187 187 187 187 187 187 187 187 187 187 187 187 187 187 187 187 
187 187 187 187 187 187 187 187 187 187 187 187 187 187 188 198 176 177 191 187 188 199 164 179 203 196 196 196 181 155 197 187 187 187 187 190 197 196 197 194 187 188 199 150 201 191 187 187 187 187 187 187 187 187 187 187 187 187 187 187 187 187 187 187 
187 187 187 187 187 187 187 187 187 187 187 187 187 193 198 160 166 197 187 187 198 164 179 195 187 187 187 188 193 187 169 191 187 187 187 187 187 187 187 187 187 198 158 191 191 187 187 187 187 187 187 187 187 187 187 187 187 187 187 187 187 187 187 187 
187 187 187 187 187 187 187 187 187 187 187 187 196 176 153 192 196 187 187 194 169 179 195 187 187 187 187 187 187 197 165 194 187 187 187 187 187 187 187 187 193 181 169 195 187 187 187 187 187 187 187 187 187 192 187 187 187 187 187 187 187 187 187 187 
187 187 187 187 187 187 187 187 187 187 191 192 181 165 201 190 187 187 187 199 154 200 187 187 187 187 187 187 187 196 162 196 187 187 187 187 187 187 187 193 193 154 199 187 187 187 187 187 187 187 187 187 198 175 186 187 187 187 187 187 187 187 187 187 
187 187 187 187 187 187 187 187 187 186 196 199 151 201 187 187 187 187 190 183 176 191 189 195 196 190 187 187 187 199 155 200 187 187 187 187 187 187 195 182 154 198 189 187 187 187 187 187 187 187 187 195 169 176 187 187 187 187 187 187 187 187 187 187 
187 187 187 187 187 187 187 187 187 187 195 184 175 192 187 187 187 187 198 155 198 192 192 154 159 182 196 187 187 194 162 194 189 187 187 187 187 193 182 165 199 189 187 187 187 187 187 187 187 187 193 192 158 197 187 187 187 187 187 187 187 187 187 187 
187 187 187 187 187 187 187 187 187 187 190 181 183 190 187 187 187 188 194 160 196 197 153 203 201 165 175 192 187 188 194 154 200 188 187 188 195 193 154 199 188 187 187 187 187 187 187 187 187 195 182 154 198 188 187 187 187 187 187 187 187 187 187 187 
187 187 187 187 187 187 187 187 187 187 188 188 170 192 187 187 187 194 167 189 191 184 177 192 188 203 156 197 187 187 193 179 162 200 201 194 167 155 198 189 188 188 187 187 187 187 187 187 195 179 164 199 189 187 187 187 187 187 187 187 187 187 187 187 
187 187 187 187 187 187 187 187 187 187 187 198 156 199 187 187 188 198 153 199 189 184 176 192 187 200 158 198 187 187 187 195 186 155 157 163 189 198 189 195 183 188 198 189 187 187 187 193 179 164 199 188 187 187 187 187 187 187 187 187 187 187 187 187 
187 187 187 187 187 187 187 187 187 187 187 194 160 192 192 187 196 167 186 190 187 198 153 203 193 199 157 195 187 187 187 187 190 196 197 194 189 187 190 182 168 169 156 198 191 187 189 195 154 200 188 187 187 187 187 187 187 187 187 187 187 187 187 187 
187 187 187 187 187 187 187 187 187 187 187 188 197 154 193 202 193 158 198 187 187 193 180 153 183 155 191 189 187 187 187 187 187 187 187 187 187 187 195 162 198 196 193 151 192 201 202 153 194 189 187 187 187 187 187 187 187 187 187 187 187 187 187 187 
187 187 187 187 187 187 187 187 187 187 187 187 189 198 157 155 158 197 188 187 187 187 193 197 181 193 191 187 187 187 187 187 187 187 187 187 187 187 199 156 200 187 190 198 159 158 154 191 192 187 187 187 187 187 187 187 187 187 187 187 187 187 187 187 
187 187 187 187 187 187 187 187 187 187 187 187 187 189 201 203 202 190 187 187 187 187 187 187 189 188 187 187 187 188 189 188 187 187 187 187 187 187 198 159 196 187 187 188 195 198 196 190 189 195 197 189 187 187 187 187 187 187 187 187 187 187 187 187 
187 187 187 187 187 187 187 187 187 187 187 187 187 194 169 165 165 193 200 196 189 187 187 187 187 187 187 187 196 193 181 187 196 187 187 187 187 189 189 169 192 187 187 187 187 187 187 191 191 157 167 186 187 187 187 187 187 187 187 187 187 187 187 187 
187 187 187 187 187 187 187 187 187 187 187 187 187 181 186 198 194 163 156 158 186 198 188 187 187 187 187 196 168 160 184 162 175 197 188 187 188 200 160 194 188 187 187 187 187 187 188 194 155 198 189 187 187 187 187 187 187 187 187 187 187 187 187 187 
187 187 187 187 187 187 187 187 187 187 187 187 187 187 188 187 189 194 199 198 168 156 198 187 187 187 188 193 160 201 190 199 165 166 194 197 197 168 167 196 187 187 187 187 187 187 192 168 190 189 187 187 187 187 187 187 187 187 187 187 187 187 187 187 
187 187 187 187 187 187 187 187 187 187 187 187 187 187 187 187 187 187 187 188 196 181 177 190 187 187 189 181 183 190 187 188 196 188 165 164 163 185 197 187 187 187 187 187 187 187 193 165 191 187 187 187 187 187 187 187 187 187 187 187 187 187 187 187 
187 187 187 187 187 187 187 187 187 187 187 187 187 187 187 187 187 187 187 187 189 191 169 191 187 188 191 188 175 191 187 187 187 189 192 194 193 189 187 187 191 197 197 193 187 187 191 184 187 187 187 187 187 187 187 187 187 187 187 187 187 187 187 187 
187 187 187 187 187 187 187 187 187 187 187 187 187 187 187 187 187 187 187 187 195 164 194 194 198 188 183 169 172 191 187 187 187 187 187 187 187 187 187 194 181 155 157 170 196 187 187 187 187 187 187 187 187 187 187 187 187 187 187 187 187 187 187 187 
187 187 187 187 187 187 187 187 187 187 187 187 187 187 187 187 187 187 187 188 198 154 205 180 154 170 182 187 196 187 187 187 187 187 187 187 187 187 188 193 158 203 203 168 185 188 187 187 187 187 187 187 187 187 187 187 187 187 187 187 187 187 187 187 
187 187 187 187 187 187 187 187 187 187 187 187 187 187 187 187 187 187 187 188 173 188 196 157 202 192 189 188 187 187 190 196 198 198 196 191 187 187 195 159 195 189 188 194 181 187 187 187 187 187 187 187 187 187 187 187 187 187 187 187 187 187 187 187 
187 187 187 187 187 187 187 187 187 187 187 187 187 187 187 187 187 187 187 187 186 193 166 194 189 187 187 187 187 188 193 154 158 157 158 177 196 187 197 156 201 187 187 187 187 187 187 187 187 187 187 187 187 187 187 187 187 187 187 187 187 187 187 187 
187 187 187 187 187 187 187 187 187 187 187 187 187 187 187 187 187 187 187 187 187 187 186 189 187 187 187 187 187 197 159 198 199 200 199 176 172 191 196 170 190 187 187 187 187 187 187 187 187 187 187 187 187 187 187 187 187 187 187 187 187 187 187 187 
187 187 187 187 187 187 187 187 187 187 187 187 187 187 187 187 187 187 187 187 187 187 187 187 187 187 187 187 188 194 163 196 187 187 188 195 175 189 187 187 187 187 187 187 187 187 187 187 187 187 187 187 187 187 187 187 187 187 187 187 187 187 187 187 
187 187 187 187 187 187 187 187 187 187 187 187 187 187 187 187 187 187 187 187 187 187 187 187 187 187 187 187 187 186 187 187 187 187 187 187 187 187 187 187 187 187 187 187 187 187 187 187 187 187 187 187 187 187 187 187 187 187 187 187 187 187 187 187 
187 187 187 187 187 187 187 187 187 187 187 187 187 187 187 187 187 187 187 187 187 187 187 187 187 187 187 187 187 187 187 187 187 187 187 187 187 187 187 187 187 187 187 187 187 187 187 187 187 187 187 187 187 187 187 187 187 187 187 187 187 187 187 187 
187 187 187 187 187 187 187 187 187 187 187 187 187 187 187 187 187 187 187 187 187 187 187 187 187 187 187 187 187 187 187 187 187 187 187 187 187 187 187 187 187 187 187 187 187 187 187 187 187 187 187 187 187 187 187 187 187 187 187 187 187 187 187 187 
187 187 187 187 187 187 187 187 187 187 187 187 187 187 187 187 187 187 187 187 187 187 187 187 187 187 187 187 187 187 187 187 187 187 187 187 187 187 187 187 187 187 187 187 187 187 187 187 187 187 187 187 187 187 187 187 187 187 187 187 187 187 187 187 
187 187 187 187 187 187 187 187 187 187 187 187 187 187 187 187 187 187 187 187 187 187 187 187 187 187 187 187 187 187 187 187 187 187 187 187 187 187 187 187 187 187 187 187 187 187 187 187 187 187 187 187 187 187 187 187 187 187 187 187 187 187 187 187 
187 187 187 187 187 187 187 187 187 187 187 187 187 187 187 187 187 187 187 187 187 187 187 187 187 187 187 187 187 187 187 187 187 187 187 187 187 187 187 187 187 187 187 187 187 187 187 187 187 187 187 187 187 187 187 187 187 187 187 187 187 187 187 187 
187 187 187 187 187 187 187 187 187 187 187 187 187 187 187 187 187 187 187 187 187 187 187 187 187 187 187 187 187 187 187 187 187 187 187 187 187 187 187 187 187 187 187 187 187 187 187 187 187 187 187 187 187 187 187 187 187 187 187 187 187 187 187 187 
187 187 187 187 187 187 187 187 187 187 187 187 187 187 187 187 187 187 187 187 187 187 187 187 187 187 187 187 187 187 187 187 187 187 187 187 187 187 187 187 187 187 187 187 187 187 187 187 187 187 187 187 187 187 187 187 187 187 187 187 187 187 187 187 
187 187 187 187 187 187 187 187 187 187 187 187 187 187 187 187 187 187 187 187 187 187 187 187 187 187 187 187 187 187 187 187 187 187 187 187 187 187 187 187 187 187 187 187 187 187 187 187 187 187 187 187 187 187 187 187 187 187 187 187 187 187 187 187 
187 187 187 187 187 187 187 187 187 187 187 187 187 187 187 187 187 187 187 187 187 187 187 187 187 187 187 187 187 187 187 187 187 187 187 187 187 187 187 187 187 187 187 187 187 187 187 187 187 187 187 187 187 187 187 187 187 187 187 187 187 187 187 187 
