187 187 187 187 187 187 187 187 187 187 187 187 187 187 187 187 187 187 187 187 187 187 187 187 187 187 187 187 187 187 187 187 187 187 187 187 187 187 187 187 187 187 187 187 187 187 187 187 187 187 187 187 187 187 187 187 187 187 187 187 187 187 187 187 
187 187 187 187 187 187 187 187 187 187 187 187 187 187 187 187 187 187 187 187 187 187 187 187 187 187 187 187 187 187 187 187 187 187 187 187 187 187 187 187 187 187 187 187 187 187 187 187 187 187 187 187 187 187 187 187 187 187 187 187 187 187 187 187 
187 187 187 187 187 187 187 187 187 187 187 187 187 187 187 187 187 187 187 187 187 187 187 187 187 187 187 187 187 187 187 187 187 187 187 187 187 187 187 187 187 187 187 187 187 187 187 187 187 187 187 187 187 187 187 187 187 187 187 187 187 187 187 187 
187 187 187 187 187 187 187 187 187 187 187 187 187 187 187 187 187 187 187 187 187 187 187 187 187 187 187 187 187 187 187 187 187 187 187 187 187 187 187 187 187 187 187 187 187 187 187 187 187 187 187 187 187 187 187 187 187 187 187 187 187 187 187 187 
187 187 187 187 187 187 187 187 187 187 187 187 187 187 187 187 187 187 187 187 187 187 187 187 187 187 187 187 187 187 187 187 187 187 187 187 187 187 187 187 187 187 187 187 187 187 187 187 187 187 187 187 187 187 187 187 187 187 187 187 187 187 187 187 
187 187 187 187 187 187 187 187 187 187 187 187 187 187 187 187 187 187 187 187 187 187 187 187 187 187 187 187 187 187 187 187 187 187 187 187 187 187 187 187 187 187 187 187 187 187 187 187 187 187 187 187 187 187 187 187 187 187 187 187 187 187 187 187 
187 187 187 187 187 187 187 187 187 187 187 187 187 187 187 187 187 187 187 187 187 187 187 187 187 187 187 187 187 187 187 187 187 187 187 187 187 187 187 187 187 187 187 187 187 187 187 187 187 187 187 187 187 187 187 187 187 187 187 187 187 187 187 187 
187 187 187 187 187 187 187 187 187 187 187 187 187 187 187 187 187 187 187 187 187 187 187 187 187 187 187 187 187 187 187 187 187 187 187 187 187 187 187 187 187 187 187 187 187 187 187 187 187 187 187 187 187 187 187 187 187 187 187 187 187 187 187 187 
187 187 187 187 187 187 187 187 187 187 187 187 187 187 187 187 187 187 187 187 187 187 187 187 187 187 187 187 187 187 187 187 187 187 187 187 187 187 187 187 187 187 187 187 187 187 187 187 187 187 187 187 187 187 187 187 187 187 187 187 187 187 187 187 
187 187 187 187 187 187 187 187 187 187 187 187 187 187 187 187 187 187 187 187 187 187 187 187 187 187 187 187 187 187 187 187 187 187 187 187 187 187 187 187 187 187 187 187 187 187 187 187 187 187 187 187 187 187 187 187 187 187 187 187 187 187 187 187 
187 187 187 187 187 187 187 187 187 187 187 187 187 187 187 187 187 187 187 187 187 187 187 187 187 187 187 187 187 187 187 187 187 187 187 187 187 187 187 187 187 187 187 187 187 187 187 187 187 187 187 187 187 187 187 187 187 187 187 187 187 187 187 187 
187 187 187 187 187 187 187 187 187 187 187 187 187 187 187 187 187 187 187 187 187 187 187 187 187 187 187 187 187 187 187 187 187 187 187 187 187 187 187 187 187 187 187 187 187 187 187 187 187 187 187 187 187 187 187 187 187 187 187 187 187 187 187 187 
187 187 187 187 187 187 187 187 187 187 187 187 187 187 187 187 187 187 187 187 187 187 187 187 187 187 187 187 187 187 187 187 188 187 187 187 187 187 187 187 187 187 187 187 187 187 187 187 187 187 187 187 187 187 187 187 187 187 187 187 187 187 187 187 
187 187 187 187 187 187 187 187 187 187 187 187 187 187 187 187 187 187 187 187 187 187 187 187 187 187 187 188 188 188 190 191 192 192 190 187 187 187 187 187 187 187 187 187 187 187 187 187 187 187 187 187 187 187 187 187 187 187 187 187 187 187 187 187 
187 187 187 187 187 187 187 187 187 187 187 187 187 187 187 187 187 187 187 187 187 187 187 187 186 189 191 181 179 182 168 167 168 169 170 192 188 187 187 187 187 187 187 187 187 187 187 187 187 187 187 187 187 187 187 187 187 187 187 187 187 187 187 187 
187 187 187 187 187 187 187 187 187 187 187 187 187 187 187 187 187 187 187 187 188 189 188 187 189 183 164 193 196 186 204 199 195 197 199 160 189 189 187 187 187 187 187 187 187 187 187 187 187 187 187 187 187 187 187 187 187 187 187 187 187 187 187 187 
187 187 187 187 187 187 187 187 188 189 190 189 187 187 187 187 187 187 188 191 176 171 179 192 193 164 213 178 180 182 179 179 190 183 183 207 161 191 188 187 187 187 187 187 187 187 187 187 187 187 187 187 187 187 187 187 187 187 187 187 187 187 187 187 
187 187 187 187 187 187 187 189 188 168 165 173 191 188 187 187 187 188 192 160 198 204 192 167 145 202 180 184 188 193 180 187 187 184 182 190 199 168 191 189 187 187 187 187 187 187 187 187 187 187 187 187 187 187 187 187 187 187 187 187 187 187 187 187 
187 187 187 187 187 187 188 185 172 205 208 200 166 188 189 187 189 193 160 205 177 176 185 198 204 185 189 181 190 195 183 187 184 190 187 181 183 202 163 187 189 187 187 187 187 187 187 187 187 187 187 187 187 187 187 187 187 187 187 187 187 187 187 187 
187 187 187 187 187 187 191 169 203 174 182 178 201 174 183 193 176 172 174 202 190 189 191 185 179 187 189 183 185 181 179 177 189 188 184 178 181 175 215 164 189 188 187 187 187 187 187 187 187 187 187 187 187 187 187 187 187 187 187 187 187 187 187 187 
187 187 187 187 187 188 185 182 188 188 190 191 181 193 183 157 189 203 193 170 182 188 189 183 186 184 186 187 184 197 178 181 192 184 188 185 197 175 179 209 169 190 187 187 187 187 187 187 187 187 187 187 187 187 187 187 187 187 187 187 187 187 187 187 
187 187 187 187 187 188 174 200 182 182 182 179 204 149 209 197 196 173 183 187 190 187 182 168 197 188 185 184 185 196 171 180 196 184 187 187 192 174 191 173 202 174 189 187 187 187 187 187 187 187 187 187 187 187 187 187 187 187 187 187 187 187 187 187 
187 187 187 187 187 188 177 197 178 189 193 181 195 162 180 185 178 191 190 182 188 192 188 176 193 189 184 185 188 197 173 177 196 186 184 187 191 184 186 185 187 185 185 188 187 187 187 187 187 187 187 187 187 187 187 187 187 187 187 187 187 187 187 187 
187 187 187 187 187 188 188 177 195 179 176 189 190 185 187 189 187 185 184 191 183 194 178 181 184 195 187 189 184 198 174 178 197 186 186 189 194 168 189 191 178 200 174 189 187 187 187 187 187 187 187 187 187 187 187 187 187 187 187 187 187 187 187 187 
187 187 187 187 187 187 191 169 203 167 197 187 192 178 192 185 186 189 188 189 186 198 169 195 181 193 184 185 186 199 174 177 196 185 185 190 194 179 189 187 186 182 191 184 187 187 187 187 187 187 187 187 187 187 187 187 187 187 187 187 187 187 187 187 
187 187 187 187 187 187 189 172 203 187 189 195 192 172 189 179 191 188 184 187 186 193 177 190 173 189 189 189 179 193 177 187 195 184 182 182 193 180 188 189 188 179 198 178 189 187 187 187 187 187 187 187 187 187 187 187 187 187 187 187 187 187 187 187 
187 187 187 187 187 187 188 187 175 191 170 180 169 200 183 186 184 186 187 185 185 188 187 181 194 180 191 184 184 189 190 171 193 180 192 184 188 177 189 186 187 187 188 183 192 190 188 187 187 187 187 187 187 187 187 187 187 187 187 187 187 187 187 187 
187 187 187 187 187 187 187 189 176 191 200 195 178 199 182 193 182 190 189 186 186 186 198 176 192 173 195 185 194 185 199 171 193 179 206 182 186 192 188 187 186 186 185 187 162 171 190 189 187 187 187 187 187 187 187 187 187 187 187 187 187 187 187 187 
187 187 187 187 187 187 187 187 190 182 177 184 186 179 191 175 184 182 191 189 183 193 195 174 189 175 198 182 179 178 194 184 189 178 188 181 181 190 185 187 188 187 188 180 207 200 168 181 191 187 187 187 187 187 187 187 187 187 187 187 187 187 187 187 
187 187 187 187 187 187 187 187 187 188 188 187 188 185 185 198 189 169 197 180 186 179 187 190 188 184 190 182 192 190 184 188 182 185 196 184 182 192 188 190 185 187 190 173 190 181 201 182 171 192 188 187 187 187 187 187 187 187 187 187 187 187 187 187 
187 187 187 187 187 187 187 187 187 187 187 185 186 189 183 182 196 165 198 183 185 191 187 193 177 185 190 186 187 184 183 196 178 183 202 171 185 190 187 180 191 187 181 187 183 190 182 191 195 163 187 191 188 187 187 187 187 187 187 187 187 187 187 187 
187 187 187 187 187 187 187 187 187 188 185 190 189 186 188 189 186 188 184 187 188 184 184 190 183 190 184 189 180 199 178 193 181 178 200 166 189 187 182 192 184 186 190 188 175 199 183 183 187 205 175 168 191 190 188 187 187 187 187 187 187 187 187 187 
187 187 187 187 187 187 187 187 188 176 194 180 184 187 189 183 179 197 183 191 183 190 190 190 186 187 184 191 182 183 183 191 180 190 201 187 188 188 186 184 187 188 186 190 172 202 182 187 185 181 194 202 167 170 191 190 187 187 187 187 187 187 187 187 
187 187 187 187 187 187 187 188 184 197 175 190 187 186 185 189 187 180 178 193 183 188 181 177 195 184 184 190 188 187 191 174 194 183 181 180 190 187 191 187 188 186 187 186 178 191 185 189 187 187 181 180 198 200 172 168 189 187 187 187 187 187 187 187 
187 187 187 187 187 187 187 188 185 192 172 184 187 187 188 188 186 188 182 193 183 188 184 192 185 181 188 187 184 185 188 189 190 182 191 180 191 183 186 187 187 191 180 194 182 186 186 188 187 187 189 188 183 182 192 209 171 189 187 187 187 187 187 187 
187 187 187 187 187 187 187 187 190 170 202 186 180 188 188 187 187 188 185 187 186 190 190 189 194 182 189 181 195 177 192 181 185 189 187 186 186 189 188 186 187 181 191 181 192 183 191 183 189 188 186 187 186 187 181 198 166 192 187 187 187 187 187 187 
187 187 187 187 187 187 187 187 187 189 177 188 195 186 176 186 187 190 183 184 192 178 179 184 185 184 188 187 180 196 192 187 185 188 190 180 192 179 187 191 184 194 180 188 187 183 187 186 187 184 189 185 187 188 183 192 175 190 188 187 187 187 187 187 
187 187 187 187 187 187 187 187 187 187 188 186 178 191 202 184 176 184 183 189 182 193 193 194 185 185 187 188 187 180 180 188 185 187 188 180 195 183 189 182 185 183 190 187 187 186 189 186 187 186 187 188 189 187 189 185 191 182 188 187 187 187 187 187 
187 187 187 187 187 187 187 187 187 187 187 187 189 175 174 186 206 188 181 187 190 184 170 191 185 187 189 186 188 188 186 187 187 187 189 185 189 186 188 185 189 185 185 187 184 187 186 187 187 188 184 187 185 183 188 182 195 177 188 187 187 187 187 187 
187 187 187 187 187 187 187 187 187 187 187 187 187 189 189 184 152 209 178 184 188 188 187 188 188 184 188 184 188 187 186 187 187 186 185 182 185 186 187 189 188 189 185 189 189 188 186 188 185 186 187 188 187 186 189 181 199 176 189 187 187 187 187 187 
187 187 187 187 187 187 187 187 187 187 187 187 187 187 187 189 189 163 209 181 183 187 190 180 190 187 188 189 187 184 188 187 186 181 185 185 187 190 184 185 183 187 190 187 185 186 187 188 188 187 188 184 187 188 186 185 197 176 189 187 187 187 187 187 
187 187 187 187 187 187 187 187 187 187 187 187 187 187 187 187 190 186 166 203 196 188 189 175 180 179 182 184 186 186 181 181 193 185 192 200 193 183 184 188 187 183 184 187 186 186 186 184 189 187 185 186 188 186 186 185 195 177 188 187 187 187 187 187 
187 187 187 187 187 187 187 187 187 187 187 187 187 187 187 187 187 189 189 173 173 177 183 192 201 204 199 194 192 193 201 195 181 186 183 172 175 187 195 194 187 188 189 183 187 188 189 187 185 188 188 188 185 187 187 185 191 182 188 187 187 187 187 187 
187 187 187 187 187 187 187 187 187 187 187 187 187 187 187 187 187 187 188 189 190 190 189 183 174 171 170 176 177 176 174 180 188 187 188 189 190 186 178 174 185 194 190 188 186 185 186 186 188 185 186 188 187 186 188 185 192 184 187 187 187 187 187 187 
187 187 187 187 187 187 187 187 187 187 187 187 187 187 187 187 187 187 187 187 187 187 187 188 188 189 189 189 189 189 188 187 187 187 187 187 187 187 188 190 187 177 180 191 194 187 183 186 189 188 184 186 187 188 186 187 186 187 187 187 187 187 187 187 
187 187 187 187 187 187 187 187 187 187 187 187 187 187 187 187 187 187 187 187 187 187 187 187 187 187 187 187 187 187 187 187 187 187 187 187 187 187 187 187 188 189 189 181 176 192 195 181 186 188 187 187 186 187 187 188 183 188 187 187 187 187 187 187 
187 187 187 187 187 187 187 187 187 187 187 187 187 187 187 187 187 187 187 187 187 187 187 187 187 187 187 187 187 187 187 187 187 187 187 187 187 187 187 187 187 187 187 188 190 180 179 198 185 180 189 189 185 185 188 187 186 187 187 187 187 187 187 187 
187 187 187 187 187 187 187 187 187 187 187 187 187 187 187 187 187 187 187 187 187 187 187 187 187 187 187 187 187 187 187 187 187 187 187 187 187 187 187 187 187 187 187 187 187 189 187 175 192 196 179 184 188 188 190 184 188 187 187 187 187 187 187 187 
187 187 187 187 187 187 187 187 187 187 187 187 187 187 187 187 187 187 187 187 187 187 187 187 187 187 187 187 187 187 187 187 187 187 187 187 187 187 187 187 187 187 187 187 187 187 187 189 181 178 199 188 189 186 184 188 187 187 187 187 187 187 187 187 
187 187 187 187 187 187 187 187 187 187 187 187 187 187 187 187 187 187 187 187 187 187 187 187 187 187 187 187 187 187 187 187 187 187 187 187 187 187 187 187 187 187 187 187 187 187 187 187 188 188 177 184 181 186 188 187 187 187 187 187 187 187 187 187 
187 187 187 187 187 187 187 187 187 187 187 187 187 187 187 187 187 187 187 187 187 187 187 187 187 187 187 187 187 187 187 187 187 187 187 187 187 187 187 187 187 187 187 187 187 187 187 187 187 187 188 188 188 187 187 187 187 187 187 187 187 187 187 187 
187 187 187 187 187 187 187 187 187 187 187 187 187 187 187 187 187 187 187 187 187 187 187 187 187 187 187 187 187 187 187 187 187 187 187 187 187 187 187 187 187 187 187 187 187 187 187 187 187 187 187 187 187 187 187 187 187 187 187 187 187 187 187 187 
187 187 187 187 187 187 187 187 187 187 187 187 187 187 187 187 187 187 187 187 187 187 187 187 187 187 187 187 187 187 187 187 187 187 187 187 187 187 187 187 187 187 187 187 187 187 187 187 187 187 187 187 187 187 187 187 187 187 187 187 187 187 187 187 
187 187 187 187 187 187 187 187 187 187 187 187 187 187 187 187 187 187 187 187 187 187 187 187 187 187 187 187 187 187 187 187 187 187 187 187 187 187 187 187 187 187 187 187 187 187 187 187 187 187 187 187 187 187 187 187 187 187 187 187 187 187 187 187 
187 187 187 187 187 187 187 187 187 187 187 187 187 187 187 187 187 187 187 187 187 187 187 187 187 187 187 187 187 187 187 187 187 187 187 187 187 187 187 187 187 187 187 187 187 187 187 187 187 187 187 187 187 187 187 187 187 187 187 187 187 187 187 187 
187 187 187 187 187 187 187 187 187 187 187 187 187 187 187 187 187 187 187 187 187 187 187 187 187 187 187 187 187 187 187 187 187 187 187 187 187 187 187 187 187 187 187 187 187 187 187 187 187 187 187 187 187 187 187 187 187 187 187 187 187 187 187 187 
187 187 187 187 187 187 187 187 187 187 187 187 187 187 187 187 187 187 187 187 187 187 187 187 187 187 187 187 187 187 187 187 187 187 187 187 187 187 187 187 187 187 187 187 187 187 187 187 187 187 187 187 187 187 187 187 187 187 187 187 187 187 187 187 
187 187 187 187 187 187 187 187 187 187 187 187 187 187 187 187 187 187 187 187 187 187 187 187 187 187 187 187 187 187 187 187 187 187 187 187 187 187 187 187 187 187 187 187 187 187 187 187 187 187 187 187 187 187 187 187 187 187 187 187 187 187 187 187 
187 187 187 187 187 187 187 187 187 187 187 187 187 187 187 187 187 187 187 187 187 187 187 187 187 187 187 187 187 187 187 187 187 187 187 187 187 187 187 187 187 187 187 187 187 187 187 187 187 187 187 187 187 187 187 187 187 187 187 187 187 187 187 187 
187 187 187 187 187 187 187 187 187 187 187 187 187 187 187 187 187 187 187 187 187 187 187 187 187 187 187 187 187 187 187 187 187 187 187 187 187 187 187 187 187 187 187 187 187 187 187 187 187 187 187 187 187 187 187 187 187 187 187 187 187 187 187 187 
187 187 187 187 187 187 187 187 187 187 187 187 187 187 187 187 187 187 187 187 187 187 187 187 187 187 187 187 187 187 187 187 187 187 187 187 187 187 187 187 187 187 187 187 187 187 187 187 187 187 187 187 187 187 187 187 187 187 187 187 187 187 187 187 
187 187 187 187 187 187 187 187 187 187 187 187 187 187 187 187 187 187 187 187 187 187 187 187 187 187 187 187 187 187 187 187 187 187 187 187 187 187 187 187 187 187 187 187 187 187 187 187 187 187 187 187 187 187 187 187 187 187 187 187 187 187 187 187 
187 187 187 187 187 187 187 187 187 187 187 187 187 187 187 187 187 187 187 187 187 187 187 187 187 187 187 187 187 187 187 187 187 187 187 187 187 187 187 187 187 187 187 187 187 187 187 187 187 187 187 187 187 187 187 187 187 187 187 187 187 187 187 187 
187 187 187 187 187 187 187 187 187 187 187 187 187 187 187 187 187 187 187 187 187 187 187 187 187 187 187 187 187 187 187 187 187 187 187 187 187 187 187 187 187 187 187 187 187 187 187 187 187 187 187 187 187 187 187 187 187 187 187 187 187 187 187 187 
