187 187 187 187 187 187 187 187 187 187 187 187 187 187 187 187 187 187 187 187 187 187 187 187 187 187 187 187 187 187 187 187 187 187 187 187 187 187 187 187 187 187 187 187 187 187 187 187 187 187 187 187 187 187 187 187 187 187 187 187 187 187 187 187 
187 187 187 187 187 187 187 187 187 187 187 187 187 187 187 187 187 187 187 187 187 187 187 187 187 187 187 187 187 187 187 187 187 187 187 187 187 187 187 187 187 187 187 187 187 187 187 187 187 187 187 187 187 187 187 187 187 187 187 187 187 187 187 187 
187 187 187 187 187 187 187 187 187 187 187 187 187 187 187 187 187 187 187 187 187 187 187 187 187 187 187 187 187 187 187 187 187 187 187 187 187 187 187 187 187 187 187 187 187 187 187 187 187 187 187 187 187 187 187 187 187 187 187 187 187 187 187 187 
187 187 187 187 187 187 187 187 187 187 187 187 187 187 187 187 187 187 187 187 187 187 187 187 187 187 187 187 187 187 187 187 187 187 187 187 187 187 187 187 187 187 187 187 187 187 187 187 187 187 187 187 187 187 187 187 187 187 187 187 187 187 187 187 
187 187 187 187 187 187 187 187 187 187 187 187 187 187 187 187 187 187 187 187 187 187 187 187 187 187 187 187 187 187 187 187 187 187 187 187 187 187 187 187 187 187 187 187 187 187 187 187 187 187 187 187 187 187 187 187 187 187 187 187 187 187 187 187 
187 187 187 187 187 187 187 187 187 187 187 187 187 187 187 187 187 187 187 187 187 187 187 187 187 187 187 186 186 186 186 186 186 186 186 187 187 187 187 187 187 187 187 187 187 187 187 187 187 187 187 187 187 187 187 187 187 187 187 187 187 187 187 187 
187 187 187 187 187 187 187 187 187 187 187 187 187 187 187 187 187 187 187 187 187 187 187 186 186 186 187 187 187 187 186 186 186 186 187 187 187 187 186 186 186 187 187 187 187 187 187 187 187 187 187 187 187 187 187 187 187 187 187 187 187 187 187 187 
187 187 187 187 187 187 187 187 187 187 187 187 187 187 187 187 187 187 187 187 186 186 186 187 187 186 186 189 191 193 194 193 193 193 192 190 184 183 184 185 187 187 186 187 187 187 187 187 187 187 187 187 187 187 187 187 187 187 187 187 187 187 187 187 
187 187 187 187 187 187 187 187 187 187 187 187 187 187 187 187 187 187 187 187 186 187 186 186 190 193 190 184 179 179 179 183 179 179 177 182 190 186 196 195 188 183 186 187 186 187 187 187 187 187 187 187 187 187 187 187 187 187 187 187 187 187 187 187 
187 187 187 187 187 187 187 187 187 187 187 187 187 187 187 187 187 186 186 187 186 188 193 188 182 180 185 187 189 188 187 187 188 187 188 189 184 186 181 178 183 195 194 181 186 187 186 187 187 187 187 187 187 187 187 187 187 187 187 187 187 187 187 187 
187 187 187 187 187 187 187 187 187 187 187 187 187 187 187 187 186 187 187 187 192 185 180 184 188 187 186 188 188 187 187 190 186 188 188 187 187 186 187 187 186 181 178 192 192 180 187 186 187 187 187 187 187 187 187 187 187 187 187 187 187 187 187 187 
187 187 187 187 187 187 187 187 187 187 187 187 187 187 187 186 187 186 190 190 180 186 188 187 187 185 188 186 188 185 186 188 186 185 187 188 185 187 191 187 187 186 191 181 184 201 179 187 186 187 187 187 187 187 187 187 187 187 187 187 187 187 187 187 
187 187 187 187 187 187 187 187 187 187 187 187 187 187 186 187 185 191 186 182 188 185 187 190 187 186 188 182 193 184 188 189 185 187 188 185 186 184 189 186 186 188 189 184 185 177 199 180 186 186 187 187 187 187 187 187 187 187 187 187 187 187 187 187 
187 187 187 187 187 187 187 187 187 187 187 187 187 186 187 185 192 184 182 188 190 186 187 183 192 181 189 185 190 182 187 189 182 185 188 184 192 184 188 186 186 189 185 188 186 188 173 200 181 187 186 188 187 187 187 187 187 187 187 187 187 187 187 187 
187 187 187 187 187 187 187 187 187 187 187 187 186 187 186 191 185 184 188 187 186 192 184 188 186 189 184 188 189 185 183 189 187 183 193 182 182 191 181 192 182 188 186 187 186 189 187 175 202 175 188 186 188 187 187 187 187 187 187 187 187 187 187 187 
187 187 187 187 187 187 187 187 187 187 187 187 186 187 189 186 184 186 188 185 186 186 186 182 182 195 185 181 187 192 186 189 189 184 192 188 185 195 181 183 194 183 189 186 191 187 187 188 171 205 178 187 187 187 187 187 187 187 187 187 187 187 187 187 
187 187 187 187 187 187 187 187 187 187 187 186 187 187 192 180 189 186 185 192 183 188 190 188 189 186 191 183 179 192 181 190 186 178 194 179 188 188 187 189 188 187 182 188 186 186 188 185 188 180 191 185 185 188 187 187 187 187 187 187 187 187 187 187 
187 187 187 187 187 187 187 187 187 187 187 186 187 192 179 187 188 190 184 186 188 185 183 194 179 180 195 182 183 197 173 193 187 174 194 178 190 188 180 194 186 185 182 194 184 187 186 186 186 179 194 177 188 186 187 187 187 187 187 187 187 187 187 187 
187 187 187 187 187 187 187 187 187 187 186 187 187 189 183 188 185 187 192 185 187 192 177 189 188 179 193 190 175 202 180 192 190 190 191 180 192 180 190 187 177 188 196 184 181 184 187 193 185 190 171 206 177 186 188 187 187 187 187 187 187 187 187 187 
187 187 187 187 187 187 187 187 187 186 186 186 192 179 191 186 186 183 187 188 180 189 190 187 195 186 181 196 159 197 171 190 179 174 192 188 189 179 197 179 179 194 190 187 186 189 189 186 188 184 185 187 182 187 186 188 187 187 187 187 187 187 187 187 
187 187 187 187 187 187 187 187 187 186 187 189 185 187 186 188 190 187 184 189 193 179 189 190 172 198 181 194 177 197 187 189 192 190 178 194 191 186 195 181 190 189 180 180 190 187 183 188 186 188 185 176 201 175 186 188 187 187 187 187 187 187 187 187 
187 187 187 187 187 187 187 187 186 187 186 192 182 186 187 187 184 191 186 181 189 191 177 188 188 171 209 163 200 179 200 183 175 194 177 191 169 193 167 197 191 181 177 194 187 181 189 184 191 189 185 187 181 187 187 186 187 187 187 187 187 187 187 187 
187 187 187 187 187 187 187 187 186 187 190 180 188 188 186 187 187 185 192 191 174 183 193 183 193 180 165 191 182 180 186 179 182 192 184 191 178 186 184 195 177 186 201 184 189 187 186 187 185 186 185 186 172 205 178 186 188 187 187 187 187 187 187 187 
187 187 187 187 187 187 187 187 186 185 191 183 186 185 187 187 186 185 178 191 196 181 187 199 162 183 190 185 188 183 195 162 188 201 180 186 196 187 190 171 191 198 177 176 190 188 187 186 189 187 191 187 186 183 182 187 187 187 187 187 187 187 187 187 
187 187 187 187 187 187 187 186 187 189 183 189 188 187 184 188 187 193 191 178 172 196 189 152 193 190 188 169 190 185 188 175 180 189 179 179 179 193 182 198 179 172 191 190 186 187 182 183 185 191 186 187 186 175 195 186 186 187 187 187 187 187 187 187 
187 187 187 187 187 187 187 186 185 194 179 183 185 186 187 191 187 180 188 191 201 177 165 205 192 185 189 191 178 191 199 177 188 193 190 196 189 173 184 199 180 186 194 186 185 187 189 192 188 184 184 188 186 177 199 182 186 188 187 187 187 187 187 187 
187 187 187 187 187 187 187 187 186 186 189 186 185 184 187 182 189 190 193 178 168 202 196 172 182 184 180 186 187 176 197 185 189 188 190 195 163 199 185 174 192 191 183 184 193 194 185 187 185 189 184 188 185 180 197 179 187 188 187 187 187 187 187 187 
187 187 187 187 187 187 186 187 192 179 187 192 193 190 185 184 179 178 175 201 193 168 166 203 177 179 202 182 187 188 186 189 183 186 185 187 194 172 194 195 174 179 199 185 183 177 180 185 186 187 194 190 186 189 186 183 188 187 187 187 187 187 187 187 
187 187 187 187 187 187 186 185 195 179 186 185 182 184 186 192 200 195 197 158 170 201 194 185 178 194 179 182 189 185 187 187 186 188 186 189 186 184 178 189 191 178 176 167 190 189 188 194 188 182 184 187 187 187 180 189 187 187 187 187 187 187 187 187 
187 187 187 187 187 187 187 183 194 183 183 187 185 184 183 183 178 179 178 204 198 184 167 193 185 184 174 188 190 189 185 185 186 187 185 186 186 191 180 185 189 193 203 196 185 187 181 185 189 185 185 184 190 184 180 192 186 187 187 187 187 187 187 187 
187 187 187 187 187 187 187 183 189 185 191 192 192 190 195 189 190 177 186 160 165 181 189 189 183 184 190 187 187 187 186 186 188 187 186 187 190 191 187 185 182 168 169 177 191 177 181 183 190 189 185 191 184 189 178 195 185 186 187 187 187 187 187 187 
187 187 187 187 187 187 187 182 190 187 182 185 185 180 182 176 179 195 179 186 208 193 181 190 189 186 193 189 185 186 186 188 187 187 187 186 188 188 170 193 182 196 199 192 194 193 194 190 188 184 186 186 190 186 180 196 184 186 187 187 187 187 187 187 
187 187 187 187 187 187 187 182 189 186 186 187 186 183 189 185 182 189 176 187 181 183 187 188 191 193 184 189 186 186 186 185 186 185 185 185 186 194 189 196 183 179 188 169 182 175 174 181 189 182 190 182 185 186 179 195 183 186 187 187 187 187 187 187 
187 187 187 187 187 187 186 182 191 183 187 187 186 188 191 193 193 193 185 184 183 178 174 187 178 180 179 189 186 185 187 188 187 189 186 188 193 194 182 185 177 178 188 190 200 200 196 192 190 185 181 192 185 182 180 194 183 186 187 187 187 187 187 187 
187 187 187 187 187 187 187 182 193 185 186 189 188 188 183 186 177 188 172 186 186 183 197 192 185 188 180 197 186 187 188 186 190 187 185 187 188 169 170 185 197 191 182 165 184 177 180 184 184 189 188 189 196 190 178 200 183 186 187 187 187 187 187 187 
187 187 187 187 187 187 186 184 195 179 189 186 185 185 185 190 191 188 189 188 202 184 180 181 183 195 180 183 194 184 187 183 183 186 185 187 187 192 179 185 186 183 191 198 198 186 185 186 187 188 185 183 186 183 177 195 185 186 187 187 187 187 187 187 
187 187 187 187 187 187 186 186 192 181 189 186 187 186 186 181 179 188 188 190 181 174 188 198 180 183 192 168 192 193 183 188 183 187 184 189 194 180 180 187 198 181 183 176 182 192 190 191 190 185 183 185 188 190 173 195 185 186 187 187 187 187 187 187 
187 187 187 187 187 187 187 187 188 184 186 187 188 188 191 185 191 184 189 176 189 199 184 178 180 195 179 190 179 189 194 193 193 193 189 196 186 174 192 196 180 179 193 196 184 177 188 181 186 187 192 191 188 186 178 193 186 186 187 187 187 187 187 187 
187 187 187 187 187 187 187 187 186 189 184 185 186 186 190 189 182 193 184 195 188 180 173 199 187 182 198 180 185 184 178 167 179 182 183 190 198 184 183 175 191 183 175 186 190 192 186 184 189 185 184 186 188 190 178 188 187 187 187 187 187 187 187 187 
187 187 187 187 187 187 187 187 187 190 184 189 187 186 184 188 187 184 190 180 179 186 199 192 176 191 183 192 185 189 191 183 181 191 185 180 179 189 188 184 184 190 197 184 180 183 188 195 182 188 185 187 183 186 188 182 187 187 187 187 187 187 187 187 
187 187 187 187 187 187 187 186 187 186 188 184 186 185 186 187 191 183 184 190 195 188 178 181 194 168 189 182 188 178 195 192 188 184 192 185 187 190 191 180 194 184 171 196 194 183 184 183 190 186 187 186 192 183 195 181 187 188 187 187 187 187 187 187 
187 187 187 187 187 187 187 187 187 186 191 183 185 189 191 187 181 186 184 191 184 176 185 197 179 194 189 182 191 183 184 185 183 187 183 185 193 186 182 200 174 181 194 177 180 190 187 186 187 189 187 187 184 180 195 183 186 187 187 187 187 187 187 187 
187 187 187 187 187 187 187 187 187 187 187 187 187 187 187 184 186 190 192 183 185 192 191 183 185 196 178 197 187 192 181 191 182 196 187 183 187 180 185 169 203 180 179 194 187 189 185 188 184 184 187 186 188 179 192 186 186 187 187 187 187 187 187 187 
187 187 187 187 187 187 187 187 187 187 187 191 182 186 184 187 189 188 183 184 188 188 184 179 194 181 169 194 174 191 183 192 168 201 186 176 187 190 185 185 180 203 184 180 187 184 185 192 186 188 186 185 186 190 184 187 187 187 187 187 187 187 187 187 
187 187 187 187 187 187 187 187 187 187 187 187 189 183 188 193 185 185 186 190 190 184 182 186 193 188 191 191 182 196 182 195 177 195 172 198 182 199 180 194 181 172 198 190 190 189 185 189 186 192 187 186 183 193 184 186 187 187 187 187 187 187 187 187 
187 187 187 187 187 187 187 187 187 187 187 187 188 186 188 184 184 186 185 189 185 191 188 191 185 179 193 185 181 193 179 194 176 196 180 193 177 192 180 182 198 182 177 192 187 182 185 186 184 184 184 190 184 188 187 186 187 187 187 187 187 187 187 187 
187 187 187 187 187 187 187 187 187 187 187 187 186 191 181 189 188 186 190 184 186 183 189 183 187 183 190 179 186 189 179 189 181 193 185 189 181 186 186 181 189 188 184 177 192 188 185 188 188 189 187 184 190 184 187 187 187 187 187 187 187 187 187 187 
187 187 187 187 187 187 187 187 187 187 187 187 187 187 189 181 186 190 189 183 190 185 189 188 186 188 188 189 190 187 187 192 180 192 182 184 192 186 193 184 186 192 188 191 185 191 187 185 187 185 188 183 189 187 186 187 187 187 187 187 187 187 187 187 
187 187 187 187 187 187 187 187 187 187 187 187 187 187 188 190 183 188 184 187 182 190 187 184 184 193 183 182 191 185 186 188 185 189 187 183 189 183 193 184 189 185 186 188 181 184 188 189 188 187 182 191 185 187 187 187 187 187 187 187 187 187 187 187 
187 187 187 187 187 187 187 187 187 187 187 187 187 187 187 188 188 187 186 189 186 190 186 189 183 189 188 184 190 184 186 187 185 188 186 186 188 184 185 186 184 185 188 188 188 185 186 189 187 183 189 186 187 187 187 187 187 187 187 187 187 187 187 187 
187 187 187 187 187 187 187 187 187 187 187 187 187 186 187 186 189 185 183 185 190 189 185 186 187 188 190 187 184 190 189 185 188 191 183 186 193 183 189 190 185 190 184 192 186 187 186 187 184 184 189 187 187 187 187 187 187 187 187 187 187 187 187 187 
187 187 187 187 187 187 187 187 187 187 187 187 187 187 187 187 187 190 187 182 188 184 186 185 189 186 183 190 183 188 188 183 188 186 186 189 186 186 186 188 184 186 186 184 190 188 187 179 188 191 186 187 187 187 187 187 187 187 187 187 187 187 187 187 
187 187 187 187 187 187 187 187 187 187 187 187 187 187 187 187 187 187 188 191 179 189 188 188 191 186 183 193 185 186 192 182 188 188 187 182 185 187 185 187 190 189 186 188 187 188 179 193 188 185 187 186 187 187 187 187 187 187 187 187 187 187 187 187 
187 187 187 187 187 187 187 187 187 187 187 187 187 187 187 187 187 187 187 187 192 181 184 186 186 186 184 189 186 184 187 187 183 186 187 189 188 190 185 185 189 186 187 187 183 181 195 185 186 187 186 187 187 187 187 187 187 187 187 187 187 187 187 187 
187 187 187 187 187 187 187 187 187 187 187 187 187 187 187 187 187 186 186 187 186 190 189 186 182 185 184 189 186 189 186 187 186 185 191 183 188 186 189 185 187 183 181 184 191 189 185 187 187 187 187 187 187 187 187 187 187 187 187 187 187 187 187 187 
187 187 187 187 187 187 187 187 187 187 187 187 187 187 187 187 187 187 187 187 187 187 187 188 192 190 185 186 183 185 185 186 186 186 186 187 182 183 184 188 184 190 191 188 186 187 187 187 187 187 187 187 187 187 187 187 187 187 187 187 187 187 187 187 
187 187 187 187 187 187 187 187 187 187 187 187 187 187 187 187 187 187 187 187 187 187 187 187 186 186 187 188 190 190 189 188 188 189 189 187 191 190 190 187 187 186 187 187 187 186 187 187 187 187 187 187 187 187 187 187 187 187 187 187 187 187 187 187 
187 187 187 187 187 187 187 187 187 187 187 187 187 187 187 187 187 187 187 187 187 187 187 187 187 187 187 187 186 186 186 186 186 185 185 186 186 186 186 187 187 187 186 186 187 187 187 187 187 187 187 187 187 187 187 187 187 187 187 187 187 187 187 187 
187 187 187 187 187 187 187 187 187 187 187 187 187 187 187 187 187 187 187 187 187 187 187 187 187 187 187 187 187 187 187 187 187 187 187 187 187 187 187 187 187 187 187 187 187 187 187 187 187 187 187 187 187 187 187 187 187 187 187 187 187 187 187 187 
187 187 187 187 187 187 187 187 187 187 187 187 187 187 187 187 187 187 187 187 187 187 187 187 187 187 187 187 187 187 187 187 187 187 187 187 187 187 187 187 187 187 187 187 187 187 187 187 187 187 187 187 187 187 187 187 187 187 187 187 187 187 187 187 
187 187 187 187 187 187 187 187 187 187 187 187 187 187 187 187 187 187 187 187 187 187 187 187 187 187 187 187 187 187 187 187 187 187 187 187 187 187 187 187 187 187 187 187 187 187 187 187 187 187 187 187 187 187 187 187 187 187 187 187 187 187 187 187 
187 187 187 187 187 187 187 187 187 187 187 187 187 187 187 187 187 187 187 187 187 187 187 187 187 187 187 187 187 187 187 187 187 187 187 187 187 187 187 187 187 187 187 187 187 187 187 187 187 187 187 187 187 187 187 187 187 187 187 187 187 187 187 187 
187 187 187 187 187 187 187 187 187 187 187 187 187 187 187 187 187 187 187 187 187 187 187 187 187 187 187 187 187 187 187 187 187 187 187 187 187 187 187 187 187 187 187 187 187 187 187 187 187 187 187 187 187 187 187 187 187 187 187 187 187 187 187 187 
187 187 187 187 187 187 187 187 187 187 187 187 187 187 187 187 187 187 187 187 187 187 187 187 187 187 187 187 187 187 187 187 187 187 187 187 187 187 187 187 187 187 187 187 187 187 187 187 187 187 187 187 187 187 187 187 187 187 187 187 187 187 187 187 
