187 187 187 187 187 187 187 187 187 187 187 187 187 187 187 187 187 187 187 187 187 187 187 187 187 187 187 187 187 187 187 187 187 187 187 187 187 187 187 187 187 187 187 187 187 187 187 187 187 187 187 187 187 187 187 187 187 187 187 187 187 187 187 187 
187 187 187 187 187 187 187 187 187 187 187 187 187 187 187 187 187 187 187 187 187 187 187 187 187 187 187 186 187 186 187 186 186 187 186 187 186 187 187 187 187 187 187 187 187 187 187 187 187 187 187 187 187 187 187 187 187 187 187 187 187 187 187 187 
187 187 187 187 187 187 187 187 187 187 187 187 187 187 187 187 187 187 187 187 187 187 186 188 186 187 187 186 188 186 188 187 187 188 186 188 186 187 187 186 188 186 187 187 187 187 187 187 187 187 187 187 187 187 187 187 187 187 187 187 187 187 187 187 
187 187 187 187 187 187 187 187 187 187 187 187 187 187 187 187 187 187 187 187 187 188 186 188 186 187 187 186 188 186 188 186 186 188 186 188 186 187 187 186 188 186 188 187 187 187 187 187 187 187 187 187 187 187 187 187 187 187 187 187 187 187 187 187 
187 187 187 187 187 187 187 187 187 187 187 187 187 187 187 187 187 186 187 186 186 187 185 187 185 186 186 185 187 185 187 186 185 187 185 187 185 186 186 185 187 185 186 186 186 187 186 187 187 187 187 187 187 187 187 187 187 187 187 187 187 187 187 187 
187 187 187 187 187 187 187 187 187 187 187 187 187 187 187 187 188 187 189 188 188 189 187 189 187 188 188 187 189 187 189 188 188 189 187 189 187 188 189 187 189 187 189 188 187 189 187 188 187 187 187 187 187 187 187 187 187 187 187 187 187 187 187 187 
187 187 187 187 187 187 187 187 187 187 187 187 187 187 187 185 187 184 187 185 185 186 184 187 185 186 186 185 187 184 186 185 185 186 184 187 185 186 186 184 187 184 186 185 185 187 184 187 185 187 187 187 187 187 187 187 187 187 187 187 187 187 187 187 
187 187 187 187 187 187 187 187 187 187 187 187 187 187 188 187 189 187 189 188 188 189 187 189 187 188 188 187 189 187 189 188 188 189 187 189 187 188 188 187 189 187 189 188 187 189 187 189 187 188 188 187 187 187 187 187 187 187 187 187 187 187 187 187 
187 187 187 187 187 187 187 187 187 187 187 187 186 187 186 185 187 185 187 185 186 187 185 187 185 186 186 185 187 185 187 186 186 187 185 187 185 186 187 185 187 185 187 186 185 187 185 187 185 186 187 186 187 187 187 187 187 187 187 187 187 187 187 187 
187 187 187 187 187 187 187 187 187 187 186 187 186 187 187 186 188 185 188 186 186 188 185 188 186 187 187 185 188 185 188 186 186 188 185 188 186 187 187 186 188 186 187 186 186 188 185 188 186 187 187 186 187 186 187 187 187 187 187 187 187 187 187 187 
187 187 187 187 187 187 187 187 187 187 187 189 187 188 188 187 189 186 189 187 188 188 186 189 187 188 188 187 189 186 189 187 187 189 186 189 187 188 188 187 189 187 188 188 187 189 186 189 187 188 188 187 189 187 187 187 187 187 187 187 187 187 187 187 
187 187 187 187 187 187 187 187 186 187 185 187 185 186 186 185 187 184 187 185 186 186 184 187 185 186 186 185 187 184 187 185 185 187 184 187 185 186 186 185 187 184 186 186 185 187 184 187 185 186 186 184 187 185 186 186 187 187 187 187 187 187 187 187 
187 187 187 187 187 187 187 187 187 188 187 189 187 189 188 187 189 187 189 188 188 189 187 189 187 188 188 187 189 187 189 188 188 189 187 189 187 188 188 187 189 187 189 188 187 189 187 189 187 188 189 187 189 187 188 187 187 187 187 187 187 187 187 187 
187 187 187 187 187 187 187 186 186 186 185 187 185 186 186 185 187 184 187 185 186 187 185 187 185 186 186 185 187 185 187 185 185 187 185 187 185 186 186 185 187 185 186 186 185 187 184 187 185 186 187 185 187 185 186 186 186 187 187 187 187 187 187 187 
187 187 187 187 187 187 187 187 187 188 186 188 186 188 187 186 188 186 188 187 187 188 186 188 186 188 188 186 188 186 188 187 187 188 186 188 186 187 188 186 188 186 188 187 187 188 186 188 186 187 188 186 188 186 188 187 186 187 187 187 187 187 187 187 
187 187 187 187 187 187 188 186 187 188 186 188 186 188 187 186 188 186 188 187 187 188 186 188 186 188 187 186 188 186 188 187 187 188 186 188 186 187 188 186 188 186 188 187 186 188 186 188 186 187 188 186 188 186 188 187 186 188 187 187 187 187 187 187 
187 187 187 187 187 186 187 185 186 186 185 187 185 186 186 185 187 185 187 185 186 187 185 187 185 186 186 185 187 185 187 186 185 187 185 187 185 186 187 185 187 185 186 186 185 187 185 187 185 186 187 185 187 185 186 186 185 187 186 187 187 187 187 187 
187 187 187 187 188 187 189 187 188 189 187 189 187 189 188 187 189 187 189 188 188 189 187 189 187 188 188 187 189 187 189 188 188 189 187 189 187 188 188 187 189 187 189 188 187 189 187 189 187 188 189 187 189 187 188 188 187 189 187 188 187 187 187 187 
187 187 187 186 187 184 187 185 186 186 184 187 184 186 186 185 187 184 187 185 185 186 184 187 185 186 186 185 187 184 186 185 185 187 184 187 185 186 186 185 187 184 186 186 185 187 184 187 185 186 186 184 187 185 186 186 185 187 184 187 186 187 187 187 
187 187 187 187 188 186 189 187 188 188 187 189 187 188 188 187 189 186 189 187 187 189 186 189 187 188 188 187 189 186 189 187 187 189 186 189 187 188 188 187 189 187 188 188 187 189 186 189 187 188 188 187 189 187 188 188 187 189 186 188 187 187 187 187 
187 187 187 186 188 185 188 186 186 187 185 188 185 187 186 186 188 185 188 186 186 187 185 188 185 187 187 185 188 185 188 186 186 187 185 188 186 186 187 185 188 185 187 186 186 188 185 188 186 186 187 185 188 185 187 187 185 188 185 188 186 187 187 187 
187 187 187 186 188 185 188 185 186 187 185 188 185 187 186 186 188 185 188 186 186 187 185 188 185 187 187 185 188 185 187 186 186 187 185 188 185 186 187 185 188 185 187 186 186 188 185 188 186 186 187 185 188 185 187 187 185 188 185 187 186 187 187 187 
187 187 187 187 189 186 189 187 188 188 187 189 187 188 188 187 189 186 189 187 188 189 187 189 187 188 188 187 189 187 189 188 187 189 186 189 187 188 188 187 189 187 189 188 187 189 186 189 187 188 189 187 189 187 188 188 187 189 187 189 187 187 187 187 
187 187 186 185 187 184 187 185 186 186 184 187 184 186 186 185 187 184 187 185 185 186 184 187 185 186 186 185 187 184 186 185 185 187 184 187 185 186 186 184 187 184 186 185 185 187 184 187 185 185 186 184 187 184 186 186 185 187 184 186 185 186 187 187 
187 187 188 187 189 187 189 187 188 189 187 189 187 189 188 187 189 187 189 188 188 189 187 189 187 188 188 187 189 187 189 188 188 189 187 189 187 188 188 187 189 187 189 188 187 189 187 189 187 188 189 187 189 187 188 188 187 189 187 189 187 188 187 187 
187 187 186 185 187 185 187 185 186 186 185 187 185 186 186 185 187 185 187 185 186 187 185 187 185 186 186 185 187 185 187 186 185 187 185 187 185 186 186 185 187 185 186 186 185 187 185 187 185 186 187 185 187 185 186 186 185 187 185 187 186 186 187 187 
187 187 187 187 188 186 188 186 187 188 186 188 186 188 187 186 188 186 188 187 187 188 186 188 186 187 187 186 188 186 188 187 187 188 186 188 186 187 188 186 188 186 188 187 186 188 186 188 186 187 188 186 188 186 187 187 186 188 186 188 187 187 187 187 
187 187 187 187 188 186 189 186 187 188 186 189 186 188 187 186 189 186 188 187 187 188 186 188 186 188 188 187 188 186 188 187 187 188 186 189 186 188 188 186 188 186 188 187 187 189 186 188 187 187 188 186 188 186 188 188 186 189 186 188 187 187 187 187 
187 186 186 185 187 184 187 185 186 186 185 187 185 186 186 185 187 184 187 185 186 187 185 187 185 186 186 185 187 185 187 185 185 187 184 187 185 186 186 185 187 185 186 186 185 187 184 187 185 186 187 185 187 185 186 186 185 187 185 187 185 186 187 187 
187 188 188 188 189 187 189 187 188 189 187 189 187 189 188 187 189 187 189 187 188 189 187 189 187 188 188 187 189 187 189 188 187 189 187 189 187 188 189 187 189 187 189 188 187 189 187 189 187 188 189 187 189 187 188 188 187 189 187 189 188 188 188 187 
187 186 186 185 187 184 187 185 186 186 185 187 184 186 186 185 187 184 187 185 185 187 184 187 185 186 186 184 187 184 187 185 185 187 184 187 185 186 186 185 187 185 186 186 185 187 184 187 185 185 186 184 187 185 186 186 185 187 184 187 185 185 187 187 
187 188 187 187 189 186 189 187 188 188 186 189 186 188 188 187 189 186 189 187 187 188 186 189 186 188 188 186 189 186 188 187 187 189 186 189 186 188 188 187 189 186 188 188 187 189 186 189 187 187 188 186 189 187 188 188 186 189 186 188 187 187 188 187 
187 187 186 186 188 185 188 186 187 187 186 188 186 187 187 186 188 185 188 186 187 188 186 188 186 187 187 186 188 186 188 186 186 188 185 188 186 187 187 186 188 186 188 187 186 188 185 188 186 187 188 186 188 186 187 187 186 188 186 188 186 186 187 187 
187 187 186 185 187 185 187 185 186 187 185 187 185 187 186 185 187 185 187 185 186 187 185 187 185 186 186 185 187 185 187 186 185 187 185 187 185 186 187 185 187 185 187 186 185 187 185 187 185 186 187 185 187 185 187 186 185 187 185 187 186 186 187 187 
187 188 188 187 189 187 189 187 188 189 187 189 187 189 188 187 189 187 189 187 188 189 187 189 187 188 188 187 189 187 189 188 187 189 187 189 187 188 188 187 189 187 189 188 187 189 187 189 187 188 189 187 189 187 188 188 187 189 187 189 188 188 188 187 
187 186 185 185 186 184 187 185 185 186 184 187 184 186 186 185 187 184 187 185 185 186 184 187 185 186 186 185 187 184 186 185 185 186 184 187 185 186 186 184 187 184 186 185 185 187 184 187 185 185 186 184 187 184 186 186 185 187 184 186 185 185 186 187 
187 188 188 188 189 187 189 187 188 189 187 189 187 189 188 187 189 187 189 188 188 189 187 189 187 188 188 187 189 187 189 188 188 189 187 189 187 188 188 187 189 187 189 188 187 189 187 189 187 188 189 187 189 187 188 188 187 189 187 189 188 188 188 187 
187 187 186 185 187 185 188 185 186 187 185 187 185 187 186 185 188 185 187 185 186 187 185 187 185 187 187 185 187 185 187 186 186 187 185 188 185 186 187 185 187 185 187 186 185 188 185 187 185 186 187 185 187 185 187 187 185 187 185 187 186 186 187 187 
187 187 187 186 188 185 188 186 187 187 186 188 186 187 187 186 188 185 188 186 187 188 186 188 186 187 187 186 188 186 188 186 186 188 185 188 186 187 187 186 188 186 187 187 186 188 185 188 186 187 188 186 188 186 187 187 186 188 185 188 186 187 187 187 
187 187 187 187 189 186 189 187 188 188 187 189 187 188 188 187 189 186 189 187 187 188 186 189 187 188 188 186 189 186 188 187 187 189 186 189 187 188 188 187 189 186 188 188 187 189 186 189 187 188 188 186 189 187 188 188 186 189 186 189 187 187 187 187 
187 187 187 185 187 184 187 185 186 186 185 187 184 186 186 185 187 184 187 185 185 187 184 187 185 186 186 185 187 184 187 185 185 187 184 187 185 186 186 185 187 185 186 186 185 187 184 187 185 185 186 184 187 185 186 186 185 187 184 187 185 186 187 187 
187 187 187 187 189 187 189 187 188 189 187 190 187 188 188 187 189 187 189 188 188 189 187 189 187 188 188 187 189 187 189 188 188 189 187 189 187 188 188 187 189 187 189 188 187 189 187 189 187 188 189 187 189 187 188 188 187 189 187 189 187 187 187 187 
187 187 187 185 187 184 187 185 186 187 185 187 185 186 186 185 187 184 187 185 186 187 185 187 185 186 186 185 187 185 187 185 185 187 184 187 185 186 186 185 187 185 187 186 185 187 184 187 185 186 187 185 187 185 186 186 185 187 185 187 186 187 187 187 
187 187 187 187 188 186 189 186 187 188 186 188 186 188 187 186 189 186 188 187 187 188 186 188 186 188 188 186 188 186 188 187 187 188 186 189 186 187 188 186 188 186 188 187 186 189 186 188 187 187 188 186 188 186 188 188 186 188 186 188 187 187 187 187 
187 187 187 186 188 186 188 186 187 188 186 188 186 188 187 186 188 186 188 186 187 188 186 188 186 187 187 186 188 186 188 187 186 188 186 188 186 187 188 186 188 186 188 187 186 188 186 188 186 187 188 186 188 186 187 187 186 188 186 188 186 187 187 187 
187 187 187 187 187 185 187 185 186 186 185 187 185 186 186 185 187 185 187 185 186 187 185 187 185 186 186 185 187 185 187 186 185 187 185 187 185 186 186 185 187 185 186 186 185 187 185 187 185 186 186 185 187 185 186 186 185 187 185 187 187 187 187 187 
187 187 187 187 188 187 189 187 188 189 187 189 187 189 188 187 189 187 189 188 188 189 187 189 187 188 188 187 189 187 189 188 188 189 187 189 187 188 188 187 189 187 189 188 187 189 187 189 187 188 189 187 189 187 188 188 187 189 187 187 187 187 187 187 
187 187 187 187 187 186 187 185 186 186 184 187 184 186 186 185 187 184 187 185 185 186 184 187 185 186 186 185 187 184 187 185 185 187 184 187 185 186 186 184 187 184 186 186 185 187 184 187 185 185 186 184 187 185 186 186 185 187 186 187 187 187 187 187 
187 187 187 187 187 187 188 187 188 188 187 189 187 188 188 187 189 186 189 187 188 189 187 189 187 188 188 187 189 187 189 188 187 189 186 189 187 188 188 187 189 187 188 188 187 189 186 189 187 188 189 187 189 187 188 188 187 188 187 187 187 187 187 187 
187 187 187 187 187 187 187 186 186 187 185 188 185 187 186 185 188 185 188 186 186 187 185 188 185 187 187 185 188 185 187 186 186 187 185 188 185 186 187 185 188 185 187 186 186 188 185 188 186 186 187 185 188 185 187 186 186 187 187 187 187 187 187 187 
187 187 187 187 187 187 187 187 187 187 185 188 185 187 186 186 188 185 188 186 186 187 185 188 185 187 187 185 188 185 187 186 186 188 185 188 185 186 187 185 188 185 187 186 186 188 185 188 186 186 187 185 188 185 187 187 187 187 187 187 187 187 187 187 
187 187 187 187 187 187 187 187 187 188 187 189 187 188 188 187 189 186 189 187 188 189 187 189 187 188 188 187 189 187 189 188 187 189 186 189 187 188 188 187 189 187 188 188 187 189 186 189 187 188 189 187 189 187 188 187 187 187 187 187 187 187 187 187 
187 187 187 187 187 187 187 187 186 186 184 187 184 186 186 185 187 184 187 185 185 186 184 187 185 186 186 185 187 184 187 185 185 187 184 187 185 186 186 184 187 184 186 186 185 187 184 187 185 185 186 184 187 185 186 186 187 187 187 187 187 187 187 187 
187 187 187 187 187 187 187 187 187 187 187 189 187 189 188 187 189 187 189 188 188 189 187 189 187 188 188 187 189 187 189 188 188 189 187 189 187 188 188 187 189 187 189 188 187 189 187 189 187 188 189 187 189 187 187 187 187 187 187 187 187 187 187 187 
187 187 187 187 187 187 187 187 187 187 186 187 185 186 186 185 187 185 187 185 186 187 184 187 185 186 186 185 187 185 187 185 185 187 185 187 185 186 186 185 187 185 186 186 185 187 185 187 185 186 186 185 187 186 187 187 187 187 187 187 187 187 187 187 
187 187 187 187 187 187 187 187 187 187 187 187 187 188 187 186 188 186 188 187 187 188 186 188 186 187 187 186 188 186 188 187 186 188 186 188 186 187 188 186 188 186 188 187 186 188 186 188 186 187 188 186 187 187 187 187 187 187 187 187 187 187 187 187 
187 187 187 187 187 187 187 187 187 187 187 187 187 187 187 186 188 186 188 187 187 188 186 188 186 188 188 186 188 186 188 187 187 188 186 188 186 187 188 186 188 186 188 187 186 188 186 188 186 187 187 187 187 187 187 187 187 187 187 187 187 187 187 187 
187 187 187 187 187 187 187 187 187 187 187 187 187 187 187 186 187 184 187 185 186 187 185 187 185 186 186 185 187 185 187 185 185 187 185 187 185 186 186 185 187 185 187 186 185 187 184 187 186 187 187 187 187 187 187 187 187 187 187 187 187 187 187 187 
187 187 187 187 187 187 187 187 187 187 187 187 187 187 187 187 188 187 189 187 188 189 187 189 187 188 188 187 189 187 189 188 188 189 187 189 187 188 188 187 189 187 189 188 187 189 187 188 187 187 187 187 187 187 187 187 187 187 187 187 187 187 187 187 
187 187 187 187 187 187 187 187 187 187 187 187 187 187 187 187 187 186 187 186 185 187 184 187 185 186 186 185 187 184 187 185 185 187 184 187 185 186 186 185 187 185 186 186 185 187 186 187 187 187 187 187 187 187 187 187 187 187 187 187 187 187 187 187 
187 187 187 187 187 187 187 187 187 187 187 187 187 187 187 187 187 187 187 187 187 188 187 189 187 188 188 187 189 187 188 187 187 189 186 189 187 188 188 187 189 187 188 187 187 187 187 187 187 187 187 187 187 187 187 187 187 187 187 187 187 187 187 187 
187 187 187 187 187 187 187 187 187 187 187 187 187 187 187 187 187 187 187 187 186 187 186 187 186 187 187 186 188 186 187 186 186 188 185 188 186 187 187 186 187 186 187 186 187 187 187 187 187 187 187 187 187 187 187 187 187 187 187 187 187 187 187 187 
187 187 187 187 187 187 187 187 187 187 187 187 187 187 187 187 187 187 187 187 187 187 187 187 187 187 187 186 187 186 187 187 186 187 186 187 186 187 187 187 187 187 187 187 187 187 187 187 187 187 187 187 187 187 187 187 187 187 187 187 187 187 187 187 
187 187 187 187 187 187 187 187 187 187 187 187 187 187 187 187 187 187 187 187 187 187 187 187 187 187 187 187 187 187 187 187 187 187 187 187 187 187 187 187 187 187 187 187 187 187 187 187 187 187 187 187 187 187 187 187 187 187 187 187 187 187 187 187 
