187 187 187 187 187 187 187 187 187 187 187 187 187 187 187 187 187 187 187 187 187 187 187 187 187 187 187 187 187 187 187 187 187 187 187 187 187 187 187 187 187 187 187 187 187 187 187 187 187 187 187 187 187 187 187 187 187 187 187 187 187 187 187 187 
187 187 187 187 187 187 187 187 187 187 187 187 187 187 187 187 187 187 187 187 187 187 187 187 187 187 187 187 187 186 187 186 186 187 186 187 187 187 187 187 187 187 187 187 187 187 187 187 187 187 187 187 187 187 187 187 187 187 187 187 187 187 187 187 
187 187 187 187 187 187 187 187 187 187 187 187 187 187 187 187 187 187 187 187 187 187 186 187 187 187 187 187 188 187 188 187 187 188 186 188 187 187 187 187 187 186 187 187 187 187 187 187 187 187 187 187 187 187 187 187 187 187 187 187 187 187 187 187 
187 187 187 187 187 187 187 187 187 187 187 187 187 187 187 187 187 187 187 187 187 187 187 187 186 187 187 186 188 186 187 187 187 187 186 187 186 187 187 186 188 186 187 187 187 187 187 187 187 187 187 187 187 187 187 187 187 187 187 187 187 187 187 187 
187 187 187 187 187 187 187 187 187 187 187 187 187 187 187 187 187 186 187 186 186 187 186 187 186 187 187 186 187 186 187 186 186 187 186 187 186 187 187 186 187 186 187 186 186 187 186 187 187 187 187 187 187 187 187 187 187 187 187 187 187 187 187 187 
187 187 187 187 187 187 187 187 187 187 187 187 187 187 187 187 187 187 188 187 187 188 187 188 187 188 188 187 188 187 188 187 187 188 187 188 187 187 188 187 188 187 188 187 187 188 187 187 187 187 187 187 187 187 187 187 187 187 187 187 187 187 187 187 
187 187 187 187 187 187 187 187 187 187 187 187 187 187 187 186 187 186 187 186 186 186 186 187 186 186 186 186 187 186 186 186 186 187 186 187 186 186 186 186 187 186 186 186 186 187 186 187 186 187 187 187 187 187 187 187 187 187 187 187 187 187 187 187 
187 187 187 187 187 187 187 187 187 187 187 187 187 187 187 187 188 187 188 187 187 188 187 188 187 187 187 187 188 187 188 187 187 188 187 188 187 187 188 187 188 187 188 187 187 188 187 188 187 187 187 187 187 187 187 187 187 187 187 187 187 187 187 187 
187 187 187 187 187 187 187 187 187 187 187 187 187 187 187 186 187 186 187 186 186 187 186 187 186 187 187 186 187 186 187 186 186 187 186 187 186 187 187 186 187 186 187 187 186 187 186 187 186 187 187 187 187 187 187 187 187 187 187 187 187 187 187 187 
187 187 187 187 187 187 187 187 187 187 186 187 186 187 187 186 187 186 187 186 187 187 186 187 186 187 187 186 187 186 187 187 187 187 186 187 186 187 187 186 187 186 187 187 186 187 186 187 186 187 187 186 187 186 187 187 187 187 187 187 187 187 187 187 
187 187 187 187 187 187 187 187 187 187 187 188 187 187 187 187 188 186 188 187 187 188 187 188 187 187 187 187 188 187 188 187 187 188 187 188 187 187 187 187 188 187 187 187 187 188 186 188 187 187 187 187 188 187 187 187 187 187 187 187 187 187 187 187 
187 187 187 187 187 187 187 187 186 187 186 187 186 187 186 186 187 186 187 186 186 187 186 187 186 186 186 186 187 186 187 186 186 187 186 187 186 186 186 186 187 186 187 186 186 187 186 187 186 186 187 186 187 186 187 186 187 187 187 187 187 187 187 187 
187 187 187 187 187 187 187 187 187 188 187 188 187 188 188 187 188 187 188 187 187 188 187 188 187 188 188 187 188 187 188 187 187 188 187 188 187 187 188 187 188 187 188 187 187 188 187 188 187 187 188 187 188 187 188 187 187 187 187 187 187 187 187 187 
187 187 187 187 187 187 187 187 186 187 186 187 186 187 186 186 187 186 187 186 186 187 186 187 186 187 186 186 187 186 187 186 186 187 186 187 186 186 187 186 187 186 187 186 186 187 186 187 186 186 187 186 187 186 187 186 187 187 187 187 187 187 187 187 
187 187 187 187 187 187 187 187 187 187 187 188 186 187 187 187 188 186 187 187 187 187 187 188 187 187 187 187 188 186 187 187 187 187 186 188 187 187 187 187 188 186 187 187 187 188 186 188 187 187 187 186 188 186 187 187 187 187 187 187 187 187 187 187 
187 187 187 187 187 187 187 187 187 187 186 188 186 187 187 187 188 186 187 187 187 187 186 188 186 187 187 187 188 186 187 187 187 187 186 188 187 187 187 186 187 186 187 187 187 187 186 188 187 187 187 186 188 186 187 187 187 187 187 187 187 187 187 187 
187 187 187 187 187 186 187 186 186 187 186 187 186 187 186 186 187 186 187 186 186 187 186 187 186 187 187 186 187 186 187 186 186 187 186 187 186 186 187 186 187 186 187 186 186 187 186 187 186 186 187 186 187 186 187 187 186 187 186 187 187 187 187 187 
187 187 187 187 187 187 188 187 188 188 187 188 187 188 187 187 188 187 188 187 187 188 187 188 187 188 188 187 188 187 188 187 187 188 187 188 187 188 188 187 188 187 188 187 187 188 187 188 187 187 188 187 188 187 188 188 187 188 187 187 187 187 187 187 
187 187 187 187 187 186 187 186 186 187 186 187 186 187 186 186 187 186 187 186 186 187 186 187 186 186 186 186 187 185 187 186 186 187 186 187 186 186 187 186 187 186 187 186 186 187 186 187 186 186 187 186 187 186 186 186 186 187 186 187 187 187 187 187 
187 187 187 186 188 187 188 187 187 188 187 188 187 188 187 187 188 187 188 187 187 188 187 188 187 187 187 187 188 187 188 187 187 188 187 188 187 187 187 187 188 187 188 187 187 188 187 188 187 187 188 187 188 187 187 187 187 188 187 188 186 187 187 187 
187 187 187 187 187 186 187 186 187 187 186 187 186 187 187 186 187 186 187 186 187 187 186 187 186 187 187 186 187 186 187 187 187 187 186 187 186 187 187 186 187 186 187 187 186 187 186 187 186 187 187 186 187 186 187 187 186 187 186 187 187 187 187 187 
187 187 187 186 187 186 187 186 187 187 186 187 186 187 187 186 187 186 187 186 187 187 186 187 186 187 187 186 187 186 187 186 186 187 186 187 186 187 187 186 187 186 187 187 186 187 186 187 186 187 187 186 187 186 187 187 186 187 186 187 186 187 187 187 
187 187 187 187 188 187 188 187 187 188 187 188 187 188 187 187 188 187 188 187 187 188 187 188 187 187 187 187 188 187 188 187 187 188 187 188 187 187 187 187 188 187 188 187 187 188 187 188 187 187 188 187 188 187 188 187 187 188 187 188 187 187 187 187 
187 187 187 186 187 186 187 186 186 186 186 187 186 186 186 186 187 186 187 186 186 187 186 187 186 186 186 186 187 186 187 186 186 187 186 187 186 186 186 186 187 186 187 186 186 187 186 187 186 186 187 186 187 186 186 186 186 187 186 187 186 187 187 187 
187 187 187 187 188 187 188 187 187 188 187 188 187 188 188 187 188 187 188 187 187 188 187 188 187 188 188 187 188 187 188 187 187 188 187 188 187 188 188 187 188 187 188 187 187 188 187 188 187 187 188 187 188 187 188 188 187 188 187 188 187 187 187 187 
187 187 187 186 187 186 187 186 187 187 186 187 186 187 186 186 187 186 187 186 186 187 186 187 186 187 187 186 187 186 187 186 186 187 186 187 186 187 187 186 187 186 187 186 186 187 186 187 186 186 187 186 187 186 187 187 186 187 186 187 186 187 187 187 
187 187 187 187 187 186 187 187 187 187 186 188 186 187 187 187 188 186 187 187 187 187 186 188 186 187 187 186 188 186 187 187 187 187 186 188 187 187 187 186 188 186 187 187 187 187 186 187 187 187 187 186 188 186 187 187 187 188 186 187 187 187 187 187 
187 187 187 187 188 186 188 187 187 187 187 188 187 187 187 187 188 186 188 187 187 187 187 188 187 187 187 187 188 186 187 187 187 187 186 188 187 187 187 187 188 187 187 187 187 188 186 188 187 187 187 187 188 187 187 187 187 188 186 188 187 187 187 187 
187 187 186 186 187 186 187 186 186 187 186 187 186 187 186 186 187 186 187 186 186 187 186 187 186 186 186 186 187 186 187 186 186 187 186 187 186 186 187 186 187 186 187 186 186 187 186 187 186 186 187 186 187 186 187 186 186 187 186 187 186 186 187 187 
187 187 187 187 188 187 188 187 188 188 187 188 187 188 188 187 188 187 188 187 187 188 187 188 187 188 188 187 188 187 188 187 187 188 187 188 187 188 188 187 188 187 188 187 187 188 187 188 187 187 188 187 188 187 188 188 187 188 187 188 187 187 188 187 
187 187 186 186 187 186 187 186 186 187 186 187 186 187 186 186 187 186 187 186 186 187 186 187 186 186 186 186 187 186 187 186 186 187 186 187 186 186 187 186 187 186 187 186 186 187 186 187 186 186 187 186 187 186 186 186 186 187 186 187 186 186 187 187 
187 187 187 187 188 186 188 187 187 187 187 188 187 187 187 187 188 187 188 187 187 188 187 188 187 187 187 187 188 187 188 187 187 188 186 188 187 187 187 187 188 187 187 187 187 188 186 188 187 187 187 187 188 187 187 187 187 188 187 188 187 187 187 187 
187 187 187 187 187 186 187 186 187 187 186 188 186 187 187 186 187 186 187 187 187 187 186 187 186 187 187 186 187 186 187 187 187 187 186 187 186 187 187 186 187 186 187 187 186 187 186 187 187 187 187 186 187 186 187 187 186 187 186 187 187 187 187 187 
187 187 186 186 187 186 187 186 187 187 186 187 186 187 187 186 187 186 187 186 186 187 186 187 186 187 187 186 187 186 187 186 186 187 186 187 186 187 187 186 187 186 187 187 186 187 186 187 186 187 187 186 187 186 187 187 186 187 186 187 186 186 187 187 
187 187 187 187 188 187 188 187 187 188 187 188 187 188 187 187 188 187 188 187 187 188 187 188 187 188 187 187 188 187 188 187 187 188 187 188 187 187 188 187 188 187 188 187 187 188 187 188 187 187 188 187 188 187 188 188 187 188 187 188 187 187 187 187 
187 186 186 186 187 186 187 186 186 186 186 187 186 186 186 186 187 186 187 186 186 186 186 187 186 186 186 186 187 186 187 186 186 187 186 187 186 186 186 186 187 186 186 186 186 187 186 187 186 186 186 186 187 186 186 186 186 187 186 187 186 186 187 187 
187 187 187 187 188 187 188 187 187 188 187 188 187 188 187 187 188 187 188 187 187 188 187 188 187 188 188 187 188 187 188 187 187 188 187 188 187 187 188 187 188 187 188 187 187 188 187 188 187 187 188 187 188 187 188 187 187 188 187 188 187 187 187 187 
187 187 187 186 187 186 187 186 187 187 186 187 186 187 187 186 187 186 187 186 186 187 186 187 186 187 187 186 187 186 187 186 186 187 186 187 186 187 187 186 187 186 187 187 186 187 186 187 186 186 187 186 187 186 187 187 186 187 186 187 186 187 187 187 
187 187 187 187 187 186 187 187 187 187 186 187 186 187 187 186 187 186 187 187 187 187 186 187 186 187 187 186 187 186 187 187 187 187 186 187 186 187 187 186 187 186 187 187 186 187 186 187 187 187 187 186 187 186 187 187 186 187 186 187 187 187 187 187 
187 187 187 187 188 186 188 187 187 187 187 188 187 187 187 187 188 186 188 187 187 187 187 188 187 187 187 187 188 187 188 187 187 188 187 188 187 187 187 187 188 187 187 187 187 188 186 188 187 187 188 187 188 187 187 187 187 188 187 188 187 187 187 187 
187 187 187 186 187 186 187 186 186 187 186 187 186 187 186 186 187 186 187 186 186 187 186 187 186 186 186 186 187 186 187 186 186 187 186 187 186 186 187 186 187 186 187 186 186 187 186 187 186 186 187 186 187 186 186 186 186 187 186 187 186 187 187 187 
187 187 187 187 188 187 188 187 187 188 187 188 187 188 187 187 188 187 188 187 187 188 187 188 187 188 188 187 188 187 188 187 187 188 187 188 187 188 188 187 188 187 188 187 187 188 187 188 187 187 188 187 188 187 188 187 187 188 187 188 187 187 187 187 
187 187 187 186 187 186 187 186 186 187 186 187 186 187 186 186 187 186 187 186 186 187 186 187 186 186 186 186 187 186 187 186 186 187 186 187 186 186 187 186 187 186 187 186 186 187 186 187 186 186 187 186 187 186 187 186 186 187 186 187 186 187 187 187 
187 187 187 187 188 186 188 187 187 187 186 188 187 187 187 187 188 186 188 187 187 187 187 188 187 187 187 187 188 186 187 187 187 188 186 188 187 187 187 187 188 186 187 187 187 188 186 188 187 187 187 186 188 187 187 187 187 188 186 187 187 187 187 187 
187 187 187 186 187 186 187 187 187 187 186 188 186 187 187 187 187 186 187 187 187 187 186 188 186 187 187 186 188 186 187 187 187 187 186 188 187 187 187 186 188 186 187 187 187 188 186 187 187 187 187 186 187 186 187 187 187 188 186 187 186 187 187 187 
187 187 187 187 187 186 187 186 186 187 186 187 186 187 186 186 187 186 187 186 186 187 186 187 186 187 187 186 187 186 187 186 186 187 186 187 186 186 187 186 187 186 187 186 186 187 186 187 186 186 187 186 187 186 187 187 186 187 186 187 187 187 187 187 
187 187 187 187 187 187 188 187 188 188 187 188 187 188 187 187 188 187 188 187 187 188 187 188 187 188 188 187 188 187 188 187 187 188 187 188 187 188 188 187 188 187 188 188 187 188 187 188 187 187 188 187 188 187 188 188 187 188 187 187 187 187 187 187 
187 187 187 187 187 186 187 186 186 187 186 187 186 186 186 186 187 186 187 186 186 187 186 187 186 186 186 186 187 186 187 186 186 187 186 187 186 186 186 186 187 186 187 186 186 187 186 187 186 186 187 186 187 186 186 186 186 187 186 187 187 187 187 187 
187 187 187 187 187 187 188 187 187 188 187 188 187 188 187 187 188 187 188 187 187 188 187 188 187 187 187 187 188 187 188 187 187 188 187 188 187 187 188 187 188 187 188 187 187 188 187 188 187 187 188 187 188 187 187 187 187 188 187 187 187 187 187 187 
187 187 187 187 187 187 187 186 187 187 186 187 186 187 187 186 187 186 187 186 187 187 186 187 186 187 187 186 187 186 187 187 187 187 186 187 186 187 187 186 187 186 187 187 186 187 186 187 186 187 187 186 187 186 187 187 186 187 187 187 187 187 187 187 
187 187 187 187 187 187 187 187 187 187 186 187 186 187 187 186 187 186 187 186 187 187 186 187 186 187 187 186 187 186 187 187 187 187 186 187 186 187 187 186 187 186 187 187 186 187 186 187 186 187 187 186 187 186 187 187 187 187 187 187 187 187 187 187 
187 187 187 187 187 187 187 187 187 187 187 188 187 188 187 187 188 187 188 187 187 188 187 188 187 187 187 187 188 187 188 187 187 188 187 188 187 187 188 187 188 187 188 187 187 188 187 188 187 187 188 187 188 187 187 187 187 187 187 187 187 187 187 187 
187 187 187 187 187 187 187 187 187 187 186 187 186 186 186 186 187 186 187 186 186 187 186 187 186 186 186 186 187 186 187 186 186 187 186 187 186 186 186 186 187 186 187 186 186 187 186 187 186 186 187 186 187 186 187 187 187 187 187 187 187 187 187 187 
187 187 187 187 187 187 187 187 187 187 187 188 187 188 187 187 188 187 188 187 187 188 187 188 187 188 188 187 188 187 188 187 187 188 187 188 187 188 188 187 188 187 188 188 187 188 187 188 187 187 188 187 188 187 187 187 187 187 187 187 187 187 187 187 
187 187 187 187 187 187 187 187 187 187 186 187 186 187 186 186 187 186 187 186 186 187 186 187 186 187 187 186 187 186 187 186 186 187 186 187 186 186 187 186 187 186 187 186 186 187 186 187 186 186 187 186 187 186 187 187 187 187 187 187 187 187 187 187 
187 187 187 187 187 187 187 187 187 187 187 187 187 187 187 187 187 186 187 187 187 187 186 188 186 187 187 186 188 186 187 187 187 187 186 188 187 187 187 186 188 186 187 187 187 188 186 187 187 187 187 187 187 187 187 187 187 187 187 187 187 187 187 187 
187 187 187 187 187 187 187 187 187 187 187 187 187 187 187 187 188 186 188 187 187 187 187 188 187 187 187 187 188 186 187 187 187 188 186 188 187 187 187 187 188 186 187 187 187 188 186 188 187 187 187 187 187 187 187 187 187 187 187 187 187 187 187 187 
187 187 187 187 187 187 187 187 187 187 187 187 187 187 187 186 187 186 187 186 186 187 186 187 186 186 186 186 187 186 187 186 186 187 186 187 186 186 187 186 187 186 187 186 186 187 186 187 186 187 187 187 187 187 187 187 187 187 187 187 187 187 187 187 
187 187 187 187 187 187 187 187 187 187 187 187 187 187 187 187 187 187 188 187 187 188 187 188 187 188 188 187 188 187 188 187 187 188 187 188 187 188 188 187 188 187 188 187 187 188 187 187 187 187 187 187 187 187 187 187 187 187 187 187 187 187 187 187 
187 187 187 187 187 187 187 187 187 187 187 187 187 187 187 187 187 187 186 186 186 187 186 187 186 186 186 186 187 186 187 186 186 187 186 187 186 186 187 186 187 186 187 186 186 187 187 187 187 187 187 187 187 187 187 187 187 187 187 187 187 187 187 187 
187 187 187 187 187 187 187 187 187 187 187 187 187 187 187 187 187 187 187 187 187 187 187 188 187 187 187 187 188 187 188 187 187 188 187 188 187 187 187 187 188 187 187 187 187 187 187 187 187 187 187 187 187 187 187 187 187 187 187 187 187 187 187 187 
187 187 187 187 187 187 187 187 187 187 187 187 187 187 187 187 187 187 187 187 187 187 186 187 186 187 187 186 187 186 187 187 187 187 186 187 186 187 187 186 187 186 187 187 187 187 187 187 187 187 187 187 187 187 187 187 187 187 187 187 187 187 187 187 
187 187 187 187 187 187 187 187 187 187 187 187 187 187 187 187 187 187 187 187 187 187 187 187 187 187 187 187 187 187 187 187 187 187 187 187 187 187 187 187 187 187 187 187 187 187 187 187 187 187 187 187 187 187 187 187 187 187 187 187 187 187 187 187 
187 187 187 187 187 187 187 187 187 187 187 187 187 187 187 187 187 187 187 187 187 187 187 187 187 187 187 187 187 187 187 187 187 187 187 187 187 187 187 187 187 187 187 187 187 187 187 187 187 187 187 187 187 187 187 187 187 187 187 187 187 187 187 187 
