187 187 187 187 187 187 187 187 187 187 187 187 187 187 187 187 187 187 187 187 187 187 187 187 187 187 187 187 187 187 187 187 187 187 187 187 187 187 187 187 187 187 187 187 187 187 187 187 187 187 187 187 187 187 187 187 187 187 187 187 187 187 187 187 
187 187 187 187 187 187 187 187 187 187 187 187 187 187 187 187 187 187 187 187 187 187 187 187 187 187 187 187 187 187 187 187 187 187 187 187 187 187 187 187 187 187 187 187 187 187 187 187 187 187 187 187 187 187 187 187 187 187 187 187 187 187 187 187 
187 187 187 187 187 187 187 187 187 187 187 187 187 187 187 187 187 187 187 187 187 187 187 187 187 187 187 187 187 187 187 187 187 187 187 187 187 187 187 187 187 187 187 187 187 187 187 187 187 187 187 187 187 187 187 187 187 187 187 187 187 187 187 187 
187 187 187 187 187 187 187 187 187 187 187 187 187 187 187 187 187 187 187 187 187 187 187 187 187 187 187 187 187 187 187 187 187 187 187 187 187 187 187 187 187 187 187 187 187 187 187 187 187 187 187 187 187 187 187 187 187 187 187 187 187 187 187 187 
187 187 187 187 187 187 187 187 187 187 187 187 187 187 187 187 187 187 187 187 187 187 187 187 187 187 187 187 187 187 187 187 187 187 187 187 187 187 187 187 187 187 187 187 187 187 187 187 187 187 187 187 187 187 187 187 187 187 187 187 187 187 187 187 
187 187 187 187 187 187 187 187 187 187 187 187 187 187 187 187 187 187 187 187 187 187 187 187 187 187 187 187 187 187 187 187 187 187 187 187 187 187 187 187 187 187 187 187 187 187 187 187 187 187 187 187 187 187 187 187 187 187 187 187 187 187 187 187 
187 187 187 187 187 187 187 187 187 187 187 187 187 187 187 187 187 187 187 187 187 187 187 187 187 187 187 187 187 187 187 187 187 187 187 187 187 187 187 187 187 187 187 187 187 187 187 187 187 187 187 187 187 187 187 187 187 187 187 187 187 187 187 187 
187 187 187 187 187 187 187 187 187 187 187 187 187 187 187 187 187 187 187 187 187 187 187 187 187 187 187 187 187 187 187 187 187 187 187 187 187 187 187 187 187 187 187 187 187 187 187 187 187 187 187 187 187 187 187 187 187 187 187 187 187 187 187 187 
187 187 187 187 187 187 187 187 187 187 187 187 187 187 187 187 187 187 187 187 187 187 187 187 187 187 187 187 187 187 187 187 187 187 187 187 187 187 187 187 187 187 187 187 187 187 187 187 187 187 187 187 187 187 187 187 187 187 187 187 187 187 187 187 
187 187 187 187 187 187 187 187 187 187 187 187 187 187 187 187 187 187 187 187 187 187 187 187 187 187 187 187 187 187 187 187 187 187 187 187 187 187 187 187 187 187 187 187 187 187 187 187 187 187 187 187 187 187 187 187 187 187 187 187 187 187 187 187 
187 187 187 187 187 187 187 187 187 187 187 187 187 187 187 187 187 187 187 187 187 187 187 187 187 187 187 187 187 187 187 187 187 187 187 187 187 187 187 187 187 187 187 187 187 187 187 187 187 187 187 187 187 187 187 187 187 187 187 187 187 187 187 187 
187 187 187 187 187 187 187 187 187 187 187 187 187 187 187 187 187 187 187 187 187 187 187 187 187 187 187 187 187 187 187 187 187 187 187 187 187 187 187 187 187 187 187 187 187 187 187 187 187 187 187 187 187 187 187 187 187 187 187 187 187 187 187 187 
187 187 187 187 187 187 187 187 187 187 187 187 187 187 187 187 187 187 187 187 187 187 187 187 187 187 187 187 187 187 187 187 187 187 187 187 187 187 187 187 187 187 187 187 187 187 187 187 187 187 187 187 187 187 187 187 187 187 187 187 187 187 187 187 
187 187 187 187 187 187 187 187 187 187 187 187 187 187 187 187 187 187 187 187 187 187 187 187 187 187 187 187 187 187 187 187 187 187 187 187 187 187 187 187 187 187 187 187 187 187 187 187 187 187 187 187 187 187 187 187 187 187 187 187 187 187 187 187 
187 187 187 187 187 187 187 187 187 187 187 187 187 187 187 187 187 187 187 187 187 187 187 187 187 187 187 187 187 187 187 187 187 187 187 187 187 187 187 187 187 187 187 187 187 187 187 187 187 187 187 187 187 187 187 187 187 187 187 187 187 187 187 187 
187 187 187 187 187 187 187 187 187 187 187 187 187 187 187 187 187 187 187 187 187 187 187 187 187 187 187 187 187 187 187 187 187 187 187 187 187 187 187 187 187 187 187 187 187 187 187 187 187 187 187 187 187 187 187 187 187 187 187 187 187 187 187 187 
187 187 187 187 187 187 187 187 187 187 187 187 187 187 187 187 187 187 187 187 187 187 187 187 187 187 187 187 187 187 187 187 187 187 187 187 187 187 187 187 187 187 187 187 187 187 187 187 187 187 187 187 187 187 187 187 187 187 187 187 187 187 187 187 
187 187 187 187 187 187 187 187 187 187 187 187 187 187 187 187 187 187 187 187 187 187 187 187 187 187 187 187 187 187 187 187 187 187 187 187 187 187 187 187 187 187 187 187 187 187 187 187 187 187 187 187 187 187 187 187 187 187 187 187 187 187 187 187 
187 187 187 187 187 187 187 187 187 187 187 187 187 187 187 187 187 187 187 187 187 187 187 187 187 187 187 187 187 187 187 187 187 187 187 187 187 187 187 187 187 187 187 187 187 187 187 187 187 187 187 187 187 187 187 187 187 187 187 187 187 187 187 187 
187 187 187 187 187 187 187 187 187 187 187 187 187 187 187 187 187 187 187 187 187 187 187 187 187 187 187 187 187 187 187 187 187 187 187 187 187 187 187 187 187 187 187 187 187 187 187 187 187 187 187 187 187 187 187 187 187 187 187 187 187 187 187 187 
187 187 187 187 187 187 187 187 187 187 187 187 187 187 187 187 187 187 187 187 187 187 187 187 187 187 187 187 187 187 187 187 187 187 187 187 187 187 187 187 187 187 187 187 187 187 187 187 187 187 187 187 187 187 187 187 187 187 187 187 187 187 187 187 
187 187 187 187 187 187 187 187 187 187 187 187 187 187 187 187 187 187 187 187 187 187 187 187 187 187 187 187 187 187 187 187 187 187 187 187 187 187 187 187 187 187 187 187 187 187 187 187 187 187 187 187 187 187 187 187 187 187 187 187 187 187 187 187 
187 187 187 187 187 187 187 187 187 187 187 187 187 187 187 187 187 187 187 187 187 187 187 187 187 187 187 187 187 187 187 187 187 187 187 187 187 187 187 187 187 187 187 187 187 187 187 187 187 187 187 187 187 187 187 187 187 187 187 187 187 187 187 187 
187 187 187 187 187 187 187 187 187 187 187 187 187 187 187 187 187 187 187 187 187 187 187 187 187 187 187 187 187 187 187 187 187 187 187 187 187 187 187 187 187 187 187 187 187 187 187 187 187 187 187 187 187 187 187 187 187 187 187 187 187 187 187 187 
187 187 187 187 187 187 187 187 187 187 187 187 187 187 187 187 187 187 187 187 187 187 187 187 187 187 187 187 187 187 187 187 187 187 187 187 187 187 187 187 187 187 187 187 187 187 187 187 187 187 187 187 187 187 187 187 187 187 187 187 187 187 187 187 
187 187 187 187 187 187 187 187 187 187 187 187 187 187 187 187 187 187 187 187 187 187 187 187 187 187 187 187 187 187 187 187 187 187 187 187 187 187 187 187 187 187 187 187 187 187 187 187 187 187 187 187 187 187 187 187 187 187 187 187 187 187 187 187 
187 187 187 187 187 187 187 187 187 187 187 187 187 187 187 187 187 187 187 187 187 187 187 187 187 187 187 187 187 187 187 187 187 187 187 187 187 187 187 187 187 187 187 187 187 187 187 187 187 187 187 187 187 187 187 187 187 187 187 187 187 187 187 187 
187 187 187 187 187 187 187 187 187 187 187 187 187 187 187 187 187 187 187 187 187 187 187 187 187 187 187 187 187 187 187 187 187 187 187 187 187 187 187 187 187 187 187 187 187 187 187 187 187 187 187 187 187 187 187 187 187 187 187 187 187 187 187 187 
187 187 187 187 187 187 187 187 187 187 187 187 187 187 187 187 187 187 187 187 187 187 187 187 187 187 187 187 187 187 187 187 187 187 187 187 187 187 187 187 187 187 187 187 187 187 187 187 187 187 187 187 187 187 187 187 187 187 187 187 187 187 187 187 
187 187 187 187 187 187 187 187 187 187 187 187 187 187 187 187 187 187 187 187 187 187 187 187 187 187 187 187 187 187 187 187 187 187 187 187 187 187 187 187 187 187 187 187 187 187 187 187 187 187 187 187 187 187 187 187 187 187 187 187 187 187 187 187 
187 187 187 187 187 187 187 187 187 187 187 187 187 187 187 187 187 187 187 187 187 187 187 187 187 187 187 187 187 187 187 187 187 187 187 187 187 187 187 187 187 187 187 187 187 187 187 187 187 187 187 187 187 187 187 187 187 187 187 187 187 187 187 187 
186 185 186 189 189 185 185 185 187 187 185 185 189 189 189 186 185 186 189 189 189 189 189 189 186 185 185 187 189 189 188 185 185 190 189 189 189 189 186 185 185 185 185 185 186 189 188 185 185 185 185 186 189 185 186 189 189 187 185 185 185 185 185 186 
139 16 109 253 253 79 16 16 70 144 16 19 224 253 253 148 33 184 253 248 89 186 253 253 165 18 16 88 253 253 184 15 16 53 67 245 253 253 120 16 16 16 16 16 68 253 215 16 16 16 16 33 60 16 21 101 249 249 68 16 16 16 16 139 
142 3 83 255 255 57 0 39 212 248 38 0 76 247 255 254 250 255 255 161 0 70 255 255 255 87 0 0 189 255 127 0 0 0 4 237 255 255 129 11 182 223 72 0 59 255 255 153 23 8 8 0 0 0 0 11 247 255 221 8 0 9 140 211 
169 142 240 255 253 28 126 248 255 255 132 0 0 119 255 255 255 255 243 30 0 48 255 255 255 182 0 0 99 255 185 5 0 0 64 255 255 255 238 219 255 255 248 120 199 255 255 255 252 250 250 183 102 88 70 137 255 255 255 83 87 222 254 211 
206 253 255 255 254 208 255 255 255 255 243 76 7 182 255 255 255 254 106 0 0 61 255 255 255 188 0 0 114 255 255 111 0 0 124 255 255 255 255 255 255 255 255 255 242 102 190 255 255 255 255 255 255 255 255 255 255 255 255 249 254 255 253 206 
195 251 255 255 255 255 255 255 255 255 255 254 249 255 255 255 227 98 0 0 0 105 255 249 144 11 0 0 151 255 255 120 0 0 199 255 255 255 255 255 202 89 64 246 169 0 8 195 255 255 244 193 254 255 255 248 241 252 255 255 255 255 251 199 
179 140 251 255 255 255 98 55 94 247 255 255 255 255 236 106 6 0 0 0 0 165 249 39 0 0 9 41 66 203 174 13 0 71 254 255 255 251 230 116 3 0 0 200 138 0 0 9 122 157 24 0 108 253 152 17 0 25 169 255 255 255 246 193 
185 82 98 254 255 255 187 8 9 243 255 255 255 194 9 24 0 0 0 92 180 253 255 115 0 0 193 254 76 0 0 0 0 190 255 255 191 11 0 0 0 0 62 252 230 28 0 0 0 0 0 0 10 110 0 0 0 0 11 152 255 255 237 188 
186 122 0 205 255 255 255 222 206 255 255 255 175 22 194 253 116 0 0 172 255 255 255 237 0 7 250 255 134 0 0 0 64 253 255 255 179 0 17 43 5 6 219 255 255 188 26 31 171 86 0 0 109 254 101 0 0 0 0 2 93 147 169 187 
187 157 15 109 255 255 255 255 226 253 255 255 37 83 254 255 226 0 17 241 255 255 255 144 0 36 254 255 131 0 0 0 25 153 249 255 250 171 245 255 236 197 255 255 255 255 253 253 255 155 0 0 190 255 246 49 57 169 212 8 0 15 157 187 
187 178 50 17 244 255 255 193 4 177 255 255 241 253 255 255 205 0 107 255 255 255 255 69 4 129 255 255 101 0 0 0 0 0 137 255 219 229 255 255 255 255 255 255 234 236 239 80 88 197 175 220 255 216 144 169 254 255 255 159 63 54 178 187 
187 186 105 0 64 193 237 70 0 146 255 255 255 255 255 251 57 0 158 255 236 189 253 246 236 255 252 154 6 0 0 36 150 214 254 179 4 7 103 211 253 255 255 253 60 10 25 0 0 185 255 255 242 10 0 15 236 255 255 255 255 214 186 187 
187 187 157 18 0 0 0 0 0 146 255 255 255 255 255 150 0 0 163 255 48 0 184 255 255 242 63 0 0 0 0 206 255 255 255 82 0 0 0 0 27 135 255 200 0 0 110 140 183 255 255 177 59 0 0 0 148 255 255 255 253 207 187 187 
187 187 184 109 5 0 0 0 0 146 255 255 221 111 77 0 0 0 197 255 157 53 141 255 255 172 0 0 0 0 0 225 255 252 162 8 0 0 0 0 0 4 218 154 0 55 254 255 255 255 229 4 0 0 0 0 34 85 134 253 241 191 187 187 
187 187 187 216 224 107 2 0 0 198 255 253 56 0 1 26 11 0 212 255 255 254 104 118 234 192 0 0 43 174 64 71 164 62 0 0 178 189 58 0 0 0 149 236 65 15 186 255 255 255 221 0 0 0 0 14 203 52 0 83 186 187 187 187 
187 187 187 193 242 249 38 0 128 255 255 173 0 0 183 254 248 122 31 214 255 254 57 0 55 244 32 0 191 255 139 0 0 0 0 0 101 255 252 126 8 9 221 255 236 7 4 133 250 255 254 131 8 0 0 57 255 179 0 65 180 187 187 187 
187 187 187 187 186 56 0 8 243 255 255 70 0 64 255 255 255 142 0 15 200 239 0 0 69 255 222 36 172 240 68 0 0 0 0 0 0 157 255 255 227 214 255 255 255 201 161 23 21 80 250 255 197 12 0 34 254 128 13 146 186 187 187 187 
187 187 187 187 183 88 0 18 252 255 255 62 0 164 255 255 242 47 0 0 130 254 72 4 202 255 255 164 0 0 0 0 0 0 0 0 0 35 254 255 255 255 255 255 255 255 255 103 0 0 187 255 255 194 24 143 237 0 88 183 187 187 187 187 
187 187 187 187 187 167 39 4 236 255 255 246 215 254 224 94 20 0 0 19 224 255 154 79 255 255 255 162 0 0 0 0 0 0 0 0 0 16 250 255 255 255 245 176 181 251 255 213 42 0 89 255 255 255 252 255 243 39 166 187 187 187 187 187 
187 187 187 187 187 186 137 13 78 245 255 255 255 255 101 0 0 32 128 230 255 252 73 99 255 255 255 97 0 32 178 215 77 0 0 0 0 0 134 213 176 117 18 0 0 163 255 255 249 100 58 255 255 255 253 202 93 137 186 187 187 187 187 187 
187 187 187 187 187 187 183 106 4 108 255 255 255 255 152 0 11 207 255 255 241 76 0 52 255 255 247 16 0 166 255 255 252 89 0 0 0 0 0 0 0 0 0 0 0 199 255 255 255 254 231 255 255 255 158 4 106 183 187 187 187 187 187 187 
187 187 187 187 187 187 187 178 83 92 255 255 255 255 180 12 211 255 214 82 21 0 0 2 143 221 133 0 0 158 255 255 255 245 41 0 0 0 0 0 0 0 0 0 78 253 255 255 241 101 22 227 255 255 77 83 178 187 187 187 187 187 187 187 
187 187 187 187 187 187 187 187 173 205 254 255 254 138 7 11 246 255 165 0 0 0 0 0 0 0 0 0 0 23 216 255 255 255 243 187 233 238 174 10 0 37 201 208 247 255 255 255 117 0 0 115 255 254 153 173 187 187 187 187 187 187 187 187 
187 187 187 187 187 187 187 187 187 198 241 254 132 0 0 13 247 255 235 3 0 80 5 0 0 0 0 0 0 0 13 104 229 255 255 255 255 255 255 122 12 220 255 252 214 255 255 255 190 26 6 129 254 241 199 187 187 187 187 187 187 187 187 187 
187 187 187 187 187 187 187 187 187 187 197 189 4 0 0 90 255 250 178 3 0 197 166 4 4 150 209 36 0 0 0 0 18 81 54 218 255 255 255 252 227 255 255 231 36 228 254 255 255 252 250 254 238 197 187 187 187 187 187 187 187 187 187 187 
187 187 187 187 187 187 187 187 187 187 187 184 107 12 59 229 183 25 0 0 0 92 241 66 74 255 255 238 145 58 0 0 0 0 100 250 255 255 172 60 90 255 255 223 0 8 48 238 255 255 253 230 193 187 187 187 187 187 187 187 187 187 187 187 
187 187 187 187 187 187 187 187 187 187 187 187 185 192 247 254 67 0 0 0 0 0 0 0 51 255 255 255 255 246 11 0 0 67 250 255 245 98 0 0 1 141 223 93 0 0 0 80 251 245 217 190 187 187 187 187 187 187 187 187 187 187 187 187 
187 187 187 187 187 187 187 187 187 187 187 187 187 187 202 236 111 0 0 0 0 0 6 91 162 255 255 255 255 255 52 0 37 233 255 253 61 0 14 184 38 0 0 0 12 0 0 13 110 168 186 187 187 187 187 187 187 187 187 187 187 187 187 187 
187 187 187 187 187 187 187 187 187 187 187 187 187 187 187 190 208 83 9 0 0 6 192 255 255 198 72 121 181 254 215 116 219 255 255 183 0 0 99 255 202 0 0 114 250 117 65 146 183 187 187 187 187 187 187 187 187 187 187 187 187 187 187 187 
187 187 187 187 187 187 187 187 187 187 187 187 187 187 187 187 187 185 142 71 18 18 251 255 255 185 0 0 0 217 255 255 255 229 153 41 20 56 229 255 255 71 0 211 241 214 180 186 187 187 187 187 187 187 187 187 187 187 187 187 187 187 187 187 
187 187 187 187 187 187 187 187 187 187 187 187 187 187 187 187 187 187 187 182 157 105 194 253 254 242 11 0 0 155 255 255 193 18 30 218 252 255 255 254 253 121 104 189 191 187 187 187 187 187 187 187 187 187 187 187 187 187 187 187 187 187 187 187 
187 187 187 187 187 187 187 187 187 187 187 187 187 187 187 187 187 187 187 187 187 186 187 208 224 238 94 29 14 20 133 113 11 2 178 253 251 246 237 223 201 178 186 187 187 187 187 187 187 187 187 187 187 187 187 187 187 187 187 187 187 187 187 187 
187 187 187 187 187 187 187 187 187 187 187 187 187 187 187 187 187 187 187 187 187 187 187 187 187 188 183 171 160 150 142 138 138 146 210 206 199 193 188 186 187 187 187 187 187 187 187 187 187 187 187 187 187 187 187 187 187 187 187 187 187 187 187 187 
