187 187 187 187 187 187 187 187 187 187 187 187 187 187 187 187 187 187 187 187 187 187 187 187 187 187 187 186 188 185 188 186 186 188 185 188 186 187 187 187 187 187 187 187 187 187 187 187 187 187 187 187 187 187 187 187 187 187 187 187 187 187 187 187 
187 187 187 187 187 187 187 187 187 187 187 187 187 187 187 187 187 187 187 187 187 187 186 186 187 186 188 182 194 178 193 184 184 193 178 194 182 188 187 185 188 186 187 187 187 187 187 187 187 187 187 187 187 187 187 187 187 187 187 187 187 187 187 187 
187 187 187 187 187 187 187 187 187 187 187 187 187 187 187 187 187 187 187 187 188 189 188 188 187 184 189 176 200 171 196 181 181 196 171 200 176 188 190 179 194 181 189 186 187 187 187 187 187 187 187 187 187 187 187 187 187 187 187 187 187 187 187 187 
187 187 187 187 187 187 187 187 187 187 187 187 187 187 187 187 187 186 185 183 181 180 179 179 180 178 189 175 200 171 197 181 181 197 171 200 175 188 191 174 200 174 193 184 186 187 186 187 187 187 187 187 187 187 187 187 187 187 187 187 187 187 187 187 
187 187 187 187 187 187 187 187 187 187 187 187 187 187 187 187 189 192 195 197 197 197 197 197 197 193 190 175 200 171 197 181 181 197 171 200 175 188 191 174 201 171 194 184 182 192 182 188 186 187 187 187 187 187 187 187 187 187 187 187 187 187 187 187 
187 187 187 187 187 187 187 187 187 187 187 187 187 187 186 183 178 174 171 171 171 171 171 171 171 170 189 175 200 171 197 181 181 197 171 200 175 188 191 174 201 171 194 184 179 197 174 194 184 187 187 187 187 187 187 187 187 187 187 187 187 187 187 187 
187 187 187 187 187 187 187 187 187 187 187 187 187 188 191 195 198 200 200 200 200 200 200 200 200 196 190 175 200 171 197 181 181 197 171 200 175 188 191 174 201 171 194 184 179 199 170 198 179 188 187 187 187 187 187 187 187 187 187 187 187 187 187 187 
187 187 187 187 187 187 187 187 187 187 187 187 187 184 180 177 176 176 176 176 176 176 176 176 176 174 189 175 200 171 197 181 181 197 171 200 175 188 191 174 201 171 194 184 179 199 170 199 178 187 189 185 187 187 187 187 187 187 187 187 187 187 187 187 
187 187 187 187 187 187 187 187 187 187 186 185 185 186 187 187 187 187 187 187 187 187 187 187 187 184 189 175 200 171 197 181 181 197 171 200 175 188 191 174 201 171 194 184 179 199 170 199 178 185 192 179 190 186 187 187 187 187 187 187 187 187 187 187 
187 187 187 187 187 187 187 187 187 187 190 192 192 192 192 192 192 192 192 192 192 192 192 192 192 188 190 175 200 171 197 181 181 197 171 200 175 188 191 174 201 171 194 184 179 199 170 199 178 185 193 173 196 182 187 187 187 187 187 187 187 187 187 187 
187 187 187 187 187 187 187 187 186 182 176 173 173 173 173 173 173 173 173 173 173 173 173 173 173 172 189 175 200 171 197 181 181 197 171 200 175 188 191 174 201 171 194 184 179 199 170 199 178 185 194 172 200 176 190 186 187 187 187 187 187 187 187 187 
187 187 187 187 187 187 187 187 190 196 200 201 201 201 201 201 201 201 201 201 201 201 201 201 201 197 190 175 200 171 197 181 181 197 171 200 175 188 191 174 201 171 194 184 179 199 170 199 178 185 194 172 201 173 192 185 187 187 187 187 187 187 187 187 
187 187 187 187 187 187 187 185 179 173 172 172 172 172 172 172 172 172 172 172 172 172 172 172 172 171 189 175 200 171 197 181 181 197 171 200 175 188 191 174 201 171 194 184 179 199 170 199 178 185 194 172 201 173 192 185 187 187 187 187 187 187 187 187 
187 187 187 187 187 187 187 189 192 193 194 194 194 194 194 194 194 194 194 194 194 194 194 194 194 190 190 175 200 171 197 181 181 197 171 200 175 188 191 174 201 171 194 184 179 199 170 199 178 185 194 172 201 173 192 186 184 188 187 187 187 187 187 187 
187 187 187 187 187 187 188 187 185 185 185 185 185 185 185 185 185 185 185 185 185 185 185 185 185 182 189 175 200 171 197 181 181 197 171 200 175 188 191 174 201 171 194 184 179 199 170 199 178 185 194 172 201 173 192 187 180 191 186 187 187 187 187 187 
187 187 187 187 186 184 179 178 178 178 178 178 178 178 178 178 178 178 178 178 178 178 178 178 178 176 189 175 200 171 197 181 181 197 171 200 175 188 191 174 201 171 194 184 179 199 170 199 178 185 194 172 201 173 192 187 177 195 183 187 187 187 187 187 
187 187 187 187 188 194 198 199 199 199 199 199 199 199 199 199 199 199 199 199 199 199 199 199 199 195 190 175 200 171 197 181 181 197 171 200 175 188 191 174 201 171 194 184 179 199 170 199 178 185 194 172 201 173 192 187 176 198 178 189 187 187 187 187 
187 187 187 186 182 174 170 170 170 170 170 170 170 170 170 170 170 170 170 170 170 170 170 170 170 169 189 175 200 171 197 181 181 197 171 200 175 188 191 174 201 171 194 184 179 199 170 199 178 185 194 172 201 173 192 187 176 200 174 192 186 187 187 187 
187 187 187 187 192 197 199 199 199 199 199 199 199 199 199 199 199 199 199 199 199 199 199 199 199 195 190 175 200 171 197 181 181 197 171 200 175 188 191 174 201 171 194 184 179 199 170 199 178 185 194 172 201 173 192 187 176 200 171 195 185 187 187 187 
187 187 187 186 182 179 179 179 179 179 179 179 179 179 179 179 179 179 179 179 179 179 179 179 179 177 189 175 200 171 197 181 181 197 171 200 175 188 191 174 201 171 194 184 179 199 170 199 178 185 194 172 201 173 192 187 176 200 171 197 183 187 187 187 
187 187 186 184 184 184 184 184 184 184 184 184 184 184 184 184 184 184 184 184 184 184 184 184 184 182 189 175 200 171 197 181 181 197 171 200 175 188 191 174 201 171 194 184 179 199 170 199 178 185 194 172 201 173 192 187 176 200 171 197 181 188 187 187 
187 187 189 193 194 194 194 194 194 194 194 194 194 194 194 194 194 194 194 194 194 194 194 194 194 191 190 175 200 171 197 181 181 197 171 200 175 188 191 174 201 171 194 184 179 199 170 199 178 185 194 172 201 173 192 187 176 200 171 197 180 189 187 187 
187 186 181 174 171 171 171 171 171 171 171 171 171 171 171 171 171 171 171 171 171 171 171 171 171 171 189 175 200 171 197 181 181 197 171 200 175 188 191 174 201 171 194 184 179 199 170 199 178 185 194 172 201 173 192 187 176 200 171 197 179 188 186 187 
187 188 194 200 201 201 201 201 201 201 201 201 201 201 201 201 201 201 201 201 201 201 201 201 201 197 190 175 200 171 197 181 181 197 171 200 175 188 191 174 201 171 194 184 179 199 170 199 178 185 194 172 201 173 192 187 176 200 171 197 179 188 186 187 
187 185 179 174 174 174 174 174 174 174 174 174 174 174 174 174 174 174 174 174 174 174 174 174 174 172 189 175 200 171 197 181 181 197 171 200 175 188 191 174 201 171 194 184 179 199 170 199 178 185 194 172 201 173 192 187 176 200 171 197 180 187 187 187 
187 187 190 191 191 191 191 191 191 191 191 191 191 191 191 191 191 191 191 191 191 191 191 191 191 188 190 175 200 171 197 181 181 197 171 200 175 188 191 174 201 171 194 184 179 199 170 199 178 185 194 172 201 173 192 187 176 200 171 197 180 186 187 187 
187 188 188 188 188 188 188 188 188 188 188 188 188 188 188 188 188 188 188 188 188 188 188 188 188 185 189 175 200 171 197 181 181 197 171 200 175 188 191 174 201 171 194 184 179 199 170 199 178 185 194 172 201 173 192 187 176 200 171 197 181 185 188 187 
186 182 176 175 175 175 175 175 175 175 175 175 175 175 175 175 175 175 175 175 175 175 175 175 175 174 189 175 200 171 197 181 181 197 171 200 175 188 191 174 201 171 194 184 179 199 170 199 178 185 194 172 201 173 192 187 176 200 171 197 181 184 188 187 
188 194 200 200 200 200 200 200 200 200 200 200 200 200 200 200 200 200 200 200 200 200 200 200 200 196 190 175 200 171 197 181 181 197 171 200 175 188 191 174 201 171 194 184 179 199 170 199 178 185 194 172 201 173 192 187 176 200 171 197 181 183 189 186 
185 178 171 171 171 171 171 171 171 171 171 171 171 171 171 171 171 171 171 171 171 171 171 171 171 170 189 175 200 171 197 181 181 197 171 200 175 188 191 174 201 171 194 184 179 199 170 199 178 185 194 172 201 173 192 187 176 200 171 197 181 183 190 186 
188 193 196 197 197 197 197 197 197 197 197 197 197 197 197 197 197 197 197 197 197 197 197 197 197 193 190 175 200 171 197 181 181 197 171 200 175 188 191 174 201 171 194 184 179 199 170 199 178 185 194 172 201 173 192 187 176 200 171 197 181 183 190 186 
186 184 181 181 181 181 181 181 181 181 181 181 181 181 181 181 181 181 181 181 181 181 181 181 181 179 189 175 200 171 197 181 181 197 171 200 175 188 191 174 201 171 194 184 179 199 170 199 178 185 194 172 201 173 192 187 176 200 171 197 181 183 190 186 
186 184 181 181 181 181 181 181 181 181 181 181 181 181 181 181 181 181 181 181 181 181 181 181 181 179 189 175 200 171 197 181 181 197 171 200 175 188 191 174 201 171 194 184 179 199 170 199 178 185 194 172 201 173 192 187 176 200 171 197 181 183 190 186 
188 193 196 197 197 197 197 197 197 197 197 197 197 197 197 197 197 197 197 197 197 197 197 197 197 193 190 175 200 171 197 181 181 197 171 200 175 188 191 174 201 171 194 184 179 199 170 199 178 185 194 172 201 173 192 187 176 200 171 197 181 183 190 186 
185 178 171 171 171 171 171 171 171 171 171 171 171 171 171 171 171 171 171 171 171 171 171 171 171 170 189 175 200 171 197 181 181 197 171 200 175 188 191 174 201 171 194 184 179 199 170 199 178 185 194 172 201 173 192 187 176 200 171 197 181 183 190 186 
188 194 200 200 200 200 200 200 200 200 200 200 200 200 200 200 200 200 200 200 200 200 200 200 200 196 190 175 200 171 197 181 181 197 171 200 175 188 191 174 201 171 194 184 179 199 170 199 178 185 194 172 201 173 192 187 176 200 171 197 181 183 189 186 
186 182 176 175 175 175 175 175 175 175 175 175 175 175 175 175 175 175 175 175 175 175 175 175 175 174 189 175 200 171 197 181 181 197 171 200 175 188 191 174 201 171 194 184 179 199 170 199 178 185 194 172 201 173 192 187 176 200 171 197 181 184 188 187 
187 188 188 188 188 188 188 188 188 188 188 188 188 188 188 188 188 188 188 188 188 188 188 188 188 185 189 175 200 171 197 181 181 197 171 200 175 188 191 174 201 171 194 184 179 199 170 199 178 185 194 172 201 173 192 187 176 200 171 197 181 185 188 187 
187 187 190 191 191 191 191 191 191 191 191 191 191 191 191 191 191 191 191 191 191 191 191 191 191 188 190 175 200 171 197 181 181 197 171 200 175 188 191 174 201 171 194 184 179 199 170 199 178 185 194 172 201 173 192 187 176 200 171 197 180 186 187 187 
187 185 179 174 174 174 174 174 174 174 174 174 174 174 174 174 174 174 174 174 174 174 174 174 174 172 189 175 200 171 197 181 181 197 171 200 175 188 191 174 201 171 194 184 179 199 170 199 178 185 194 172 201 173 192 187 176 200 171 197 180 187 187 187 
187 188 194 200 201 201 201 201 201 201 201 201 201 201 201 201 201 201 201 201 201 201 201 201 201 197 190 175 200 171 197 181 181 197 171 200 175 188 191 174 201 171 194 184 179 199 170 199 178 185 194 172 201 173 192 187 176 200 171 197 179 188 186 187 
187 186 181 174 171 171 171 171 171 171 171 171 171 171 171 171 171 171 171 171 171 171 171 171 171 171 189 175 200 171 197 181 181 197 171 200 175 188 191 174 201 171 194 184 179 199 170 199 178 185 194 172 201 173 192 187 176 200 171 197 179 188 186 187 
187 187 189 193 194 194 194 194 194 194 194 194 194 194 194 194 194 194 194 194 194 194 194 194 194 191 190 175 200 171 197 181 181 197 171 200 175 188 191 174 201 171 194 184 179 199 170 199 178 185 194 172 201 173 192 187 176 200 171 197 180 189 187 187 
187 187 186 184 184 184 184 184 184 184 184 184 184 184 184 184 184 184 184 184 184 184 184 184 184 182 189 175 200 171 197 181 181 197 171 200 175 188 191 174 201 171 194 184 179 199 170 199 178 185 194 172 201 173 192 187 176 200 171 197 181 188 187 187 
187 187 187 186 182 179 179 179 179 179 179 179 179 179 179 179 179 179 179 179 179 179 179 179 179 177 189 175 200 171 197 181 181 197 171 200 175 188 191 174 201 171 194 184 179 199 170 199 178 185 194 172 201 173 192 187 176 200 171 197 183 187 187 187 
187 187 187 187 192 197 199 199 199 199 199 199 199 199 199 199 199 199 199 199 199 199 199 199 199 195 190 175 200 171 197 181 181 197 171 200 175 188 191 174 201 171 194 184 179 199 170 199 178 185 194 172 201 173 192 187 176 200 171 195 185 187 187 187 
187 187 187 186 182 174 170 170 170 170 170 170 170 170 170 170 170 170 170 170 170 170 170 170 170 169 189 175 200 171 197 181 181 197 171 200 175 188 191 174 201 171 194 184 179 199 170 199 178 185 194 172 201 173 192 187 176 200 174 192 186 187 187 187 
187 187 187 187 188 194 198 199 199 199 199 199 199 199 199 199 199 199 199 199 199 199 199 199 199 195 190 175 200 171 197 181 181 197 171 200 175 188 191 174 201 171 194 184 179 199 170 199 178 185 194 172 201 173 192 187 176 198 178 189 187 187 187 187 
187 187 187 187 186 184 179 178 178 178 178 178 178 178 178 178 178 178 178 178 178 178 178 178 178 176 189 175 200 171 197 181 181 197 171 200 175 188 191 174 201 171 194 184 179 199 170 199 178 185 194 172 201 173 192 187 177 195 183 187 187 187 187 187 
187 187 187 187 187 187 188 187 185 185 185 185 185 185 185 185 185 185 185 185 185 185 185 185 185 182 189 175 200 171 197 181 181 197 171 200 175 188 191 174 201 171 194 184 179 199 170 199 178 185 194 172 201 173 192 187 180 191 186 187 187 187 187 187 
187 187 187 187 187 187 187 189 192 193 194 194 194 194 194 194 194 194 194 194 194 194 194 194 194 190 190 175 200 171 197 181 181 197 171 200 175 188 191 174 201 171 194 184 179 199 170 199 178 185 194 172 201 173 192 186 184 188 187 187 187 187 187 187 
187 187 187 187 187 187 187 185 179 173 172 172 172 172 172 172 172 172 172 172 172 172 172 172 172 171 189 175 200 171 197 181 181 197 171 200 175 188 191 174 201 171 194 184 179 199 170 199 178 185 194 172 201 173 192 185 187 187 187 187 187 187 187 187 
187 187 187 187 187 187 187 187 190 196 200 201 201 201 201 201 201 201 201 201 201 201 201 201 201 197 190 175 200 171 197 181 181 197 171 200 175 188 191 174 201 171 194 184 179 199 170 199 178 185 194 172 201 173 192 185 187 187 187 187 187 187 187 187 
187 187 187 187 187 187 187 187 186 182 176 173 173 173 173 173 173 173 173 173 173 173 173 173 173 172 189 175 200 171 197 181 181 197 171 200 175 188 191 174 201 171 194 184 179 199 170 199 178 185 194 172 200 176 190 186 187 187 187 187 187 187 187 187 
187 187 187 187 187 187 187 187 187 187 190 192 192 192 192 192 192 192 192 192 192 192 192 192 192 188 190 175 200 171 197 181 181 197 171 200 175 188 191 174 201 171 194 184 179 199 170 199 178 185 193 173 196 182 187 187 187 187 187 187 187 187 187 187 
187 187 187 187 187 187 187 187 187 187 186 185 185 186 187 187 187 187 187 187 187 187 187 187 187 184 189 175 200 171 197 181 181 197 171 200 175 188 191 174 201 171 194 184 179 199 170 199 178 185 192 179 190 186 187 187 187 187 187 187 187 187 187 187 
187 187 187 187 187 187 187 187 187 187 187 187 187 184 180 177 176 176 176 176 176 176 176 176 176 174 189 175 200 171 197 181 181 197 171 200 175 188 191 174 201 171 194 184 179 199 170 199 178 187 189 185 187 187 187 187 187 187 187 187 187 187 187 187 
187 187 187 187 187 187 187 187 187 187 187 187 187 188 191 195 198 200 200 200 200 200 200 200 200 196 190 175 200 171 197 181 181 197 171 200 175 188 191 174 201 171 194 184 179 199 170 198 179 188 187 187 187 187 187 187 187 187 187 187 187 187 187 187 
187 187 187 187 187 187 187 187 187 187 187 187 187 187 186 183 178 174 171 171 171 171 171 171 171 170 189 175 200 171 197 181 181 197 171 200 175 188 191 174 201 171 194 184 179 197 174 194 184 187 187 187 187 187 187 187 187 187 187 187 187 187 187 187 
187 187 187 187 187 187 187 187 187 187 187 187 187 187 187 187 189 192 195 197 197 197 197 197 197 193 190 175 200 171 197 181 181 197 171 200 175 188 191 174 201 171 194 184 182 192 182 188 186 187 187 187 187 187 187 187 187 187 187 187 187 187 187 187 
187 187 187 187 187 187 187 187 187 187 187 187 187 187 187 187 187 186 185 183 181 180 179 179 180 178 189 175 200 171 197 181 181 197 171 200 175 188 191 174 200 174 193 184 186 187 186 187 187 187 187 187 187 187 187 187 187 187 187 187 187 187 187 187 
187 187 187 187 187 187 187 187 187 187 187 187 187 187 187 187 187 187 187 187 188 189 188 188 187 184 189 176 200 171 196 181 181 196 171 200 176 188 190 179 194 181 189 186 187 187 187 187 187 187 187 187 187 187 187 187 187 187 187 187 187 187 187 187 
187 187 187 187 187 187 187 187 187 187 187 187 187 187 187 187 187 187 187 187 187 187 186 186 187 186 188 182 194 178 193 184 184 193 178 194 182 188 187 185 188 186 187 187 187 187 187 187 187 187 187 187 187 187 187 187 187 187 187 187 187 187 187 187 
187 187 187 187 187 187 187 187 187 187 187 187 187 187 187 187 187 187 187 187 187 187 187 187 187 187 187 186 188 185 188 186 186 188 185 188 186 187 187 187 187 187 187 187 187 187 187 187 187 187 187 187 187 187 187 187 187 187 187 187 187 187 187 187 
