187 187 187 187 187 187 187 187 187 187 187 187 187 187 187 187 187 187 187 187 187 187 187 187 187 187 187 187 187 187 187 185 187 187 187 187 187 187 186 187 187 187 187 187 187 187 187 187 187 187 187 187 187 187 187 187 187 187 187 187 187 187 187 187 
187 187 187 187 187 187 187 187 187 187 187 187 187 187 187 187 187 187 187 187 187 187 187 187 185 188 187 187 187 187 191 172 190 187 187 187 187 190 181 188 187 187 187 187 187 187 187 187 187 187 187 187 187 187 187 187 187 187 187 187 187 187 187 187 
187 187 187 187 187 187 187 187 187 187 187 187 187 187 187 187 187 187 187 187 187 187 187 189 173 191 187 187 187 188 192 155 192 187 187 187 188 192 164 191 187 187 187 187 187 187 187 187 187 187 187 187 187 187 187 187 187 187 187 187 187 187 187 187 
187 187 187 187 187 187 187 187 187 187 187 187 187 187 187 187 187 187 187 187 187 187 188 191 156 192 187 187 187 188 192 154 192 187 187 187 188 192 153 192 187 187 187 187 190 183 187 187 187 187 187 187 187 187 187 187 187 187 187 187 187 187 187 187 
187 187 187 187 187 187 187 187 187 187 187 187 187 187 187 187 187 184 189 187 187 187 188 192 153 192 187 187 187 188 192 154 192 187 187 187 188 192 153 192 187 187 187 188 193 170 189 187 187 187 187 187 187 187 187 187 187 187 187 187 187 187 187 187 
187 187 187 187 187 187 187 187 187 187 187 187 187 187 187 187 188 171 192 187 187 187 188 192 153 192 187 187 187 188 192 154 192 187 187 187 188 192 153 192 187 187 187 188 192 155 191 187 187 187 187 187 187 187 187 187 187 187 187 187 187 187 187 187 
187 187 187 187 187 187 187 187 187 187 187 187 187 187 187 188 191 155 192 187 187 187 188 192 153 192 187 187 187 188 192 154 192 187 187 187 188 192 153 192 187 187 187 188 192 154 192 187 187 187 187 187 187 187 187 187 187 187 187 187 187 187 187 187 
187 187 187 187 187 187 187 187 187 187 187 187 187 187 187 188 192 154 192 187 187 187 188 192 153 192 187 187 187 188 192 154 192 187 187 187 188 192 153 192 187 187 187 188 192 154 192 187 187 187 187 190 185 187 187 187 187 187 187 187 187 187 187 187 
187 187 187 187 187 187 187 187 187 187 187 188 187 187 187 188 192 154 192 187 187 187 188 192 153 192 187 187 187 188 192 154 192 187 187 187 188 192 153 192 187 187 187 188 192 154 192 187 187 187 188 193 177 187 187 187 187 187 187 187 187 187 187 187 
187 187 187 187 187 187 187 187 187 186 186 190 187 187 187 188 192 154 192 187 187 187 188 192 153 192 187 187 187 188 192 154 192 187 187 187 188 192 153 192 187 187 187 188 192 154 192 187 187 187 188 193 164 189 187 187 187 187 187 187 187 187 187 187 
187 187 187 187 187 187 187 187 187 186 177 192 187 187 187 188 192 154 192 187 187 187 188 192 153 192 187 187 187 188 192 154 192 187 187 187 188 192 153 192 187 187 187 188 192 154 192 187 187 187 188 192 154 191 187 187 187 187 187 187 187 187 187 187 
187 187 187 187 187 187 187 187 187 188 162 192 187 187 187 188 192 154 192 187 187 187 188 192 153 192 187 187 187 188 192 154 192 187 187 187 188 192 153 192 187 187 187 188 192 154 192 187 187 187 188 192 153 192 187 187 187 187 187 187 187 187 187 187 
187 187 187 187 187 187 187 187 188 191 153 192 187 187 187 188 192 154 192 187 187 187 188 192 153 192 187 187 187 188 192 154 192 187 187 187 188 192 153 192 187 187 187 188 192 154 192 187 187 187 188 192 153 192 187 187 187 187 187 187 187 187 187 187 
187 187 187 187 187 187 187 187 188 192 153 192 187 187 187 188 192 154 192 187 187 187 188 192 153 192 187 187 187 188 192 154 192 187 187 187 188 192 153 192 187 187 187 188 192 154 192 187 187 187 188 192 153 192 187 187 187 187 187 187 187 187 187 187 
187 187 187 187 187 187 187 187 188 192 153 192 187 187 187 188 192 154 192 187 187 187 188 192 153 192 187 187 187 188 192 154 192 187 187 187 188 192 153 192 187 187 187 188 192 154 192 187 187 187 188 192 153 192 187 187 187 187 188 187 187 187 187 187 
187 187 187 187 187 187 187 187 188 192 153 192 187 187 187 188 192 154 192 187 187 187 188 192 153 192 187 187 187 188 192 154 192 187 187 187 188 192 153 192 187 187 187 188 192 154 192 187 187 187 188 192 153 192 187 187 187 187 191 186 187 187 187 187 
187 187 187 187 187 187 187 187 188 192 153 192 187 187 187 188 192 154 192 187 187 187 188 192 153 192 187 187 187 188 192 154 192 187 187 187 188 192 153 192 187 187 187 188 192 154 192 187 187 187 188 192 153 192 187 187 187 188 194 182 187 187 187 187 
187 187 187 187 188 187 187 187 188 192 153 192 187 187 187 188 192 154 192 187 187 187 188 192 153 192 187 187 187 188 192 154 192 187 187 187 188 192 153 192 187 187 187 188 192 154 192 187 187 187 188 192 153 192 187 187 187 188 194 174 187 187 187 187 
187 187 187 189 189 187 187 187 188 192 153 192 187 187 187 188 192 154 192 187 187 187 188 192 153 192 187 187 187 188 192 154 192 187 187 187 188 192 153 192 187 187 187 188 192 154 192 187 187 187 188 192 153 192 187 187 187 188 194 165 188 187 187 187 
187 187 186 188 190 187 187 187 188 192 153 192 187 187 187 188 192 154 192 187 187 187 188 192 153 192 187 187 187 188 192 154 192 187 187 187 188 192 153 192 187 187 187 188 192 154 192 187 187 187 188 192 153 192 187 187 187 188 192 157 189 187 187 187 
187 187 185 185 191 187 187 187 188 192 153 192 187 187 187 188 192 154 192 187 187 187 188 192 153 192 187 187 187 188 192 154 192 187 187 187 188 192 153 192 187 187 187 188 192 154 192 187 187 187 188 192 153 192 187 187 187 188 192 152 190 187 187 187 
187 187 185 179 192 187 187 187 188 192 153 192 187 187 187 188 192 154 192 187 187 187 188 192 153 192 187 187 187 188 192 154 192 187 187 187 188 192 153 192 187 187 187 188 192 154 192 187 187 187 188 192 153 192 187 187 187 188 192 153 191 187 187 187 
187 187 186 172 192 187 187 187 188 192 153 192 187 187 187 188 192 154 192 187 187 187 188 192 153 192 187 187 187 188 192 154 192 187 187 187 188 192 153 192 187 187 187 188 192 154 192 187 187 187 188 192 153 192 187 187 187 188 192 154 192 187 187 187 
187 187 187 165 192 187 187 187 188 192 153 192 187 187 187 188 192 154 192 187 187 187 188 192 153 192 187 187 187 188 192 154 192 187 187 187 188 192 153 192 187 187 187 188 192 154 192 187 187 187 188 192 153 192 187 187 187 188 192 154 192 187 187 187 
187 187 188 158 192 187 187 187 188 192 153 192 187 187 187 188 192 154 192 187 187 187 188 192 153 192 187 187 187 188 192 154 192 187 187 187 188 192 153 192 187 187 187 188 192 154 192 187 187 187 188 192 153 192 187 187 187 188 192 154 192 187 187 187 
187 187 188 155 192 187 187 187 188 192 153 192 187 187 187 188 192 154 192 187 187 187 188 192 153 192 187 187 187 188 192 154 192 187 187 187 188 192 153 192 187 187 187 188 192 154 192 187 187 187 188 192 153 192 187 187 187 188 192 154 192 187 187 187 
187 187 189 154 192 187 187 187 188 192 153 192 187 187 187 188 192 154 192 187 187 187 188 192 153 192 187 187 187 188 192 154 192 187 187 187 188 192 153 192 187 187 187 188 192 154 192 187 187 187 188 192 153 192 187 187 187 188 192 154 192 187 187 187 
187 188 190 154 192 187 187 187 188 192 153 192 187 187 187 188 192 154 192 187 187 187 188 192 153 192 187 187 187 188 192 154 192 187 187 187 188 192 153 192 187 187 187 188 192 154 192 187 187 187 188 192 153 192 187 187 187 188 192 154 192 187 187 187 
187 188 191 154 192 187 187 187 188 192 153 192 187 187 187 188 192 154 192 187 187 187 188 192 153 192 187 187 187 188 192 154 192 187 187 187 188 192 153 192 187 187 187 188 192 154 192 187 187 187 188 192 153 192 187 187 187 188 192 154 192 187 187 187 
187 188 191 154 192 187 187 187 188 192 153 192 187 187 187 188 192 154 192 187 187 187 188 192 153 192 187 187 187 188 192 154 192 187 187 187 188 192 153 192 187 187 187 188 192 154 192 187 187 187 188 192 153 192 187 187 187 188 192 154 192 187 187 187 
187 188 192 154 192 187 187 187 188 192 153 192 187 187 187 188 192 154 192 187 187 187 188 192 153 192 187 187 187 188 192 154 192 187 187 187 188 192 153 192 187 187 187 188 192 154 192 187 187 187 188 192 153 192 187 187 187 188 192 154 192 187 187 187 
187 188 192 154 192 187 187 187 188 192 153 192 187 187 187 188 192 154 192 187 187 187 188 192 153 192 187 187 187 188 192 154 192 187 187 187 188 192 153 192 187 187 187 188 192 154 192 187 187 187 188 192 153 192 187 187 187 188 192 154 192 187 187 187 
187 188 192 154 192 187 187 187 188 192 153 192 187 187 187 188 192 154 192 187 187 187 188 192 153 192 187 187 187 188 192 154 192 187 187 187 188 192 153 192 187 187 187 188 192 154 192 187 187 187 188 192 153 192 187 187 187 188 192 154 192 187 187 187 
187 188 192 154 192 187 187 187 188 192 153 192 187 187 187 188 192 154 192 187 187 187 188 192 153 192 187 187 187 188 192 154 192 187 187 187 188 192 153 192 187 187 187 188 192 154 192 187 187 187 188 192 153 192 187 187 187 188 192 154 192 187 187 187 
187 188 191 154 192 187 187 187 188 192 153 192 187 187 187 188 192 154 192 187 187 187 188 192 153 192 187 187 187 188 192 154 192 187 187 187 188 192 153 192 187 187 187 188 192 154 192 187 187 187 188 192 153 192 187 187 187 188 192 154 192 187 187 187 
187 188 191 154 192 187 187 187 188 192 153 192 187 187 187 188 192 154 192 187 187 187 188 192 153 192 187 187 187 188 192 154 192 187 187 187 188 192 153 192 187 187 187 188 192 154 192 187 187 187 188 192 153 192 187 187 187 188 192 154 192 187 187 187 
187 188 190 154 192 187 187 187 188 192 153 192 187 187 187 188 192 154 192 187 187 187 188 192 153 192 187 187 187 188 192 154 192 187 187 187 188 192 153 192 187 187 187 188 192 154 192 187 187 187 188 192 153 192 187 187 187 188 192 154 192 187 187 187 
187 187 189 154 192 187 187 187 188 192 153 192 187 187 187 188 192 154 192 187 187 187 188 192 153 192 187 187 187 188 192 154 192 187 187 187 188 192 153 192 187 187 187 188 192 154 192 187 187 187 188 192 153 192 187 187 187 188 192 154 192 187 187 187 
187 187 188 155 192 187 187 187 188 192 153 192 187 187 187 188 192 154 192 187 187 187 188 192 153 192 187 187 187 188 192 154 192 187 187 187 188 192 153 192 187 187 187 188 192 154 192 187 187 187 188 192 153 192 187 187 187 188 192 154 192 187 187 187 
187 187 188 158 192 187 187 187 188 192 153 192 187 187 187 188 192 154 192 187 187 187 188 192 153 192 187 187 187 188 192 154 192 187 187 187 188 192 153 192 187 187 187 188 192 154 192 187 187 187 188 192 153 192 187 187 187 188 192 154 192 187 187 187 
187 187 187 165 192 187 187 187 188 192 153 192 187 187 187 188 192 154 192 187 187 187 188 192 153 192 187 187 187 188 192 154 192 187 187 187 188 192 153 192 187 187 187 188 192 154 192 187 187 187 188 192 153 192 187 187 187 188 192 154 192 187 187 187 
187 187 186 172 192 187 187 187 188 192 153 192 187 187 187 188 192 154 192 187 187 187 188 192 153 192 187 187 187 188 192 154 192 187 187 187 188 192 153 192 187 187 187 188 192 154 192 187 187 187 188 192 153 192 187 187 187 188 192 154 192 187 187 187 
187 187 185 179 192 187 187 187 188 192 153 192 187 187 187 188 192 154 192 187 187 187 188 192 153 192 187 187 187 188 192 154 192 187 187 187 188 192 153 192 187 187 187 188 192 154 192 187 187 187 188 192 153 192 187 187 187 188 192 153 191 187 187 187 
187 187 185 185 191 187 187 187 188 192 153 192 187 187 187 188 192 154 192 187 187 187 188 192 153 192 187 187 187 188 192 154 192 187 187 187 188 192 153 192 187 187 187 188 192 154 192 187 187 187 188 192 153 192 187 187 187 188 192 152 190 187 187 187 
187 187 186 188 190 187 187 187 188 192 153 192 187 187 187 188 192 154 192 187 187 187 188 192 153 192 187 187 187 188 192 154 192 187 187 187 188 192 153 192 187 187 187 188 192 154 192 187 187 187 188 192 153 192 187 187 187 188 192 157 189 187 187 187 
187 187 187 189 189 187 187 187 188 192 153 192 187 187 187 188 192 154 192 187 187 187 188 192 153 192 187 187 187 188 192 154 192 187 187 187 188 192 153 192 187 187 187 188 192 154 192 187 187 187 188 192 153 192 187 187 187 188 194 165 188 187 187 187 
187 187 187 187 188 187 187 187 188 192 153 192 187 187 187 188 192 154 192 187 187 187 188 192 153 192 187 187 187 188 192 154 192 187 187 187 188 192 153 192 187 187 187 188 192 154 192 187 187 187 188 192 153 192 187 187 187 188 194 174 187 187 187 187 
187 187 187 187 187 187 187 187 188 192 153 192 187 187 187 188 192 154 192 187 187 187 188 192 153 192 187 187 187 188 192 154 192 187 187 187 188 192 153 192 187 187 187 188 192 154 192 187 187 187 188 192 153 192 187 187 187 188 194 182 187 187 187 187 
187 187 187 187 187 187 187 187 188 192 153 192 187 187 187 188 192 154 192 187 187 187 188 192 153 192 187 187 187 188 192 154 192 187 187 187 188 192 153 192 187 187 187 188 192 154 192 187 187 187 188 192 153 192 187 187 187 187 191 186 187 187 187 187 
187 187 187 187 187 187 187 187 188 192 153 192 187 187 187 188 192 154 192 187 187 187 188 192 153 192 187 187 187 188 192 154 192 187 187 187 188 192 153 192 187 187 187 188 192 154 192 187 187 187 188 192 153 192 187 187 187 187 188 187 187 187 187 187 
187 187 187 187 187 187 187 187 188 192 153 192 187 187 187 188 192 154 192 187 187 187 188 192 153 192 187 187 187 188 192 154 192 187 187 187 188 192 153 192 187 187 187 188 192 154 192 187 187 187 188 192 153 192 187 187 187 187 187 187 187 187 187 187 
187 187 187 187 187 187 187 187 188 191 153 192 187 187 187 188 192 154 192 187 187 187 188 192 153 192 187 187 187 188 192 154 192 187 187 187 188 192 153 192 187 187 187 188 192 154 192 187 187 187 188 192 153 192 187 187 187 187 187 187 187 187 187 187 
187 187 187 187 187 187 187 187 187 188 162 192 187 187 187 188 192 154 192 187 187 187 188 192 153 192 187 187 187 188 192 154 192 187 187 187 188 192 153 192 187 187 187 188 192 154 192 187 187 187 188 192 153 192 187 187 187 187 187 187 187 187 187 187 
187 187 187 187 187 187 187 187 187 186 177 192 187 187 187 188 192 154 192 187 187 187 188 192 153 192 187 187 187 188 192 154 192 187 187 187 188 192 153 192 187 187 187 188 192 154 192 187 187 187 188 192 154 191 187 187 187 187 187 187 187 187 187 187 
187 187 187 187 187 187 187 187 187 186 186 190 187 187 187 188 192 154 192 187 187 187 188 192 153 192 187 187 187 188 192 154 192 187 187 187 188 192 153 192 187 187 187 188 192 154 192 187 187 187 188 193 164 189 187 187 187 187 187 187 187 187 187 187 
187 187 187 187 187 187 187 187 187 187 187 188 187 187 187 188 192 154 192 187 187 187 188 192 153 192 187 187 187 188 192 154 192 187 187 187 188 192 153 192 187 187 187 188 192 154 192 187 187 187 188 193 177 187 187 187 187 187 187 187 187 187 187 187 
187 187 187 187 187 187 187 187 187 187 187 187 187 187 187 188 192 154 192 187 187 187 188 192 153 192 187 187 187 188 192 154 192 187 187 187 188 192 153 192 187 187 187 188 192 154 192 187 187 187 187 190 185 187 187 187 187 187 187 187 187 187 187 187 
187 187 187 187 187 187 187 187 187 187 187 187 187 187 187 188 191 155 192 187 187 187 188 192 153 192 187 187 187 188 192 154 192 187 187 187 188 192 153 192 187 187 187 188 192 154 192 187 187 187 187 187 187 187 187 187 187 187 187 187 187 187 187 187 
187 187 187 187 187 187 187 187 187 187 187 187 187 187 187 187 188 171 192 187 187 187 188 192 153 192 187 187 187 188 192 154 192 187 187 187 188 192 153 192 187 187 187 188 192 155 191 187 187 187 187 187 187 187 187 187 187 187 187 187 187 187 187 187 
187 187 187 187 187 187 187 187 187 187 187 187 187 187 187 187 187 184 189 187 187 187 188 192 153 192 187 187 187 188 192 154 192 187 187 187 188 192 153 192 187 187 187 188 193 170 189 187 187 187 187 187 187 187 187 187 187 187 187 187 187 187 187 187 
187 187 187 187 187 187 187 187 187 187 187 187 187 187 187 187 187 187 187 187 187 187 188 191 156 192 187 187 187 188 192 154 192 187 187 187 188 192 153 192 187 187 187 187 190 183 187 187 187 187 187 187 187 187 187 187 187 187 187 187 187 187 187 187 
187 187 187 187 187 187 187 187 187 187 187 187 187 187 187 187 187 187 187 187 187 187 187 189 173 191 187 187 187 188 192 155 192 187 187 187 188 192 164 191 187 187 187 187 187 187 187 187 187 187 187 187 187 187 187 187 187 187 187 187 187 187 187 187 
187 187 187 187 187 187 187 187 187 187 187 187 187 187 187 187 187 187 187 187 187 187 187 187 185 188 187 187 187 187 191 172 190 187 187 187 187 190 181 188 187 187 187 187 187 187 187 187 187 187 187 187 187 187 187 187 187 187 187 187 187 187 187 187 
187 187 187 187 187 187 187 187 187 187 187 187 187 187 187 187 187 187 187 187 187 187 187 187 187 187 187 187 187 187 187 185 187 187 187 187 187 187 186 187 187 187 187 187 187 187 187 187 187 187 187 187 187 187 187 187 187 187 187 187 187 187 187 187 
