187 187 187 187 187 187 187 187 187 187 187 187 187 187 187 187 187 187 187 187 187 187 187 187 187 187 187 187 187 187 187 187 187 187 187 187 187 187 187 187 187 187 187 187 187 187 187 187 187 187 187 187 187 187 187 187 187 187 187 187 187 187 187 187 
187 187 187 187 187 187 187 187 187 187 187 187 187 187 187 187 187 187 187 187 187 187 187 187 187 187 187 187 187 187 187 186 187 187 187 186 187 187 187 187 187 187 187 187 187 187 187 187 187 187 187 187 187 187 187 187 187 187 187 187 187 187 187 187 
187 187 187 187 187 187 187 187 187 187 187 187 187 187 187 187 187 187 187 187 187 187 187 187 187 187 187 187 187 188 185 188 187 187 188 185 188 187 187 187 187 187 187 187 187 187 187 187 187 187 187 187 187 187 187 187 187 187 187 187 187 187 187 187 
187 187 187 187 187 187 187 187 187 187 187 187 187 187 187 187 187 187 187 187 187 186 187 187 187 187 187 187 187 187 186 187 187 187 188 185 188 187 187 187 187 187 187 187 187 187 187 187 187 187 187 187 187 187 187 187 187 187 187 187 187 187 187 187 
187 187 187 187 187 187 187 187 187 187 187 187 187 187 187 187 187 187 187 187 187 187 187 187 187 187 187 187 187 186 188 187 187 187 187 186 188 187 187 188 186 186 187 187 187 187 187 187 187 187 187 187 187 187 187 187 187 187 187 187 187 187 187 187 
187 187 187 187 187 187 187 187 187 187 187 187 187 187 187 186 187 187 187 187 187 187 187 187 187 187 187 187 188 185 188 187 187 187 187 186 188 188 187 185 188 186 188 187 187 187 187 186 187 187 187 187 187 187 187 187 187 187 187 187 187 187 187 187 
187 187 187 187 187 187 187 187 187 187 187 187 187 187 187 186 187 187 187 187 187 187 187 187 187 187 187 187 188 186 187 187 187 187 187 186 188 186 186 188 188 186 188 187 187 187 187 186 187 187 187 187 187 187 187 187 187 187 187 187 187 187 187 187 
187 187 187 187 187 187 187 187 187 187 187 187 187 187 187 188 185 187 188 187 187 187 187 187 187 187 187 187 188 185 188 187 187 188 187 186 186 188 187 187 187 186 188 187 187 187 187 186 187 187 187 187 187 187 187 187 187 187 187 187 187 187 187 187 
187 187 187 187 187 187 187 187 187 187 187 187 187 187 187 187 188 186 186 188 188 188 187 187 187 187 187 187 187 187 185 187 186 185 186 187 187 187 187 187 187 186 188 187 187 187 187 187 187 187 187 186 187 187 187 187 187 187 187 187 187 187 187 187 
187 187 187 187 187 187 187 187 187 187 186 187 187 187 187 187 187 187 188 186 185 185 186 188 187 187 187 187 187 187 188 187 187 188 187 187 187 187 187 187 187 186 187 187 187 187 187 186 188 187 188 185 187 187 187 187 187 187 187 187 187 187 187 187 
187 187 187 187 187 187 187 187 187 187 187 187 187 187 187 187 187 187 187 187 188 188 186 187 187 187 187 187 187 187 187 187 187 187 187 187 186 187 187 187 187 187 187 187 187 187 188 185 188 187 187 186 188 187 187 187 187 187 187 187 187 187 187 187 
187 187 187 187 187 187 187 187 187 187 187 187 187 187 187 187 187 187 187 187 187 187 188 185 187 187 187 187 187 187 187 187 187 187 187 188 186 187 187 187 187 187 187 187 187 187 188 185 188 187 187 187 186 187 187 187 187 187 187 187 187 187 187 187 
187 187 187 187 187 187 187 187 187 187 187 187 187 187 187 187 187 187 187 187 187 187 188 186 188 187 187 187 187 187 187 187 187 187 187 188 186 187 187 187 187 187 187 187 187 187 187 186 187 187 187 188 185 188 187 187 187 187 187 187 187 187 187 187 
187 187 187 187 187 187 187 187 187 187 186 187 187 187 187 187 187 187 187 187 187 187 188 185 187 187 187 187 187 187 187 187 187 187 187 188 185 188 187 187 188 186 188 187 187 187 187 187 187 187 187 187 187 186 188 187 187 187 187 187 187 187 187 187 
187 187 187 187 187 187 187 187 187 187 185 188 187 187 187 187 187 187 187 187 188 187 185 187 187 187 187 187 187 187 187 188 187 187 187 187 185 188 187 187 187 186 187 187 187 187 186 187 187 187 187 187 187 186 186 187 186 186 187 187 187 187 187 187 
187 187 187 187 187 187 187 187 188 185 188 187 187 187 187 187 187 187 188 186 185 187 188 187 187 187 187 186 186 187 187 186 188 187 187 187 186 187 188 187 186 188 187 187 187 188 185 188 187 187 187 187 187 188 187 187 187 187 187 187 187 187 187 187 
187 187 187 187 187 187 187 187 186 187 187 187 187 187 187 188 187 186 185 187 188 187 187 187 187 187 187 186 188 187 187 187 186 188 187 187 188 186 185 187 188 187 187 187 187 188 185 188 187 187 187 187 187 187 187 187 187 187 187 187 187 187 187 187 
187 187 187 187 187 187 187 188 185 188 187 187 187 187 188 185 186 188 188 187 187 187 187 187 187 187 187 185 188 187 187 187 186 187 188 187 187 187 187 187 187 187 187 187 187 188 186 187 187 187 187 187 187 187 187 187 187 187 187 187 187 187 187 187 
187 187 187 187 187 187 187 188 186 187 187 187 187 187 186 187 187 187 187 187 187 187 187 187 187 187 187 188 185 187 187 187 188 186 185 186 187 188 187 187 187 187 187 187 187 188 186 188 187 187 187 187 187 187 187 187 187 188 187 187 187 187 187 187 
187 187 187 187 187 187 187 186 187 187 187 187 187 188 185 188 187 187 187 187 187 187 187 187 187 187 187 187 188 186 187 187 187 187 188 188 187 185 188 187 187 187 187 187 187 187 186 187 187 187 187 187 187 188 185 187 186 185 187 187 187 187 187 187 
187 187 187 187 187 187 187 186 187 187 187 187 187 188 186 188 187 187 187 187 187 187 187 187 187 187 187 187 187 188 186 187 187 187 187 187 187 187 186 187 187 187 187 187 187 187 188 185 187 188 187 187 188 185 187 187 187 188 186 186 187 187 187 187 
187 187 187 187 187 188 185 188 187 187 187 187 187 187 186 188 187 187 187 187 187 187 187 187 187 187 187 187 187 187 188 185 188 187 187 187 187 188 185 188 187 187 187 187 187 187 187 188 187 185 187 187 185 187 187 187 187 187 187 187 186 187 187 187 
187 187 187 187 188 185 187 187 187 187 187 187 187 188 188 186 187 187 187 187 188 187 187 187 187 187 187 187 187 187 187 186 188 187 187 187 187 187 186 187 187 187 187 187 187 187 187 187 187 188 187 187 188 187 187 187 187 187 187 187 188 186 187 187 
187 187 187 188 185 187 187 187 187 187 187 188 187 186 186 185 187 187 187 187 185 188 187 187 187 187 187 187 187 187 188 185 188 187 187 187 187 187 187 187 187 187 187 187 187 187 187 187 187 187 187 187 187 187 187 187 187 187 187 187 188 186 187 187 
187 187 187 186 188 187 187 187 187 187 187 185 187 188 188 188 185 188 187 187 187 186 188 187 187 187 187 187 187 187 188 185 188 187 187 187 187 188 187 186 187 187 187 187 187 187 187 187 187 187 187 187 187 187 187 187 187 187 187 186 185 187 187 187 
187 187 187 187 186 188 187 187 188 186 186 188 187 187 187 187 187 187 187 187 187 186 186 188 187 187 187 187 187 188 186 187 187 187 187 187 188 186 186 188 187 188 188 187 187 187 187 187 187 187 187 187 187 187 187 187 187 187 187 187 188 187 187 187 
187 187 187 187 187 185 186 187 185 187 188 187 187 187 187 187 188 185 187 187 187 187 187 186 187 187 187 187 186 185 187 187 187 187 187 188 185 187 187 187 187 185 186 185 186 187 187 187 187 187 187 187 187 187 187 187 187 187 188 186 186 187 187 187 
187 187 187 187 187 188 187 187 188 187 187 187 187 187 187 187 188 186 188 187 187 187 187 187 187 187 187 187 187 188 187 187 187 187 187 187 187 187 187 188 185 188 188 188 187 185 187 187 187 187 187 187 187 187 187 187 187 187 187 187 187 187 187 187 
187 187 187 187 187 187 187 187 187 187 187 187 187 187 187 187 188 186 188 187 187 187 187 187 188 188 188 188 187 187 187 187 187 187 187 187 187 187 188 187 187 187 187 187 188 185 188 187 187 187 187 187 187 187 187 187 187 187 187 187 187 187 187 187 
187 187 187 187 187 187 187 187 187 187 187 187 187 187 187 187 188 185 187 187 187 187 188 186 185 186 186 186 187 188 187 187 187 187 187 188 185 186 185 186 187 187 187 187 185 187 187 187 187 187 187 187 187 187 187 187 187 187 187 187 187 187 187 187 
187 187 188 188 188 188 187 187 187 187 187 187 187 187 187 188 187 187 187 187 187 188 186 187 188 188 188 188 187 185 188 187 187 187 187 187 187 188 188 187 187 187 188 185 188 187 187 187 187 187 187 187 187 187 187 187 187 187 187 187 187 187 187 187 
187 186 185 186 186 185 186 188 187 187 187 187 187 187 188 186 186 188 187 187 188 186 187 187 187 187 187 187 187 187 186 187 187 187 187 187 187 187 187 187 187 188 186 187 187 187 187 187 187 187 187 187 187 187 187 187 187 187 187 187 187 187 187 187 
187 187 188 188 188 188 187 185 187 187 187 187 187 187 185 187 187 187 187 187 186 187 187 187 187 187 187 187 187 188 186 187 187 187 187 187 187 187 187 187 187 187 186 187 187 187 187 187 187 187 187 187 187 187 187 187 187 187 187 187 187 188 186 187 
187 187 187 187 187 187 187 188 186 187 187 187 187 186 188 187 187 187 187 188 185 188 187 187 187 187 187 187 187 188 186 187 187 187 187 187 187 187 187 187 187 185 188 187 187 187 187 187 187 187 187 187 188 186 185 187 188 187 187 187 188 186 186 187 
187 187 187 187 187 187 187 187 188 185 188 188 185 188 187 187 187 187 187 187 187 187 187 187 187 187 187 187 187 188 185 188 187 187 187 187 187 187 187 187 185 188 187 187 187 187 187 187 187 187 187 187 186 187 188 186 186 188 188 188 186 187 187 187 
187 187 187 187 187 187 187 187 188 185 188 187 187 187 187 187 187 187 188 185 188 187 187 185 186 187 187 187 187 187 186 188 187 187 187 187 187 187 187 186 188 187 187 187 187 187 187 187 187 187 187 187 186 188 187 187 187 186 186 185 187 187 187 187 
187 187 187 187 187 187 187 188 186 187 187 187 187 187 187 187 187 187 188 186 187 188 185 188 188 186 187 187 187 187 188 185 188 187 187 187 187 188 185 188 187 187 187 187 187 187 187 187 187 187 187 186 188 187 187 187 187 188 188 188 188 187 187 187 
187 187 187 187 187 187 187 186 186 187 187 187 186 187 187 187 187 187 186 187 187 187 187 187 187 188 185 188 187 187 187 187 186 188 188 187 186 185 188 187 187 187 187 187 187 187 187 187 187 187 186 188 187 187 187 187 187 187 187 185 185 187 187 187 
187 187 187 187 187 188 186 186 188 187 187 188 185 188 187 187 187 188 185 188 187 187 187 187 187 188 186 188 187 187 187 187 187 185 185 186 187 188 187 187 187 187 188 187 187 187 187 187 187 186 188 187 187 187 187 187 187 187 186 188 188 186 186 187 
187 187 186 186 186 185 187 187 187 187 187 187 186 187 187 187 187 186 187 187 187 188 185 188 187 188 186 187 187 187 187 187 187 187 188 187 187 187 187 187 186 186 185 188 187 187 187 188 185 188 187 187 187 187 187 187 188 185 188 187 187 187 187 187 
187 187 187 188 188 188 187 187 187 187 187 187 188 185 188 188 187 186 188 187 187 187 187 185 187 185 187 187 187 187 187 187 187 187 187 187 187 187 187 186 188 187 188 185 187 188 188 185 188 187 187 187 187 187 187 187 187 187 187 187 187 187 187 187 
187 187 187 187 187 187 187 187 187 187 187 187 187 188 185 185 186 188 187 187 187 187 187 188 187 187 187 187 187 187 187 187 187 187 187 187 187 187 188 185 188 187 187 188 186 186 185 187 187 187 187 187 187 187 187 187 187 187 187 187 187 187 187 187 
187 187 187 187 187 187 187 187 187 187 187 187 187 187 188 188 188 187 187 187 187 187 187 187 187 187 187 187 187 187 187 187 187 187 187 187 187 187 188 186 187 187 187 187 187 188 188 187 187 187 188 188 187 187 187 187 187 187 187 187 187 187 187 187 
187 187 187 187 187 188 187 187 187 187 187 187 187 188 186 186 186 188 188 187 187 187 187 187 187 187 187 187 187 187 187 187 187 187 187 187 187 187 187 186 187 187 187 187 187 187 187 187 187 186 186 186 186 187 187 187 188 185 188 187 187 187 187 187 
187 187 187 187 186 185 187 188 187 187 187 188 187 185 187 188 188 186 185 186 187 188 187 187 187 187 187 187 186 186 187 186 187 188 187 187 187 188 186 188 187 187 187 187 187 187 187 188 185 188 188 188 188 186 186 187 187 187 186 187 187 187 187 187 
187 187 187 187 187 188 187 185 186 187 187 186 186 188 187 187 187 187 188 188 186 185 188 187 187 187 187 187 186 188 187 188 186 186 187 188 188 186 186 187 187 187 187 187 187 187 187 186 187 187 187 187 187 188 186 188 187 188 185 187 187 187 187 187 
187 187 187 187 187 187 187 188 188 187 187 188 187 187 187 187 187 187 187 187 187 187 187 187 187 187 187 187 187 187 187 187 187 187 186 186 186 187 187 187 187 187 187 187 187 187 187 186 188 187 187 187 187 187 187 186 187 187 187 186 187 187 187 187 
187 187 187 187 187 187 187 187 187 187 187 187 187 187 187 187 187 187 187 187 187 188 186 187 187 187 187 187 187 187 187 187 187 187 187 187 187 187 187 187 187 188 188 187 187 187 187 186 187 187 187 187 187 187 188 186 187 187 187 187 187 187 187 187 
187 187 187 187 187 187 187 187 187 187 187 187 187 187 187 187 187 187 187 187 187 186 187 187 188 187 187 186 186 187 187 187 187 187 187 187 187 187 187 187 187 185 185 186 187 187 187 188 185 188 187 187 187 187 187 187 187 187 187 187 187 187 187 187 
187 187 187 187 187 187 187 187 187 187 187 187 187 187 187 187 187 187 187 187 188 185 188 187 185 186 187 187 187 187 187 187 187 187 187 187 187 187 187 187 186 188 188 186 187 187 187 187 186 187 187 187 187 187 186 187 187 187 187 187 187 187 187 187 
187 187 187 187 187 187 187 187 187 187 187 187 187 187 187 187 187 187 187 187 186 187 188 186 188 187 187 187 187 187 187 188 188 188 187 187 187 187 187 186 188 187 187 188 186 187 187 187 187 186 187 187 187 187 186 188 187 187 187 187 187 187 187 187 
187 187 187 187 187 187 187 187 187 187 187 187 187 187 187 187 187 187 187 188 185 188 186 188 187 187 187 187 187 187 187 185 186 186 186 187 187 187 188 185 188 187 187 188 185 188 187 187 188 186 187 187 187 187 186 187 187 187 187 187 187 187 187 187 
187 187 187 187 187 187 187 187 187 187 187 188 186 185 187 187 187 187 188 185 188 188 185 188 187 187 187 187 187 188 186 188 188 188 188 187 186 187 188 185 188 187 187 187 187 186 188 188 186 187 187 187 187 187 187 186 187 187 187 187 187 187 187 187 
187 187 187 187 187 187 187 187 187 187 187 186 188 188 185 188 187 188 185 188 187 187 186 187 187 187 187 187 187 188 186 188 187 187 187 188 186 187 187 187 187 187 187 187 187 186 186 186 186 188 187 187 187 187 187 187 187 187 187 187 187 187 187 187 
187 187 187 187 187 187 187 187 187 187 186 187 188 188 186 187 187 187 186 187 187 186 187 187 187 187 187 187 188 186 187 187 187 187 187 188 186 187 187 188 186 187 187 187 187 187 187 187 187 187 187 187 187 187 187 187 187 187 187 187 187 187 187 187 
187 187 187 187 187 187 187 187 187 187 187 186 186 186 188 187 187 187 187 187 187 186 188 187 187 187 187 187 186 187 187 187 187 187 187 187 187 187 187 188 185 188 187 187 187 187 188 188 187 187 187 187 187 187 187 187 187 187 187 187 187 187 187 187 
187 187 187 187 187 187 187 187 187 187 187 187 187 187 187 187 187 187 187 187 187 186 188 187 187 187 187 187 186 188 187 187 187 187 187 187 187 187 187 188 185 188 187 187 187 187 185 185 186 187 187 187 187 187 187 187 187 187 187 187 187 187 187 187 
187 187 187 187 187 187 187 187 187 187 187 187 187 187 187 187 187 185 187 187 187 188 185 188 187 187 188 185 188 187 187 187 187 187 187 187 187 187 187 188 186 187 187 187 187 186 188 188 187 186 187 187 187 187 187 187 187 187 187 187 187 187 187 187 
187 187 187 187 187 187 187 187 187 187 187 187 187 187 187 186 186 187 187 187 187 187 187 185 188 188 185 187 187 187 187 187 187 187 187 186 187 187 187 187 186 187 187 188 185 188 187 187 187 187 187 187 187 187 187 187 187 187 187 187 187 187 187 187 
187 187 187 187 187 187 187 187 187 187 187 187 187 187 187 187 187 187 187 187 187 187 187 188 186 186 187 187 187 187 187 187 187 187 187 186 188 187 187 186 187 187 187 188 186 187 187 187 187 187 187 187 187 187 187 187 187 187 187 187 187 187 187 187 
187 187 187 187 187 187 187 187 187 187 187 187 187 187 187 187 187 187 187 187 187 187 187 187 187 187 187 187 187 187 187 187 187 187 187 186 188 187 187 186 187 187 187 187 187 187 187 187 187 187 187 187 187 187 187 187 187 187 187 187 187 187 187 187 
187 187 187 187 187 187 187 187 187 187 187 187 187 187 187 187 187 187 187 187 187 187 187 187 187 187 187 187 187 187 188 188 188 188 188 185 188 188 185 187 187 187 187 187 187 187 187 187 187 187 187 187 187 187 187 187 187 187 187 187 187 187 187 187 
187 187 187 187 187 187 187 187 187 187 187 187 187 187 187 187 187 187 187 187 187 187 187 187 187 187 187 187 187 187 186 186 186 186 186 187 187 187 187 187 187 187 187 187 187 187 187 187 187 187 187 187 187 187 187 187 187 187 187 187 187 187 187 187 
187 187 187 187 187 187 187 187 187 187 187 187 187 187 187 187 187 187 187 187 187 187 187 187 187 187 187 187 187 187 187 187 187 187 187 187 187 187 187 187 187 187 187 187 187 187 187 187 187 187 187 187 187 187 187 187 187 187 187 187 187 187 187 187 
