187 187 187 187 187 187 187 187 187 187 187 187 187 187 187 187 187 187 187 187 187 187 187 187 187 187 187 187 187 187 187 188 184 188 187 187 187 187 187 187 187 187 187 187 187 187 187 187 187 187 187 187 187 187 187 187 187 187 187 187 187 187 187 187 
187 187 187 187 187 187 187 187 187 187 187 187 187 187 187 187 187 187 187 187 187 187 187 187 187 187 187 187 187 187 187 196 169 193 187 188 192 189 182 181 185 187 187 187 187 187 187 187 187 187 187 187 187 187 187 187 187 187 187 187 187 187 187 187 
187 187 187 187 187 187 187 187 187 187 187 187 187 187 187 187 187 187 187 187 187 187 187 187 187 187 187 187 187 187 193 182 172 192 188 196 160 166 186 194 192 188 187 187 187 187 187 187 187 187 187 187 187 187 187 187 187 187 187 187 187 187 187 187 
187 187 187 187 187 187 187 187 187 187 187 187 187 187 187 187 187 187 187 187 187 187 187 187 187 187 187 187 187 189 195 154 199 187 193 166 192 198 190 187 187 187 187 187 187 187 187 187 187 187 187 187 187 187 187 187 187 187 187 187 187 187 187 187 
187 187 187 187 187 187 187 187 187 187 187 187 187 187 187 187 187 187 187 187 187 187 187 187 187 187 187 187 187 199 154 195 189 187 196 154 202 187 187 187 187 187 187 187 187 187 187 188 186 187 187 187 187 187 187 187 187 187 187 187 187 187 187 187 
187 187 187 187 187 187 187 187 187 187 187 187 187 187 187 187 187 187 187 187 187 187 187 187 187 187 187 187 194 170 182 193 187 187 196 162 196 187 187 187 187 187 187 187 187 187 187 192 181 188 187 187 187 187 187 187 187 187 187 187 187 187 187 187 
187 187 187 187 187 187 187 187 187 187 187 187 187 187 187 187 187 187 187 187 187 187 187 187 187 187 187 187 198 155 200 187 187 187 194 164 196 187 187 187 187 187 187 187 187 187 187 194 173 190 187 187 187 187 187 187 187 187 187 187 187 187 187 187 
187 187 187 187 187 187 187 187 187 187 187 187 187 187 187 187 187 187 187 187 187 187 187 187 187 187 187 188 188 168 194 187 187 187 194 164 196 187 187 187 187 187 187 187 187 187 187 189 187 171 191 187 187 187 187 187 187 187 187 187 187 187 187 187 
187 187 187 187 187 187 187 187 187 187 187 187 187 187 187 187 187 187 187 187 187 187 187 187 187 187 187 187 195 163 197 187 187 187 195 164 196 187 187 187 187 187 187 187 187 187 187 187 199 152 198 187 187 187 187 187 187 187 187 187 187 187 187 187 
187 187 187 187 187 187 187 187 187 187 187 187 187 187 187 187 187 187 187 187 187 187 187 187 187 187 187 187 196 158 192 194 187 188 202 153 198 187 187 187 187 187 187 187 187 187 187 187 191 187 164 196 187 187 187 187 187 187 187 187 187 187 187 187 
187 187 187 187 187 187 187 187 187 187 187 187 187 187 187 187 187 187 187 187 187 187 187 187 187 187 187 187 188 197 155 176 201 202 165 176 193 187 187 187 187 187 187 187 187 187 187 187 187 197 159 192 190 187 187 187 187 187 187 187 187 187 187 187 
187 187 187 187 187 187 187 187 187 187 187 187 195 195 193 199 193 187 187 187 187 187 187 187 187 187 187 187 187 189 199 178 156 156 182 196 187 187 187 187 187 187 187 187 187 187 187 187 187 188 198 152 199 187 187 187 187 187 187 187 187 187 187 187 
187 187 187 187 187 187 187 187 187 187 187 194 170 163 166 154 169 198 187 187 187 187 187 187 187 187 187 187 187 187 187 191 196 196 191 187 187 187 187 187 187 187 187 187 187 187 187 187 187 187 192 181 170 195 187 187 187 187 187 187 187 187 187 187 
187 187 187 187 187 187 187 187 187 187 187 197 155 204 195 201 179 165 196 187 187 187 187 187 187 187 187 187 187 187 187 187 187 187 187 187 187 187 187 187 187 187 187 187 187 187 187 187 187 187 187 199 155 195 188 187 187 187 187 187 187 187 187 187 
187 187 187 187 187 187 187 187 187 187 187 196 166 195 187 187 198 164 192 188 187 187 187 187 187 187 187 187 187 187 187 187 187 187 187 187 187 187 187 187 187 187 187 187 187 187 187 187 187 187 187 189 194 163 195 187 187 187 187 187 187 187 187 187 
187 187 187 187 187 187 187 187 187 187 187 198 153 201 187 187 195 171 187 188 187 187 187 187 187 187 187 187 187 187 187 187 187 187 187 187 187 187 187 187 187 187 187 187 187 187 187 187 187 187 187 187 198 154 199 187 187 187 187 187 187 187 187 187 
187 187 187 187 187 187 187 187 187 187 187 193 175 176 200 196 200 153 198 187 187 187 187 187 187 187 187 187 187 187 187 187 187 187 187 187 187 187 187 187 187 187 187 187 187 187 187 187 187 187 187 187 191 178 178 192 187 187 187 187 187 187 187 187 
187 187 187 187 187 187 187 187 187 187 187 187 197 166 158 166 152 192 190 187 187 187 187 187 187 187 187 187 187 187 187 187 187 187 187 187 187 187 187 187 187 187 187 187 187 187 187 187 187 187 187 187 187 199 151 199 188 187 187 187 187 187 187 187 
187 187 187 187 187 187 187 187 187 187 187 187 187 195 196 196 197 190 187 187 187 187 187 187 187 187 187 187 187 187 187 187 187 187 187 187 187 187 187 187 187 187 187 187 187 187 187 187 187 187 187 187 187 191 186 162 198 187 187 187 187 187 187 187 
187 187 187 187 187 187 187 187 187 187 187 187 187 187 187 187 187 187 187 187 187 187 187 187 187 187 187 187 187 187 187 187 187 187 187 187 187 187 187 187 187 187 187 187 187 187 187 187 187 187 187 187 187 187 195 178 169 196 187 187 187 187 187 187 
187 187 187 187 187 187 187 187 187 187 187 187 187 187 187 187 187 187 187 187 187 187 187 187 187 187 187 187 187 187 187 187 187 187 187 187 187 187 187 187 187 187 187 187 187 187 187 187 187 187 187 187 187 187 187 197 165 179 196 187 187 187 187 187 
187 187 188 187 187 187 187 187 187 187 187 187 187 187 187 187 187 187 187 187 187 187 187 187 187 187 187 187 187 187 187 187 187 187 187 187 187 187 187 187 187 187 187 187 187 187 187 187 187 187 187 187 187 187 187 187 199 164 179 198 189 187 187 187 
187 187 189 187 187 187 187 187 187 187 187 187 187 187 187 187 187 187 187 187 187 187 187 187 187 187 187 187 187 187 187 187 187 187 187 187 187 187 187 187 190 196 198 198 194 188 187 187 187 187 187 187 187 187 187 187 187 198 169 158 189 189 186 187 
187 185 193 187 187 187 187 187 187 187 187 187 187 187 187 187 187 187 187 187 187 187 187 187 187 187 187 187 187 187 187 187 187 187 187 187 187 187 187 196 187 155 159 156 163 197 192 187 187 187 187 187 187 187 187 187 187 187 195 193 171 179 187 187 
187 181 194 187 187 187 187 187 187 187 187 187 187 187 187 187 188 189 189 188 187 187 187 187 187 187 187 187 187 187 187 187 187 187 187 187 187 187 198 169 163 200 199 201 192 152 182 199 190 187 187 187 187 187 187 187 187 187 187 188 191 190 187 187 
187 182 187 191 187 187 187 187 187 187 187 187 187 187 187 195 192 181 181 193 197 188 187 187 187 187 187 187 187 187 187 187 187 187 187 187 187 198 164 179 198 188 187 187 190 199 170 154 187 199 190 187 187 187 187 187 187 187 187 187 187 187 187 187 
187 190 163 198 187 187 187 187 187 187 187 187 187 187 197 170 159 183 183 160 159 195 193 187 187 187 187 187 187 187 187 187 187 187 187 187 196 169 178 196 187 187 187 187 187 187 194 198 168 153 187 196 187 187 187 187 187 187 187 187 187 187 187 187 
187 192 161 192 190 187 187 187 187 187 187 187 187 193 179 169 200 190 190 197 194 155 175 200 190 187 187 187 187 187 187 187 187 187 187 194 179 165 197 187 187 187 187 187 187 187 187 188 194 199 164 166 200 189 187 187 187 187 187 187 187 187 187 187 
187 188 197 152 200 188 187 187 187 187 187 187 188 198 153 200 187 187 187 187 189 199 175 153 187 200 195 190 188 187 187 187 187 187 190 191 157 199 187 187 187 187 187 187 187 187 187 187 187 188 197 180 154 198 189 187 187 187 187 187 187 187 187 187 
187 187 192 181 164 198 187 187 187 187 187 187 194 167 187 190 187 187 187 187 187 187 193 198 170 154 163 182 193 197 197 199 196 190 199 153 198 188 187 187 187 187 187 187 187 187 187 187 187 187 187 194 193 153 198 189 187 187 187 187 187 187 187 187 
187 187 187 195 175 175 193 187 187 187 187 187 199 154 200 187 187 187 187 187 187 187 187 188 193 199 193 182 165 165 158 157 158 184 192 179 203 192 189 187 187 187 187 187 187 187 187 187 187 187 187 187 192 192 153 199 190 187 187 187 187 187 187 187 
187 187 187 187 204 152 196 187 187 187 187 188 188 170 193 187 187 187 187 187 187 187 187 187 187 187 188 190 192 194 196 199 199 169 190 159 157 170 189 199 192 187 187 187 187 187 187 187 187 187 187 187 187 192 192 151 193 192 187 187 187 187 187 187 
187 187 187 191 193 156 197 187 187 187 187 189 181 184 190 187 187 187 187 187 187 187 187 187 187 187 187 187 187 187 187 187 196 165 195 198 199 189 170 152 181 197 187 187 187 187 187 187 187 187 187 187 187 187 191 198 155 184 191 187 187 187 187 187 
187 187 189 198 151 199 189 187 187 187 187 188 193 159 198 187 187 187 187 187 187 187 187 187 187 187 187 187 187 187 187 187 200 153 199 187 187 188 193 200 169 165 198 187 187 187 187 187 187 187 187 187 187 187 187 189 202 153 197 187 187 187 187 187 
187 187 199 155 193 190 187 187 187 187 187 187 196 166 179 198 188 187 187 187 187 187 187 187 187 187 187 187 187 187 187 190 183 175 192 187 187 187 187 187 196 179 165 197 187 187 187 187 187 187 187 187 187 187 187 187 201 155 196 187 187 187 187 187 
187 191 175 175 194 187 187 187 187 187 187 187 187 198 168 162 199 190 187 187 187 187 187 187 187 187 187 187 187 187 187 199 154 198 187 187 187 187 187 187 187 196 169 179 193 187 187 187 187 187 187 187 187 187 187 193 182 170 194 187 187 187 187 187 
187 188 160 199 187 187 187 187 187 187 187 187 187 187 196 186 151 192 192 187 187 187 187 187 187 187 187 187 187 187 189 189 167 194 187 187 187 187 187 187 187 187 200 152 198 188 187 187 187 187 187 187 187 187 191 192 154 199 187 187 187 187 187 187 
187 175 197 189 187 187 187 187 187 187 187 187 187 187 187 192 198 154 192 192 187 187 187 187 187 187 187 187 187 187 199 156 195 188 187 187 187 187 187 187 187 187 190 192 160 197 187 187 187 187 187 187 187 188 197 151 199 189 187 187 187 187 187 187 
186 189 190 187 187 187 187 187 187 187 187 187 187 187 187 187 189 198 154 191 190 187 187 187 187 187 187 187 187 192 182 170 194 187 187 187 187 187 187 187 187 187 187 197 159 194 188 187 187 187 187 187 187 196 159 192 190 187 187 187 187 187 187 187 
187 187 187 187 187 187 187 187 187 187 187 187 187 187 187 187 187 189 200 151 199 187 187 187 187 187 187 187 188 198 152 199 187 187 187 187 187 187 187 187 187 187 187 188 194 159 197 187 187 187 187 187 187 198 158 198 187 187 187 187 187 187 187 187 
187 187 187 187 187 187 187 187 187 187 187 187 187 187 187 187 187 187 193 175 184 189 187 187 187 187 187 187 198 163 187 190 187 187 187 187 187 187 187 187 187 187 187 187 197 160 193 188 187 187 187 187 189 184 175 191 187 187 187 187 187 187 187 187 
187 187 187 187 187 187 187 187 187 187 187 187 187 187 187 187 187 187 188 193 165 192 187 187 187 187 189 198 178 168 196 187 187 187 187 187 187 187 187 187 187 187 187 187 191 185 181 189 187 187 187 187 189 181 183 190 189 192 195 197 196 191 187 187 
187 187 187 187 187 187 187 187 187 187 187 187 187 187 187 187 187 187 187 197 164 194 187 187 188 197 194 158 169 198 187 187 187 187 187 187 187 187 187 187 187 187 188 196 200 160 187 188 187 187 187 187 188 187 168 204 189 169 164 155 168 182 187 187 
187 187 187 187 187 187 187 187 187 187 187 187 187 187 187 187 187 187 188 197 163 193 187 193 194 159 159 194 195 187 187 187 187 187 187 187 187 187 187 187 187 196 194 160 155 186 194 187 187 187 187 187 187 196 170 155 170 189 197 199 193 188 187 187 
187 187 187 187 187 187 187 187 187 187 187 187 187 187 187 187 187 188 199 167 185 189 193 182 155 195 197 188 187 187 187 187 187 187 187 187 187 187 187 187 197 166 159 194 198 190 187 187 187 187 187 187 187 188 193 196 192 189 187 187 187 187 187 187 
187 187 187 187 187 187 187 187 187 187 187 187 187 187 187 187 192 200 163 169 196 188 197 153 202 189 187 187 187 187 187 187 187 187 187 187 187 187 187 193 175 175 199 188 187 187 187 187 187 187 187 187 195 196 196 195 187 187 187 187 187 187 187 187 
187 187 187 187 187 187 187 187 187 187 187 187 187 188 193 200 177 151 186 196 187 189 181 182 191 187 187 187 187 187 187 187 187 187 187 187 187 187 187 198 154 200 187 187 187 187 187 187 187 187 187 197 166 159 159 165 198 187 187 187 187 187 187 187 
187 187 187 187 187 187 187 187 187 187 187 191 198 197 170 152 177 199 191 187 187 188 188 171 192 187 187 187 187 187 187 187 187 187 187 187 187 187 188 188 170 192 187 187 187 187 187 187 187 187 191 182 170 201 200 180 166 195 187 187 187 187 187 187 
187 187 187 187 187 187 187 187 190 198 197 176 155 158 186 199 192 187 187 187 187 187 199 156 198 187 187 187 187 187 187 187 187 187 187 187 187 187 189 181 182 189 187 187 187 187 187 187 187 187 198 154 200 188 187 198 161 191 187 187 187 187 187 187 
187 187 187 187 187 187 187 195 186 155 159 182 199 196 190 187 187 187 187 187 187 187 196 158 197 187 187 187 187 187 187 187 187 187 187 187 187 187 189 181 182 189 187 187 187 187 187 187 187 188 196 162 196 187 187 189 188 180 187 187 187 187 187 187 
187 187 187 187 187 187 188 177 169 199 197 190 187 187 187 187 187 187 187 187 187 187 190 182 176 191 187 187 187 187 187 187 187 187 187 187 187 187 188 188 170 194 187 187 187 187 187 187 187 191 176 182 190 187 187 187 193 183 187 187 187 187 187 187 
187 187 187 187 187 187 187 186 194 188 187 187 187 187 187 187 187 187 187 187 187 187 187 199 156 197 187 187 187 187 187 187 187 187 187 187 187 187 187 198 152 199 189 187 187 187 187 187 187 198 156 199 187 187 187 187 189 186 187 187 187 187 187 187 
187 187 187 187 187 187 187 187 187 187 187 187 187 187 187 187 187 187 187 187 187 187 187 198 156 198 187 187 187 187 187 187 187 187 187 187 187 187 187 190 192 154 195 195 188 187 187 187 189 195 160 196 187 187 187 187 187 187 187 187 187 187 187 187 
187 187 187 187 187 187 187 187 187 187 187 187 187 187 187 187 187 187 187 187 187 187 187 194 165 196 187 187 187 187 187 187 187 187 187 187 187 187 187 187 191 194 155 167 194 200 197 197 202 155 193 188 187 187 187 187 187 187 187 187 187 187 187 187 
187 187 187 187 187 187 187 187 187 187 187 187 187 187 187 187 187 187 187 187 187 187 187 193 164 196 188 187 187 187 187 187 187 187 187 187 187 187 187 187 187 189 198 189 163 157 157 160 154 186 193 187 187 187 187 187 187 187 187 187 187 187 187 187 
187 187 187 187 187 187 187 187 187 187 187 187 187 187 187 187 187 187 187 187 187 187 187 190 180 182 189 187 187 187 187 187 187 187 187 187 187 187 187 187 187 187 187 189 194 198 198 196 198 190 187 187 187 187 187 187 187 187 187 187 187 187 187 187 
187 187 187 187 187 187 187 187 187 187 187 187 187 187 187 187 187 187 187 187 187 187 187 192 176 184 189 187 187 187 187 187 187 187 187 187 187 187 187 187 187 187 187 187 187 187 187 187 187 187 187 187 187 187 187 187 187 187 187 187 187 187 187 187 
187 187 187 187 187 187 187 187 187 187 187 187 187 187 187 187 187 187 187 187 187 187 191 204 153 198 187 187 187 187 187 187 187 187 187 187 187 187 187 187 187 187 187 187 187 187 187 187 187 187 187 187 187 187 187 187 187 187 187 187 187 187 187 187 
187 187 187 187 187 187 187 187 187 187 187 187 187 187 187 187 187 187 187 192 199 197 176 154 180 193 187 187 187 187 187 187 187 187 187 187 187 187 187 187 187 187 187 187 187 187 187 187 187 187 187 187 187 187 187 187 187 187 187 187 187 187 187 187 
187 187 187 187 187 187 187 187 187 187 187 187 187 187 187 187 187 189 193 178 158 158 182 198 193 187 187 187 187 187 187 187 187 187 187 187 187 187 187 187 187 187 187 187 187 187 187 187 187 187 187 187 187 187 187 187 187 187 187 187 187 187 187 187 
187 187 187 187 187 187 187 187 187 187 187 187 187 187 187 187 187 187 183 185 194 194 190 187 187 187 187 187 190 197 197 193 187 187 187 187 187 187 187 187 187 187 187 187 187 187 187 187 187 187 187 187 187 187 187 187 187 187 187 187 187 187 187 187 
187 187 187 187 187 187 187 187 187 187 187 187 187 187 187 187 187 187 187 187 187 187 187 187 187 187 187 191 192 153 154 176 197 188 187 187 187 187 187 187 187 187 187 187 187 187 187 187 187 187 187 187 187 187 187 187 187 187 187 187 187 187 187 187 
187 187 187 187 187 187 187 187 187 187 187 187 187 187 187 187 187 187 187 187 187 187 187 187 187 187 187 191 171 196 198 176 176 194 188 187 187 187 187 187 187 187 187 187 187 187 187 187 187 187 187 187 187 187 187 187 187 187 187 187 187 187 187 187 
187 187 187 187 187 187 187 187 187 187 187 187 187 187 187 187 187 187 187 187 187 187 187 187 187 187 187 186 187 187 187 188 185 185 188 187 187 187 187 187 187 187 187 187 187 187 187 187 187 187 187 187 187 187 187 187 187 187 187 187 187 187 187 187 
