187 187 187 187 187 187 187 187 187 187 187 187 187 187 187 187 187 187 187 187 187 187 187 187 187 187 187 187 187 187 187 187 187 187 187 187 187 187 187 187 187 187 187 187 187 187 187 187 187 187 187 187 187 187 187 187 187 187 187 187 187 187 187 187 
187 187 187 187 187 187 187 187 187 187 187 187 187 187 187 187 187 187 187 187 187 187 187 187 187 187 187 187 187 187 187 187 187 187 187 187 187 187 187 187 187 187 187 187 187 187 187 187 187 187 187 187 187 187 187 187 187 187 187 187 187 187 187 187 
187 187 187 187 187 187 187 187 187 187 187 187 187 187 187 187 187 187 187 187 187 187 187 187 187 187 187 187 187 187 187 187 187 187 187 187 187 187 187 187 187 187 187 187 187 187 187 187 187 187 187 187 187 187 187 187 187 187 187 187 187 187 187 187 
187 187 187 187 187 187 187 187 187 187 187 187 187 187 187 187 187 187 187 187 187 187 187 187 187 187 187 187 187 187 187 187 187 187 187 187 187 187 187 187 187 187 187 187 187 187 187 187 187 187 187 187 187 187 187 187 187 187 187 187 187 187 187 187 
187 187 187 187 187 187 187 187 187 187 187 187 187 187 187 187 187 187 187 187 187 187 187 187 187 187 187 187 187 187 187 187 187 187 187 187 187 187 187 187 187 187 187 187 187 187 187 187 187 187 187 187 187 187 187 187 187 187 187 187 187 187 187 187 
187 187 187 187 187 187 187 187 187 187 187 187 187 187 187 187 187 187 187 187 187 187 187 187 187 187 187 187 187 187 187 187 187 187 187 187 187 187 187 187 187 187 187 187 187 187 187 187 187 187 187 187 187 187 187 187 187 187 187 187 187 187 187 187 
187 187 187 187 187 187 187 187 187 187 187 187 187 187 187 187 187 187 187 187 187 187 187 187 187 187 187 187 187 187 187 187 187 187 187 187 187 187 187 187 187 187 187 187 187 187 187 187 187 187 187 187 187 187 187 187 187 187 187 187 187 187 187 187 
187 187 187 187 187 187 187 187 187 187 187 187 187 187 187 187 187 187 187 187 187 187 187 187 187 187 187 187 187 187 187 187 187 187 187 187 187 187 187 187 187 187 187 187 187 187 187 187 187 187 187 187 187 187 187 187 187 187 187 187 187 187 187 187 
187 187 187 187 187 187 187 187 187 187 187 187 187 187 187 187 187 187 187 187 187 187 187 187 187 187 187 187 187 187 187 187 187 187 187 187 187 187 187 187 187 187 187 187 187 187 187 187 187 187 187 187 187 187 187 187 187 187 187 187 187 187 187 187 
187 187 187 187 187 187 187 187 187 187 187 187 187 187 187 187 187 187 187 187 187 187 187 187 187 187 187 187 187 187 187 187 187 187 187 187 187 187 187 187 187 187 187 187 187 187 187 187 187 187 187 187 187 187 187 187 187 187 187 187 187 187 187 187 
187 187 187 187 187 187 187 187 187 187 187 187 187 187 187 187 187 187 187 187 187 187 187 187 187 187 187 187 187 187 187 187 187 187 187 187 187 187 187 187 187 187 187 187 187 187 187 187 187 187 187 187 187 187 187 187 187 187 187 187 187 187 187 187 
187 187 187 187 187 187 187 187 187 187 187 187 187 187 187 187 187 187 187 187 187 187 187 187 187 187 187 187 187 187 187 187 187 187 187 187 187 187 187 187 187 187 187 187 187 187 187 187 187 187 187 187 187 187 187 187 187 187 187 187 187 187 187 187 
187 187 187 187 187 187 187 187 187 187 187 187 187 187 187 187 187 187 187 187 187 187 187 187 187 187 187 187 187 187 187 187 187 187 187 187 187 187 187 187 187 187 187 187 187 187 187 187 187 187 187 187 187 187 187 187 187 187 187 187 187 187 187 187 
187 187 187 187 187 187 187 187 187 187 187 187 187 187 187 187 187 187 187 187 187 187 187 187 187 187 187 187 187 187 187 187 187 187 187 187 187 187 187 187 187 187 187 187 187 187 187 187 187 187 187 187 187 187 187 187 187 187 187 187 187 187 187 187 
187 187 187 187 187 187 187 187 187 187 187 187 187 187 187 187 187 187 187 187 187 187 187 187 187 187 187 187 187 187 187 187 187 187 187 187 187 187 187 187 187 187 187 187 187 187 187 187 187 187 187 187 187 187 187 187 187 187 187 187 187 187 187 187 
187 187 187 187 187 187 187 187 187 187 187 187 187 187 187 187 187 187 187 187 187 187 187 187 187 187 187 187 187 187 187 187 187 187 187 187 187 187 187 187 187 187 187 187 187 187 187 187 187 187 187 187 187 187 187 187 187 187 187 187 187 187 187 187 
187 187 187 187 187 187 187 187 187 187 187 187 187 187 187 187 187 187 187 187 187 187 187 187 187 187 187 187 187 187 187 187 187 187 187 187 187 187 187 187 187 187 187 187 187 187 187 187 187 187 187 187 187 187 187 187 187 187 187 187 187 187 187 187 
187 187 187 187 187 187 187 187 187 187 187 187 187 187 187 187 187 187 187 187 187 187 187 187 187 187 187 187 187 187 187 187 187 187 187 187 187 187 187 187 187 187 187 187 187 187 187 187 187 187 187 187 187 187 187 187 187 187 187 187 187 187 187 187 
187 187 187 187 187 187 187 187 187 187 187 187 187 187 187 187 187 187 187 187 187 187 187 187 187 187 187 187 187 187 187 187 187 187 187 187 187 187 187 187 187 187 187 187 187 187 187 187 187 187 187 187 187 187 187 187 187 187 187 187 187 187 187 187 
187 187 187 187 187 187 187 187 187 187 187 187 187 187 187 187 187 187 187 187 187 187 187 187 187 187 187 187 187 187 187 187 187 187 187 187 187 187 187 187 187 187 187 187 187 187 187 187 187 187 187 187 187 187 187 187 187 187 187 187 187 187 187 187 
187 187 187 187 187 187 187 187 187 187 187 187 187 187 187 187 187 187 187 187 187 187 187 187 187 187 187 187 187 187 187 187 187 187 187 187 187 187 187 187 187 187 187 187 187 187 187 187 187 187 187 187 187 187 187 187 187 187 187 187 187 187 187 187 
187 187 187 187 187 187 187 187 187 187 187 187 187 187 187 187 187 187 187 187 187 187 187 187 187 187 187 187 187 187 187 187 187 187 187 187 187 187 187 187 187 187 187 187 187 187 187 187 187 187 187 187 187 187 187 187 187 187 187 187 187 187 187 187 
187 187 187 187 187 187 187 187 187 187 187 187 187 187 187 187 187 187 187 187 187 187 187 187 187 187 187 187 187 187 187 187 187 187 187 187 187 187 187 187 187 187 187 187 187 187 187 187 187 187 187 187 187 187 187 187 187 187 187 187 187 187 187 187 
187 187 187 187 187 187 187 187 187 187 187 187 187 187 187 187 187 187 187 187 187 187 187 187 187 187 187 187 187 187 187 187 187 187 187 187 187 187 187 187 187 187 187 187 187 187 187 187 187 187 187 187 187 187 187 187 187 187 187 187 187 187 187 187 
187 187 187 187 187 187 187 187 187 187 187 187 187 187 187 187 187 187 187 187 187 187 187 187 187 187 187 187 187 187 187 187 187 187 187 187 187 187 187 187 187 187 187 187 187 187 187 187 187 187 187 187 187 187 187 187 187 187 187 187 187 187 187 187 
187 187 187 187 187 187 187 187 187 187 187 187 187 187 187 187 187 187 187 187 187 187 187 187 187 187 187 187 187 187 187 187 187 187 187 187 187 187 187 187 187 187 187 187 187 187 187 187 187 187 187 187 187 187 187 187 187 187 187 187 187 187 187 187 
187 187 187 187 187 187 187 187 187 187 187 187 187 187 187 187 187 187 187 187 187 187 187 187 187 187 187 187 187 187 187 187 187 187 187 187 187 187 187 187 187 187 187 187 187 187 187 187 187 187 187 187 187 187 187 187 187 187 187 187 187 187 187 187 
187 187 187 187 187 187 187 187 187 187 187 187 187 187 187 187 187 187 187 187 187 187 187 187 187 187 187 187 187 187 187 187 187 187 187 187 187 187 187 187 187 187 187 187 187 187 187 187 187 187 187 187 187 187 187 187 187 187 187 187 187 187 187 187 
187 187 187 187 187 187 187 187 187 187 187 187 187 187 187 187 187 187 187 187 187 187 187 187 187 187 187 187 187 187 187 187 187 187 187 187 187 187 187 187 187 187 187 187 187 187 187 187 187 187 187 187 187 187 187 187 187 187 187 187 187 187 187 187 
187 187 187 187 187 187 187 187 187 187 187 187 187 187 187 187 187 187 187 187 187 187 187 187 187 187 187 187 187 187 187 187 187 187 187 187 187 187 187 187 187 187 187 187 187 187 187 187 187 187 187 187 187 187 187 187 187 187 187 187 187 187 187 187 
187 187 187 187 187 187 187 187 187 187 187 187 187 187 187 187 187 187 187 187 187 187 187 187 187 187 187 187 187 187 187 187 187 187 187 187 187 187 187 187 187 187 187 187 187 187 187 187 187 187 187 187 187 187 187 187 187 187 187 187 187 187 187 187 
187 187 187 187 187 187 187 187 187 187 187 187 187 187 187 187 187 187 187 187 187 187 187 187 187 187 187 187 187 187 187 187 187 187 187 187 187 187 187 187 187 187 187 187 187 187 187 187 187 187 187 187 187 187 187 187 187 187 187 187 187 187 187 187 
187 187 187 187 187 187 187 187 187 187 187 187 187 187 187 187 187 187 187 187 187 187 187 187 187 187 187 187 187 187 187 187 187 187 187 187 187 187 187 187 187 187 187 187 187 187 187 187 187 187 187 187 187 187 187 187 187 187 187 187 187 187 187 187 
187 187 187 187 187 187 187 187 187 187 187 187 187 187 187 187 187 187 187 187 187 187 187 187 187 187 187 187 187 187 187 187 187 187 187 187 187 187 187 187 187 187 187 187 187 187 187 187 187 187 187 187 187 187 187 187 187 187 187 187 187 187 187 187 
187 187 187 187 187 187 187 187 187 187 187 187 187 187 187 187 187 187 187 187 187 187 187 187 187 187 187 187 187 187 187 187 187 187 187 187 187 187 187 187 187 187 187 187 187 187 187 187 187 187 187 187 187 187 187 187 187 187 187 187 187 187 187 187 
187 187 187 187 187 187 187 187 187 187 187 187 187 187 187 187 187 187 187 187 187 187 187 187 187 187 187 187 187 187 187 187 187 187 187 187 187 187 187 187 187 187 187 187 187 187 187 187 187 187 187 187 187 187 187 187 187 187 187 187 187 187 187 187 
187 187 187 187 187 187 187 187 187 187 187 187 187 187 187 187 187 187 187 187 187 187 187 187 187 187 187 187 187 187 187 187 187 187 187 187 187 187 187 187 187 187 187 187 187 187 187 187 187 187 187 187 187 187 187 187 187 187 187 187 187 187 187 187 
187 187 187 187 187 187 187 185 187 187 187 187 186 187 187 187 187 187 185 187 187 186 187 187 187 187 186 187 187 187 187 187 185 187 188 186 184 187 187 187 187 187 187 187 187 187 187 187 187 185 187 187 187 187 187 187 187 187 185 186 185 186 187 187 
187 190 192 194 196 201 167 171 196 187 187 197 159 198 187 187 188 197 159 197 189 185 177 191 187 199 162 197 187 187 187 193 191 161 159 171 193 196 189 195 182 186 198 189 187 187 187 193 178 170 197 187 187 187 187 187 192 180 169 201 200 172 183 187 
187 184 175 165 159 154 181 197 187 187 187 196 160 192 192 187 196 167 186 190 187 198 153 203 193 199 157 195 187 187 187 187 190 196 197 194 189 187 190 182 168 169 156 198 191 187 189 195 154 200 188 187 187 187 187 187 198 153 201 188 188 195 186 187 
187 187 191 195 197 198 191 187 187 187 187 188 198 154 193 202 193 158 198 187 187 193 180 153 183 155 191 189 187 187 187 187 187 187 187 187 187 187 195 162 198 196 193 151 192 201 202 153 194 189 187 187 187 187 187 189 184 176 192 187 187 187 188 187 
187 187 187 187 187 187 187 187 187 187 187 187 189 198 157 155 158 197 188 187 187 187 193 197 181 193 191 187 187 187 187 187 187 187 187 187 187 187 199 156 200 187 190 198 159 158 154 191 192 187 187 187 187 187 187 189 181 182 189 187 187 187 187 187 
187 187 189 191 188 187 187 187 187 187 187 187 187 189 201 203 202 190 187 187 187 187 187 187 189 188 187 187 187 188 189 188 187 187 187 187 187 187 198 159 196 187 187 188 195 198 196 190 189 195 198 198 195 189 187 189 184 175 192 187 187 187 187 187 
187 187 185 183 194 199 192 187 187 187 187 187 191 198 169 165 165 193 200 196 189 187 187 187 187 187 187 187 196 193 181 187 196 187 187 187 187 189 189 169 192 187 187 187 187 187 187 191 191 157 158 158 158 186 197 188 199 151 200 187 187 187 187 187 
187 187 187 186 167 153 177 200 196 191 191 199 187 151 187 198 194 163 156 158 186 198 188 187 187 187 187 196 168 160 184 162 175 197 188 187 188 200 160 194 188 187 187 187 187 187 188 194 155 199 200 200 198 168 167 196 192 181 170 193 187 187 187 187 
187 187 187 187 192 200 177 153 162 175 176 158 163 199 191 187 189 194 199 198 168 156 198 187 187 187 188 193 160 201 190 199 165 166 194 197 197 168 167 196 187 187 187 187 187 187 192 168 190 190 187 187 188 200 160 194 188 200 157 194 187 187 187 187 
187 187 187 187 187 187 192 198 197 184 184 197 195 188 187 187 187 187 187 188 196 181 177 190 187 187 189 181 183 190 187 188 196 188 165 164 163 185 197 187 187 187 187 187 187 187 193 165 199 187 187 187 187 189 190 169 192 191 183 182 187 187 187 187 
187 187 187 187 187 187 187 187 187 189 189 187 187 187 187 187 187 187 187 187 189 191 169 191 187 188 191 188 175 191 187 187 187 189 192 194 193 189 187 187 191 197 197 193 187 187 191 169 187 190 187 187 187 188 197 164 193 187 192 184 187 187 187 187 
187 187 187 187 187 187 187 187 187 187 187 187 187 187 187 187 187 187 187 187 195 164 194 194 198 188 183 169 172 191 187 187 187 187 187 187 187 187 187 194 181 155 157 170 196 187 187 198 154 198 187 187 187 189 182 179 190 187 187 187 187 187 187 187 
187 187 187 187 187 187 187 187 187 187 187 187 187 187 187 187 187 187 187 188 198 154 205 180 154 170 182 187 196 187 187 187 187 187 187 187 187 187 188 193 158 203 203 168 186 189 187 195 163 193 188 187 187 192 165 193 188 187 187 187 187 187 187 187 
187 187 187 187 187 187 188 192 190 187 187 187 187 187 187 187 187 187 187 195 168 188 196 157 202 192 189 188 187 187 190 196 198 198 196 191 187 187 195 159 195 189 188 197 162 196 187 189 189 169 192 187 187 194 164 196 187 187 187 187 187 187 187 187 
187 187 187 187 187 187 186 182 192 189 187 188 194 196 191 187 187 187 189 195 155 206 160 195 189 187 187 187 187 188 193 154 158 157 158 177 196 187 197 156 201 187 187 198 154 199 188 188 198 164 193 187 187 193 167 193 188 187 187 187 187 187 187 187 
187 187 187 187 187 187 187 187 182 193 193 194 163 154 181 192 187 189 198 153 194 201 155 199 187 187 187 187 187 197 159 198 199 200 199 176 171 191 197 155 200 187 187 190 187 164 199 198 173 181 190 187 187 189 190 180 187 187 187 187 187 187 187 187 
187 187 187 187 187 187 187 187 185 191 183 160 195 211 156 197 187 198 155 193 193 193 165 194 187 187 187 187 189 194 159 197 187 187 188 199 164 193 191 178 177 191 187 187 196 166 169 168 165 197 187 187 187 187 188 187 187 187 187 187 187 187 187 187 
187 187 187 187 187 187 187 187 187 187 179 192 203 194 159 195 188 188 168 195 192 169 189 189 187 187 187 187 199 157 193 188 187 187 187 197 164 193 187 198 162 195 187 187 187 196 187 187 196 187 187 187 187 187 187 187 187 187 187 187 187 187 187 187 
187 187 187 187 187 187 187 187 187 187 187 179 175 160 197 188 189 181 183 189 193 165 198 187 187 187 187 196 169 179 194 187 187 187 189 184 174 191 187 200 156 198 187 187 187 191 198 199 194 189 187 187 187 187 187 187 187 187 187 187 187 187 187 187 
187 187 187 187 187 187 187 187 187 187 187 187 188 192 189 187 192 184 181 189 192 165 194 189 187 187 192 182 165 197 187 187 187 187 189 181 182 189 187 200 156 198 187 187 194 181 155 157 164 190 193 189 187 187 187 187 187 187 187 187 187 187 187 187 
187 187 187 187 187 187 187 187 187 187 187 187 187 188 191 195 188 155 193 188 188 194 155 202 189 189 198 152 200 187 187 187 187 187 189 182 181 189 187 196 162 196 187 189 191 158 203 200 191 178 183 186 187 187 187 187 187 187 187 187 187 187 187 187 
187 187 187 187 187 187 187 187 187 187 187 187 187 187 185 179 178 191 191 187 187 193 180 155 195 199 155 192 190 187 187 187 187 187 192 169 188 188 188 194 165 192 187 198 155 198 188 187 187 187 187 187 187 187 187 187 187 187 187 187 187 187 187 187 
187 187 187 187 187 187 187 187 187 187 187 187 187 187 187 187 187 187 187 187 187 187 193 194 165 163 191 191 187 187 187 187 187 187 193 164 197 187 196 167 188 189 188 195 164 193 187 187 187 187 187 187 187 187 187 187 187 187 187 187 187 187 187 187 
187 187 187 187 187 187 187 187 187 187 187 187 187 187 187 187 187 187 187 187 187 187 187 188 192 193 189 187 187 187 187 187 187 187 196 165 196 192 191 158 197 187 191 179 187 187 187 187 187 187 187 187 187 187 187 187 187 187 187 187 187 187 187 187 
187 187 187 187 187 187 187 187 187 187 187 187 187 187 187 187 187 187 187 187 187 187 187 187 187 187 187 187 187 190 197 196 197 197 197 153 198 196 160 194 188 187 188 185 187 187 187 187 187 187 187 187 187 187 187 187 187 187 187 187 187 187 187 187 
187 187 187 187 187 187 187 187 187 187 187 187 187 187 187 187 187 187 187 187 187 187 187 187 187 187 187 187 189 190 170 168 168 169 171 189 192 181 187 187 187 187 187 187 187 187 187 187 187 187 187 187 187 187 187 187 187 187 187 187 187 187 187 187 
187 187 187 187 187 187 187 187 187 187 187 187 187 187 187 187 187 187 187 187 187 187 187 187 187 187 187 187 188 184 188 189 188 188 188 187 187 186 187 187 187 187 187 187 187 187 187 187 187 187 187 187 187 187 187 187 187 187 187 187 187 187 187 187 
