187 187 187 187 187 187 187 187 187 187 187 187 187 187 187 187 187 187 187 187 187 187 187 187 187 187 186 188 185 188 186 185 188 187 187 188 186 187 187 187 187 187 187 187 187 187 187 187 187 187 187 187 187 187 187 187 187 187 187 187 187 187 187 187 
187 187 187 187 187 187 187 187 187 187 187 187 187 187 187 187 187 187 187 187 187 187 186 185 185 194 184 185 189 193 182 196 180 183 178 191 179 181 188 187 187 187 187 187 187 187 187 187 187 187 187 187 187 187 187 187 187 187 187 187 187 187 187 187 
187 187 187 187 187 187 187 187 187 187 187 187 187 187 187 187 187 187 187 186 188 184 183 199 182 199 184 172 191 171 175 198 175 193 172 178 183 183 189 192 181 191 188 187 187 187 187 187 187 187 187 187 187 187 187 187 187 187 187 187 187 187 187 187 
187 187 187 187 187 187 187 187 187 187 187 187 187 187 187 187 187 187 185 189 186 171 210 167 189 169 189 184 180 207 178 169 188 181 185 204 190 173 184 181 185 186 173 204 182 189 187 187 187 187 187 187 187 187 187 187 187 187 187 187 187 187 187 187 
187 187 187 187 187 187 187 187 187 187 187 187 187 187 187 186 187 193 181 187 194 179 182 177 194 172 181 185 196 178 169 203 203 161 181 185 190 178 184 183 171 176 188 167 177 184 189 184 186 187 187 187 187 187 187 187 187 187 187 187 187 187 187 187 
187 187 187 187 187 187 187 187 187 187 187 187 187 187 187 183 183 175 188 167 193 204 183 187 172 197 191 180 138 197 175 188 205 199 183 180 188 180 188 192 207 199 175 172 216 174 175 194 182 188 187 187 187 187 187 187 187 187 187 187 187 187 187 187 
187 187 187 187 187 187 187 187 187 187 187 187 187 189 184 192 205 173 182 186 199 159 195 183 194 198 167 170 205 175 209 163 189 160 177 181 203 148 192 176 151 170 200 184 176 187 190 188 171 184 187 187 187 187 187 187 187 187 187 187 187 187 187 187 
187 187 187 187 187 187 187 187 187 187 187 187 185 175 181 177 202 175 193 193 189 170 207 158 181 157 213 203 189 207 168 191 201 183 192 196 172 197 175 200 202 183 166 182 207 174 168 188 217 179 197 182 187 187 187 187 187 187 187 187 187 187 187 187 
187 187 187 187 187 187 187 187 187 187 186 186 183 180 200 168 204 170 165 186 181 165 199 167 195 163 180 168 181 186 153 178 177 185 187 174 168 190 171 203 170 203 210 178 179 178 192 190 171 172 163 203 184 187 187 187 187 187 187 187 187 187 187 187 
187 187 187 187 187 187 187 187 187 187 180 200 181 193 174 173 202 179 196 163 204 178 206 177 209 180 192 186 179 188 186 182 178 191 181 173 182 201 181 173 181 167 169 195 154 215 178 180 192 192 167 180 178 185 187 187 187 187 187 187 187 187 187 187 
187 187 187 187 187 187 187 187 188 188 205 177 175 178 194 193 184 190 173 195 193 175 176 172 195 173 191 177 189 154 210 207 178 195 150 217 169 187 176 200 179 222 180 163 185 205 149 209 150 199 163 202 196 185 185 186 187 187 187 187 187 187 187 187 
187 187 187 187 187 187 187 186 182 180 197 173 165 199 190 180 178 176 171 200 212 190 180 177 183 184 177 191 185 207 151 198 165 219 177 171 175 186 170 182 167 169 191 164 171 194 178 189 208 184 172 161 192 175 191 184 187 187 187 187 187 187 187 187 
187 187 187 187 187 187 187 187 197 182 179 185 198 195 176 165 182 175 202 161 171 180 178 206 179 184 166 214 168 176 172 183 168 169 192 175 206 180 176 206 187 188 185 198 207 206 198 163 176 175 199 209 149 207 176 198 185 186 187 187 187 187 187 187 
187 187 187 187 187 187 188 190 204 169 164 203 175 179 190 189 206 180 183 197 178 179 169 182 187 178 205 171 194 193 187 195 208 175 180 169 212 167 197 159 186 157 198 186 175 162 171 201 185 184 196 202 155 197 180 184 183 185 187 187 187 187 187 187 
187 187 187 187 187 188 180 173 187 202 189 188 184 164 182 200 170 198 177 174 204 188 201 176 189 160 202 179 175 181 182 192 197 182 198 173 178 183 201 150 214 174 181 191 152 200 206 174 188 171 180 210 181 187 186 175 202 189 188 187 187 187 187 187 
187 187 187 187 187 186 183 178 174 194 181 165 199 191 184 172 180 167 199 175 173 187 151 182 175 192 175 168 172 183 185 196 164 178 184 187 162 178 199 198 206 197 186 194 181 195 177 185 174 183 200 177 161 182 188 192 176 174 186 187 187 187 187 187 
187 187 187 187 186 185 181 215 184 179 162 194 184 201 168 210 181 199 176 177 175 201 198 208 186 198 187 195 199 184 173 209 177 204 176 190 184 212 163 183 157 179 179 185 184 179 188 190 178 174 187 181 185 185 192 174 177 183 184 186 187 187 187 187 
187 187 187 186 187 180 171 202 165 204 179 185 173 185 171 196 178 179 192 171 197 161 199 183 171 182 179 173 212 167 171 174 181 172 176 202 173 156 188 198 177 195 171 196 173 199 183 166 208 180 179 181 185 193 171 173 194 212 183 185 187 187 187 187 
187 187 187 188 189 186 182 173 187 177 181 198 185 189 185 151 191 167 208 208 175 184 173 171 185 200 195 174 184 178 217 178 186 193 187 178 209 170 187 187 192 179 173 192 179 175 194 185 188 170 196 193 184 173 216 172 190 160 183 169 184 187 187 187 
187 187 187 182 194 198 187 195 166 192 178 174 177 192 179 193 194 190 188 166 189 205 178 203 193 167 178 186 176 168 186 180 171 207 188 171 173 198 163 163 197 196 194 179 179 190 184 158 193 181 190 176 189 184 176 186 186 198 182 178 185 187 187 187 
187 187 186 171 190 154 192 206 173 179 172 195 190 184 165 211 165 172 178 169 170 171 166 206 149 199 174 192 213 167 193 186 169 174 173 209 180 183 206 178 172 158 184 161 198 172 189 189 197 208 167 184 182 186 181 184 188 185 204 166 203 189 187 187 
187 187 194 186 183 180 172 175 175 212 194 165 202 186 177 173 194 218 166 209 197 200 170 206 188 171 206 175 180 189 174 186 200 193 165 197 187 169 186 189 210 171 218 203 211 163 183 181 173 175 194 179 188 179 202 153 174 203 183 178 182 180 187 187 
187 187 182 186 179 206 204 181 195 178 173 187 179 181 181 197 164 181 189 180 190 182 168 183 165 168 193 163 175 174 197 188 177 172 193 179 184 183 167 181 185 166 180 170 150 204 204 170 207 187 167 199 171 174 186 174 190 192 180 185 188 185 187 187 
187 188 186 177 178 183 198 169 172 196 167 186 172 188 171 209 169 184 173 183 168 192 204 168 204 198 202 206 188 178 214 170 210 175 174 205 163 201 173 210 181 177 183 201 181 179 182 174 170 183 183 176 170 214 176 189 202 159 202 166 194 180 186 187 
187 187 187 179 211 173 192 174 205 165 185 209 193 178 201 189 182 186 190 188 182 176 194 164 206 191 176 171 186 172 162 170 166 169 190 168 197 195 192 186 173 211 164 177 194 175 190 172 212 187 195 202 176 206 165 168 174 197 162 185 197 179 188 187 
187 184 173 190 175 184 173 179 178 205 162 178 190 176 165 173 204 168 207 168 180 169 206 179 193 168 184 174 183 196 171 206 176 178 199 197 140 180 182 184 164 211 174 189 198 176 191 179 168 192 165 172 188 199 177 218 168 217 174 184 168 184 182 187 
187 193 187 166 202 175 201 177 175 200 166 182 154 212 185 181 187 169 171 211 173 198 156 209 152 202 158 221 171 175 192 211 165 183 183 164 207 195 188 187 177 190 185 179 188 179 178 184 203 182 178 178 174 176 187 180 188 179 183 198 185 198 184 187 
188 187 167 186 193 180 163 187 170 208 184 203 175 170 167 192 189 211 175 202 169 196 169 174 210 174 204 177 183 173 212 159 188 199 197 169 204 163 173 187 170 207 170 172 177 195 187 183 180 186 172 221 187 168 197 172 180 164 172 195 169 209 190 185 
185 191 182 217 171 199 176 211 198 204 162 165 208 167 218 186 170 175 177 179 187 182 186 176 177 172 175 166 181 182 183 157 198 162 166 197 207 184 173 178 195 204 186 181 197 183 154 197 176 199 185 177 197 173 185 171 221 188 182 176 166 208 175 188 
187 179 162 179 171 176 199 163 166 176 204 196 204 170 167 184 181 195 186 193 196 178 183 178 203 191 194 197 200 187 177 211 176 200 174 180 176 163 215 170 190 165 171 198 163 179 201 185 181 188 177 190 174 183 201 167 186 169 181 208 182 179 192 187 
188 201 173 205 191 191 205 168 205 186 186 167 172 169 206 190 176 173 188 178 169 184 195 168 212 158 188 172 186 181 180 174 173 192 181 181 208 174 180 182 175 185 183 210 175 212 164 173 193 183 177 181 170 191 171 202 177 189 168 199 177 175 200 189 
188 192 182 172 179 169 176 203 178 172 180 170 212 213 157 163 198 188 166 176 209 207 181 172 184 180 183 168 195 194 193 191 185 191 172 208 147 192 200 168 209 174 169 202 173 175 198 197 210 169 196 183 203 189 189 181 209 174 202 171 175 184 190 185 
186 175 181 176 210 182 165 171 176 187 191 185 172 192 184 216 154 203 185 193 190 142 175 186 177 194 202 177 174 166 173 207 178 176 210 170 186 201 172 196 171 181 192 176 192 189 179 180 173 194 169 177 172 179 189 161 175 189 175 182 187 176 186 189 
187 198 179 202 179 166 211 199 207 174 157 177 180 171 181 182 185 189 179 188 167 212 178 176 205 182 161 197 199 206 165 163 185 178 194 148 181 184 169 209 201 172 185 176 150 180 174 181 177 166 211 164 209 179 185 169 167 177 187 208 189 177 186 186 
186 183 180 185 175 181 194 178 185 203 188 202 205 178 180 184 198 147 180 203 160 217 175 186 202 165 179 210 145 204 211 169 210 163 189 186 205 188 167 202 160 212 169 208 198 212 173 201 206 174 173 177 190 174 213 192 213 189 171 178 175 200 178 186 
184 184 178 193 165 207 173 190 161 151 168 195 157 190 187 207 177 179 209 173 156 183 181 176 155 211 182 193 180 172 164 205 170 183 190 175 188 181 182 184 157 182 170 203 173 160 183 156 180 178 209 185 184 191 164 166 192 181 171 202 147 192 181 189 
186 199 176 190 190 169 184 172 204 214 179 183 181 181 177 187 162 175 186 199 210 185 188 163 181 208 168 174 175 208 160 211 181 183 179 199 175 211 177 196 182 173 175 181 202 186 214 204 185 176 189 185 182 186 179 201 170 191 187 200 175 186 189 186 
187 184 182 194 184 175 176 199 173 182 185 189 180 218 168 198 186 206 169 191 183 161 199 200 179 209 169 199 168 172 199 185 168 179 178 191 147 171 159 205 188 208 206 176 158 183 165 178 170 183 173 176 181 178 170 216 169 174 175 192 178 187 196 186 
187 186 176 211 165 184 206 164 180 191 179 170 183 170 182 173 192 157 190 169 189 184 181 181 150 165 200 171 194 208 202 166 216 170 192 178 208 205 202 171 184 177 184 175 200 177 197 201 180 184 212 199 177 191 193 163 197 193 185 172 187 186 182 186 
187 184 201 166 195 210 187 178 190 177 179 206 195 192 190 179 185 199 156 199 173 194 172 208 202 208 173 200 172 172 162 188 167 202 201 161 185 197 168 163 203 171 178 186 185 187 171 195 183 174 163 207 174 159 214 181 167 176 188 197 186 186 186 187 
187 187 187 181 195 170 165 180 180 180 188 170 173 171 196 192 182 189 201 215 178 184 169 189 165 189 165 180 176 215 176 185 188 175 191 187 178 206 172 181 182 184 201 188 188 155 196 181 180 182 188 195 203 174 177 195 195 189 192 185 174 181 187 187 
187 187 178 185 164 176 213 172 208 193 189 178 180 205 172 184 166 182 175 176 163 195 186 174 193 154 205 189 169 192 179 173 176 152 196 176 184 174 177 194 202 175 159 177 196 199 180 195 177 177 187 184 175 184 180 170 201 167 167 181 178 192 187 187 
187 187 189 186 204 201 179 169 168 174 180 172 210 166 174 213 173 172 175 195 194 169 172 168 214 169 178 183 211 177 168 202 213 186 182 184 188 190 185 159 175 204 216 195 166 181 174 181 182 217 179 174 196 165 207 174 191 176 187 189 201 185 187 187 
187 187 186 195 174 170 196 186 212 172 206 171 199 179 175 169 199 205 191 209 163 191 197 192 175 205 193 185 158 189 210 165 186 170 192 170 190 175 207 159 198 164 161 172 192 201 171 208 169 172 177 202 164 201 176 184 175 188 174 201 171 187 187 187 
187 187 187 181 178 219 135 185 179 178 179 185 181 181 190 207 155 172 165 186 198 172 187 172 202 168 174 153 216 162 194 191 181 189 197 167 213 182 185 201 189 181 209 214 167 181 188 175 168 194 173 200 175 188 198 159 212 176 173 211 189 186 187 187 
187 187 187 187 171 156 198 201 191 181 170 195 179 196 162 185 176 200 203 163 167 181 180 180 165 208 187 189 188 160 182 184 166 195 191 183 166 187 169 198 167 185 178 160 189 185 171 204 176 199 185 177 181 186 174 199 160 207 175 177 187 187 187 187 
187 187 187 187 193 189 175 170 166 180 182 198 178 188 174 177 201 173 190 190 188 209 183 189 200 174 187 171 202 174 189 173 193 153 199 187 181 195 164 193 192 185 174 181 179 198 181 198 196 177 182 157 218 173 185 173 203 212 186 187 186 187 187 187 
187 187 187 187 188 188 179 214 193 205 181 182 179 191 191 203 179 176 176 168 193 171 165 208 172 175 179 181 182 190 195 207 179 188 174 212 163 177 173 182 176 187 181 210 182 195 164 162 197 174 181 201 162 200 186 190 157 175 169 186 187 187 187 187 
187 187 187 187 186 181 182 163 190 150 200 183 166 204 169 178 190 181 218 167 206 179 184 173 195 183 191 190 170 209 179 156 204 193 142 194 202 201 203 168 203 191 180 172 174 187 171 214 194 181 188 179 196 165 207 155 174 193 190 187 187 187 187 187 
187 187 187 187 187 189 185 210 170 202 183 173 191 189 185 183 163 184 159 206 147 192 213 161 192 168 178 195 167 187 188 188 181 172 214 169 167 180 175 198 177 182 192 201 187 188 177 196 164 213 152 203 163 178 200 210 175 194 187 187 187 187 187 187 
187 187 187 187 187 187 184 180 172 208 165 183 175 145 198 176 211 174 183 200 203 176 186 181 192 175 209 155 214 176 172 195 174 180 180 202 159 188 162 181 180 156 186 186 177 187 165 188 171 183 174 187 210 158 177 189 187 186 187 187 187 187 187 187 
187 187 187 187 187 187 186 192 197 175 185 188 186 206 181 166 181 189 172 196 171 167 186 188 175 199 174 211 184 175 187 160 182 202 168 192 188 191 209 210 170 205 176 181 166 200 177 206 181 181 188 164 198 205 188 182 185 186 187 187 187 187 187 187 
187 187 187 187 187 187 187 186 186 176 190 183 184 180 208 188 193 175 184 187 195 178 188 171 196 181 163 176 186 169 199 205 169 207 207 185 162 180 183 161 192 180 183 204 210 176 184 183 198 176 198 195 175 173 178 194 187 187 187 187 187 187 187 187 
187 187 187 187 187 187 187 187 187 184 202 154 179 183 178 177 164 193 184 185 163 198 183 187 157 207 190 187 182 191 174 190 163 173 177 165 196 166 176 211 192 174 174 183 165 174 162 174 199 165 170 178 195 186 188 187 187 187 187 187 187 187 187 187 
187 187 187 187 187 187 187 187 187 187 189 204 199 194 170 194 182 197 205 178 212 174 142 209 200 163 179 201 169 182 170 186 154 215 193 201 192 193 168 175 171 174 185 179 189 211 208 192 180 189 182 191 183 181 187 187 187 187 187 187 187 187 187 187 
187 187 187 187 187 187 187 187 187 187 187 183 186 169 204 169 196 163 160 174 151 202 184 210 174 184 175 186 187 207 191 198 183 156 170 181 173 171 211 173 213 212 184 193 172 190 172 183 198 187 200 178 189 187 187 187 187 187 187 187 187 187 187 187 
187 187 187 187 187 187 187 187 187 187 187 186 186 190 198 165 196 196 180 217 180 179 189 158 186 194 173 189 177 166 195 151 192 202 211 184 187 190 171 175 164 178 180 195 188 166 168 181 177 175 187 186 186 187 187 187 187 187 187 187 187 187 187 187 
187 187 187 187 187 187 187 187 187 187 187 187 186 187 182 195 179 174 186 181 177 183 181 216 191 190 184 166 198 177 193 203 173 205 173 177 179 194 204 191 173 200 152 183 209 180 186 191 185 183 185 187 187 187 187 187 187 187 187 187 187 187 187 187 
187 187 187 187 187 187 187 187 187 187 187 187 187 187 186 191 187 187 179 195 183 169 167 184 165 191 178 176 211 169 168 202 173 171 183 186 186 173 169 177 210 162 200 203 149 195 178 201 184 188 187 187 187 187 187 187 187 187 187 187 187 187 187 187 
187 187 187 187 187 187 187 187 187 187 187 187 187 187 187 187 186 189 177 203 169 184 176 206 179 180 181 162 204 159 204 181 172 202 174 190 173 175 188 211 171 167 204 205 171 184 188 184 187 187 187 187 187 187 187 187 187 187 187 187 187 187 187 187 
187 187 187 187 187 187 187 187 187 187 187 187 187 187 187 187 187 187 185 191 198 179 201 176 180 206 177 177 204 195 163 171 193 173 184 178 192 189 189 166 189 180 196 173 185 185 187 187 187 187 187 187 187 187 187 187 187 187 187 187 187 187 187 187 
187 187 187 187 187 187 187 187 187 187 187 187 187 187 187 187 187 187 187 186 186 188 182 191 181 177 183 203 197 146 214 202 170 195 196 177 194 166 204 180 194 183 184 187 187 187 187 187 187 187 187 187 187 187 187 187 187 187 187 187 187 187 187 187 
187 187 187 187 187 187 187 187 187 187 187 187 187 187 187 187 187 187 187 187 187 187 187 188 186 187 194 184 176 178 193 175 197 183 170 193 192 185 194 185 186 187 187 187 187 187 187 187 187 187 187 187 187 187 187 187 187 187 187 187 187 187 187 187 
187 187 187 187 187 187 187 187 187 187 187 187 187 187 187 187 187 187 187 187 187 187 187 187 187 187 187 186 189 185 184 186 185 186 188 184 187 186 187 187 187 187 187 187 187 187 187 187 187 187 187 187 187 187 187 187 187 187 187 187 187 187 187 187 
