187 187 187 187 187 187 187 187 187 187 187 187 187 187 187 187 187 187 187 187 187 187 187 187 187 187 187 187 187 187 187 187 187 187 187 187 187 187 187 187 187 187 187 187 187 187 187 187 187 187 187 187 187 187 187 187 187 187 187 187 187 187 187 187 
187 187 187 187 187 187 187 187 187 187 187 187 187 187 187 187 187 187 187 187 187 187 187 187 187 187 187 187 187 187 187 187 187 187 187 187 187 187 187 187 187 187 187 187 187 187 187 187 187 187 187 187 187 187 187 187 187 187 187 187 187 187 187 187 
187 187 187 187 187 187 187 187 187 187 187 187 187 187 187 187 187 187 187 187 187 187 187 187 187 187 187 187 187 187 187 187 187 187 187 187 187 187 187 187 187 187 187 187 187 187 187 187 187 187 187 187 187 187 187 187 187 187 187 187 187 187 187 187 
187 187 187 187 187 187 187 187 187 187 187 187 187 187 187 187 187 187 187 187 187 187 187 187 187 187 187 187 187 187 187 187 187 187 187 187 187 187 187 187 187 187 187 187 187 187 187 187 187 187 187 187 187 187 187 187 187 187 187 187 187 187 187 187 
187 187 187 187 187 187 187 187 187 187 187 187 187 187 187 187 187 187 187 187 187 187 187 187 187 187 187 187 187 187 187 187 187 187 187 187 187 187 187 187 187 187 187 187 187 187 187 187 187 187 187 187 187 187 187 187 187 187 187 187 187 187 187 187 
187 187 187 187 187 187 187 187 187 187 187 187 187 187 187 187 187 187 187 187 187 187 187 187 187 187 187 187 187 187 187 187 187 187 187 187 187 187 187 187 187 187 187 187 187 187 187 187 187 187 187 187 187 187 187 187 187 187 187 187 187 187 187 187 
187 187 187 187 187 187 187 187 187 187 187 187 187 187 187 187 187 187 187 187 187 187 187 187 187 187 187 187 187 187 187 187 187 187 187 187 187 187 187 187 187 187 187 187 187 187 187 187 187 187 187 187 187 187 187 187 187 187 187 187 187 187 187 187 
187 187 187 187 187 187 187 187 187 187 187 187 187 187 187 187 187 187 187 187 187 187 187 187 187 187 187 187 187 187 187 187 187 187 187 187 187 187 187 187 187 187 186 187 187 187 187 187 187 187 187 187 187 187 187 187 187 187 187 187 187 187 187 187 
187 187 187 187 187 187 187 187 187 187 187 187 187 187 187 187 187 187 187 187 187 187 187 187 187 187 187 187 187 187 187 187 187 187 187 187 188 188 187 187 188 189 189 189 188 187 188 188 188 187 187 187 187 187 187 187 187 187 187 187 187 187 187 187 
187 187 187 187 187 187 187 187 187 187 187 187 187 187 187 187 187 187 187 187 187 187 187 187 187 187 187 187 187 187 187 187 187 188 188 187 187 189 191 190 184 179 177 179 184 190 191 189 188 187 187 187 187 187 187 187 187 187 187 187 187 187 187 187 
187 187 187 187 187 187 187 187 187 187 187 187 187 187 187 187 187 187 187 187 187 187 187 187 187 187 187 187 187 187 188 188 188 187 188 190 191 173 166 175 186 191 195 193 186 173 166 175 189 188 187 188 187 187 187 187 187 187 187 187 187 187 187 187 
187 187 187 187 187 187 187 187 187 187 187 187 187 187 187 187 187 187 187 187 187 187 187 187 187 187 187 187 187 188 187 188 190 190 179 166 164 200 200 192 188 183 177 179 183 192 204 193 167 184 189 187 188 187 187 187 187 187 187 187 187 187 187 187 
187 187 187 187 187 187 187 187 187 187 187 187 187 187 187 187 187 187 187 187 187 187 187 187 187 187 187 187 188 187 190 186 168 169 190 208 196 183 184 182 182 190 192 189 187 185 181 186 205 174 179 190 187 187 187 187 187 187 187 187 187 187 187 187 
187 187 187 187 187 187 187 187 187 187 187 187 187 187 187 187 187 187 187 187 187 187 187 187 187 187 187 188 187 191 175 171 203 200 188 175 186 184 187 191 186 183 183 186 187 188 189 186 183 200 179 180 189 187 187 187 187 187 187 187 187 187 187 187 
187 187 187 187 187 187 187 187 187 187 187 187 187 187 187 187 187 187 187 187 187 187 187 187 187 187 188 187 192 169 183 199 181 188 178 186 185 190 187 185 183 184 186 187 186 186 187 185 183 182 201 173 188 188 187 187 187 187 187 187 187 187 187 187 
187 187 187 187 187 187 187 187 187 187 187 187 187 187 187 187 187 187 187 187 187 187 187 187 187 188 187 191 169 187 199 183 186 186 184 187 186 191 178 185 193 193 187 184 186 186 182 185 187 187 182 201 174 189 187 187 187 187 187 187 187 187 187 187 
187 187 187 187 187 187 187 187 187 187 187 187 187 187 187 187 187 187 187 187 187 187 187 187 187 187 189 179 180 198 176 188 189 180 191 188 188 180 191 190 182 180 187 189 189 186 191 186 189 184 182 198 171 190 187 187 187 187 187 187 187 187 187 187 
187 187 187 187 187 187 187 187 187 187 187 187 187 187 187 187 187 187 187 187 187 187 187 187 188 188 189 165 196 180 190 186 186 182 189 184 184 192 187 186 187 191 185 185 186 189 187 187 187 187 185 189 179 190 187 188 187 187 187 187 187 187 187 187 
187 187 187 187 187 187 187 187 187 187 187 187 187 187 187 187 187 187 187 187 187 187 187 188 187 189 173 202 175 195 185 188 185 191 185 192 186 184 185 188 185 187 188 189 187 187 189 187 189 188 188 192 185 170 191 187 188 187 187 187 187 187 187 187 
187 187 187 187 187 187 187 187 187 187 187 187 187 187 187 187 187 187 187 187 187 187 187 187 187 190 165 197 188 181 186 187 186 185 188 185 187 189 187 187 185 185 187 185 184 183 181 183 180 181 184 180 195 191 171 190 187 187 187 187 187 187 187 187 
187 187 187 187 187 188 188 187 187 187 187 187 187 187 187 187 187 187 187 187 187 187 187 187 190 169 205 181 180 188 189 185 187 187 187 186 185 186 189 189 186 187 187 190 191 191 193 191 190 193 190 188 186 191 192 174 189 187 187 187 187 187 187 187 
187 187 187 187 187 187 188 189 186 188 188 188 189 188 187 187 187 187 187 187 187 187 187 188 187 178 189 175 190 182 188 184 188 188 187 187 185 188 182 184 189 190 190 185 187 187 184 187 188 186 188 185 185 183 197 175 186 188 187 187 187 187 187 187 
187 187 187 187 187 187 188 173 185 177 186 183 179 178 182 188 188 187 187 187 187 188 187 190 171 198 175 196 183 191 187 189 184 184 189 189 179 190 187 191 182 181 180 182 184 185 184 182 183 185 185 183 187 185 184 201 171 189 187 187 187 187 187 187 
187 187 187 187 187 187 186 186 198 195 175 189 194 197 197 182 177 186 189 188 188 188 190 177 189 184 191 186 187 186 187 185 184 190 185 188 190 186 192 185 191 194 192 195 190 185 187 188 187 187 186 189 189 188 182 194 178 188 187 187 187 187 187 187 
187 187 187 187 187 187 184 196 156 197 183 179 188 180 173 181 201 187 177 182 187 190 183 175 193 189 185 187 185 187 188 187 189 188 192 187 185 189 181 182 191 187 179 187 185 186 188 187 190 190 188 188 186 184 185 184 192 181 188 187 187 187 187 187 
187 187 187 187 187 187 189 174 190 179 187 185 189 184 191 194 177 186 198 194 183 179 166 213 183 180 187 185 186 187 186 186 185 189 173 192 193 187 181 185 182 181 185 185 187 188 186 185 183 183 185 186 186 189 187 183 199 177 189 187 187 187 187 187 
187 187 187 187 187 187 189 179 194 202 175 180 189 195 180 181 186 184 180 181 192 199 181 180 196 194 183 190 186 188 187 190 191 182 185 182 181 186 188 187 194 191 189 188 186 185 188 186 189 187 188 185 188 187 185 183 195 178 189 187 187 187 187 187 
187 187 187 187 187 187 187 189 172 193 185 183 192 187 189 191 189 190 191 187 184 184 186 180 176 187 183 191 183 184 182 182 186 186 193 189 189 188 188 188 183 186 185 187 187 187 188 187 188 187 188 188 187 186 186 188 191 181 188 187 187 187 187 187 
187 187 187 187 187 187 187 187 188 183 187 178 186 180 185 185 186 182 190 183 186 188 186 188 188 190 197 174 190 191 189 191 186 186 186 185 187 188 185 185 181 180 180 180 185 181 184 184 184 184 185 184 186 188 186 187 187 185 187 187 187 187 187 187 
187 187 187 187 187 187 188 187 187 187 187 190 188 190 188 186 184 190 187 186 184 185 187 189 180 180 174 180 194 188 189 185 187 187 186 188 187 185 190 193 194 200 194 194 192 191 190 187 188 189 189 188 190 186 187 192 183 188 187 187 187 187 187 187 
187 187 187 187 187 187 187 187 187 187 186 187 188 186 186 192 185 182 181 182 195 186 186 189 189 189 196 185 191 178 188 186 186 186 184 186 185 178 181 178 173 176 182 183 183 186 190 190 191 189 186 185 186 186 185 189 181 189 187 187 187 187 187 187 
187 187 187 187 187 187 187 187 187 187 187 186 186 187 186 186 189 192 190 188 179 187 189 189 182 180 189 189 183 189 189 185 184 189 190 191 183 198 197 194 196 196 184 186 183 181 178 176 174 180 188 185 189 188 187 193 181 188 187 187 187 187 187 187 
187 187 187 187 187 187 187 187 187 187 187 187 187 187 187 187 186 186 186 188 189 184 189 184 190 177 191 183 183 185 183 192 191 188 187 189 183 175 181 179 181 182 187 194 188 194 194 197 200 190 185 186 186 183 185 190 181 188 187 187 187 187 187 187 
187 187 187 187 187 187 187 187 187 187 187 187 187 187 187 187 187 187 187 186 187 186 188 189 180 194 187 190 187 187 184 188 183 186 186 170 194 187 194 194 188 193 183 185 177 179 181 176 179 181 186 186 186 189 186 195 178 189 187 187 187 187 187 187 
187 187 187 187 187 187 187 187 187 187 187 187 187 187 187 187 187 187 187 187 187 185 192 182 183 190 175 192 186 186 186 190 181 186 186 191 190 188 189 181 178 181 180 185 192 195 194 195 195 194 190 188 187 186 184 192 179 189 187 187 187 187 187 187 
187 187 187 187 187 187 187 187 187 187 187 187 187 187 187 187 187 187 187 187 187 187 186 189 181 193 187 188 191 191 181 188 190 188 188 185 181 182 189 184 193 196 191 186 186 182 179 180 179 180 183 185 188 188 188 192 184 187 187 187 187 187 187 187 
187 187 187 187 187 187 187 187 187 187 187 187 187 187 187 187 187 187 187 187 187 188 181 192 186 188 182 185 187 183 189 189 182 187 191 184 191 188 188 183 182 181 189 188 193 187 191 187 186 188 187 185 185 183 183 187 186 186 187 187 187 187 187 187 
187 187 187 187 187 187 187 187 187 187 187 187 187 187 187 187 187 187 187 187 187 189 175 197 185 182 186 186 190 175 186 191 187 186 181 189 191 184 182 186 188 187 184 181 182 184 185 186 189 190 188 191 189 189 189 190 187 186 187 187 187 187 187 187 
187 187 187 187 187 187 187 187 187 187 187 187 187 187 187 187 187 187 187 187 187 189 173 199 183 187 189 184 187 193 185 187 186 186 190 187 183 186 191 191 186 188 187 190 189 189 189 188 185 185 184 184 182 184 181 186 182 188 187 187 187 187 187 187 
187 187 187 187 187 187 187 187 187 187 187 187 187 187 187 187 187 187 187 187 187 189 172 200 180 191 184 189 190 182 187 185 187 188 184 185 189 182 185 184 186 190 188 184 184 183 185 187 188 189 187 189 191 189 190 195 181 188 187 187 187 187 187 187 
187 187 187 187 187 187 187 187 187 187 187 187 187 187 187 187 187 187 187 187 187 189 171 202 180 185 186 183 188 190 183 191 186 187 188 186 187 186 187 188 187 182 181 191 188 191 188 184 184 182 184 184 180 182 184 189 182 188 187 187 187 187 187 187 
187 187 187 187 187 187 187 187 187 187 187 187 187 187 187 187 187 187 187 187 187 189 173 200 183 188 190 183 192 184 186 184 188 186 186 188 185 188 189 185 184 190 193 184 182 180 183 190 192 193 190 190 188 190 195 181 187 187 187 187 187 187 187 187 
187 187 187 187 187 187 187 187 187 187 187 187 187 187 187 187 187 187 187 187 187 188 179 193 188 180 187 187 186 188 187 186 188 188 186 189 187 186 186 187 190 188 178 187 191 193 190 183 179 178 179 181 186 188 182 185 187 187 187 187 187 187 187 187 
187 187 187 187 187 187 187 187 187 187 187 187 187 187 187 187 187 187 187 187 187 187 186 183 190 183 191 183 189 185 188 188 186 187 188 185 184 187 190 185 180 189 190 191 186 181 182 187 191 191 192 192 190 189 183 188 187 187 187 187 187 187 187 187 
187 187 187 187 187 187 187 187 187 187 187 187 187 187 187 187 187 187 187 187 187 187 189 175 195 190 182 181 188 186 187 187 186 186 189 181 190 183 186 190 188 184 185 183 187 188 192 192 190 187 187 185 188 183 187 187 187 187 187 187 187 187 187 187 
187 187 187 187 187 187 187 187 187 187 187 187 187 187 187 187 187 187 187 187 187 187 188 187 177 195 187 191 185 190 185 186 188 187 185 190 186 189 187 182 189 189 189 183 187 186 184 182 182 185 185 187 189 181 189 187 187 187 187 187 187 187 187 187 
187 187 187 187 187 187 187 187 187 187 187 187 187 187 187 187 187 187 187 187 187 187 187 188 183 180 195 187 177 189 190 184 185 189 186 188 188 187 185 188 187 184 185 190 189 189 188 185 183 186 185 187 185 187 187 187 187 187 187 187 187 187 187 187 
187 187 187 187 187 187 187 187 187 187 187 187 187 187 187 187 187 187 187 187 187 187 187 187 189 182 180 195 188 184 186 189 184 188 185 189 181 189 187 185 184 189 186 187 184 184 185 190 189 189 186 186 188 186 187 187 187 187 187 187 187 187 187 187 
187 187 187 187 187 187 187 187 187 187 187 187 187 187 187 187 187 187 187 187 187 187 187 187 187 189 183 181 195 188 183 188 188 185 186 188 188 185 189 188 188 185 189 186 187 187 186 187 187 188 188 187 188 186 187 187 187 187 187 187 187 187 187 187 
187 187 187 187 187 187 187 187 187 187 187 187 187 187 187 187 187 187 187 187 187 187 187 187 187 187 188 186 178 191 194 182 182 192 185 186 181 188 184 188 185 188 189 187 186 185 188 184 184 183 186 191 183 187 187 187 187 187 187 187 187 187 187 187 
187 187 187 187 187 187 187 187 187 187 187 187 187 187 187 187 187 187 187 187 187 187 187 187 187 187 187 187 188 182 180 195 194 183 190 192 190 184 188 186 187 185 181 186 190 189 189 188 189 188 191 182 187 187 187 187 187 187 187 187 187 187 187 187 
187 187 187 187 187 187 187 187 187 187 187 187 187 187 187 187 187 187 187 187 187 187 187 187 187 187 187 187 187 188 188 182 180 183 182 183 185 188 190 184 187 188 187 186 184 182 184 183 186 191 182 186 187 187 187 187 187 187 187 187 187 187 187 187 
187 187 187 187 187 187 187 187 187 187 187 187 187 187 187 187 187 187 187 187 187 187 187 187 187 187 187 187 187 187 187 188 188 189 188 187 187 185 181 191 193 186 193 190 189 193 192 193 189 181 187 187 187 187 187 187 187 187 187 187 187 187 187 187 
187 187 187 187 187 187 187 187 187 187 187 187 187 187 187 187 187 187 187 187 187 187 187 187 187 187 187 187 187 187 187 187 187 187 187 187 187 188 188 184 182 184 181 185 184 181 181 181 184 188 187 187 187 187 187 187 187 187 187 187 187 187 187 187 
187 187 187 187 187 187 187 187 187 187 187 187 187 187 187 187 187 187 187 187 187 187 187 187 187 187 187 187 187 187 187 187 187 187 187 187 187 187 187 187 188 188 188 188 188 189 188 188 187 187 187 187 187 187 187 187 187 187 187 187 187 187 187 187 
187 187 187 187 187 187 187 187 187 187 187 187 187 187 187 187 187 187 187 187 187 187 187 187 187 187 187 187 187 187 187 187 187 187 187 187 187 187 187 187 187 187 187 187 187 187 187 187 187 187 187 187 187 187 187 187 187 187 187 187 187 187 187 187 
187 187 187 187 187 187 187 187 187 187 187 187 187 187 187 187 187 187 187 187 187 187 187 187 187 187 187 187 187 187 187 187 187 187 187 187 187 187 187 187 187 187 187 187 187 187 187 187 187 187 187 187 187 187 187 187 187 187 187 187 187 187 187 187 
187 187 187 187 187 187 187 187 187 187 187 187 187 187 187 187 187 187 187 187 187 187 187 187 187 187 187 187 187 187 187 187 187 187 187 187 187 187 187 187 187 187 187 187 187 187 187 187 187 187 187 187 187 187 187 187 187 187 187 187 187 187 187 187 
187 187 187 187 187 187 187 187 187 187 187 187 187 187 187 187 187 187 187 187 187 187 187 187 187 187 187 187 187 187 187 187 187 187 187 187 187 187 187 187 187 187 187 187 187 187 187 187 187 187 187 187 187 187 187 187 187 187 187 187 187 187 187 187 
187 187 187 187 187 187 187 187 187 187 187 187 187 187 187 187 187 187 187 187 187 187 187 187 187 187 187 187 187 187 187 187 187 187 187 187 187 187 187 187 187 187 187 187 187 187 187 187 187 187 187 187 187 187 187 187 187 187 187 187 187 187 187 187 
187 187 187 187 187 187 187 187 187 187 187 187 187 187 187 187 187 187 187 187 187 187 187 187 187 187 187 187 187 187 187 187 187 187 187 187 187 187 187 187 187 187 187 187 187 187 187 187 187 187 187 187 187 187 187 187 187 187 187 187 187 187 187 187 
187 187 187 187 187 187 187 187 187 187 187 187 187 187 187 187 187 187 187 187 187 187 187 187 187 187 187 187 187 187 187 187 187 187 187 187 187 187 187 187 187 187 187 187 187 187 187 187 187 187 187 187 187 187 187 187 187 187 187 187 187 187 187 187 
187 187 187 187 187 187 187 187 187 187 187 187 187 187 187 187 187 187 187 187 187 187 187 187 187 187 187 187 187 187 187 187 187 187 187 187 187 187 187 187 187 187 187 187 187 187 187 187 187 187 187 187 187 187 187 187 187 187 187 187 187 187 187 187 
187 187 187 187 187 187 187 187 187 187 187 187 187 187 187 187 187 187 187 187 187 187 187 187 187 187 187 187 187 187 187 187 187 187 187 187 187 187 187 187 187 187 187 187 187 187 187 187 187 187 187 187 187 187 187 187 187 187 187 187 187 187 187 187 
