187 187 187 187 187 187 187 187 187 187 187 187 187 187 187 187 187 187 187 187 187 187 187 187 187 187 187 187 187 187 187 186 187 187 187 186 187 187 187 187 187 187 187 187 187 187 187 187 187 187 187 187 187 187 187 187 187 187 187 187 187 187 187 187 
187 187 187 187 187 187 187 187 187 187 187 187 187 187 187 187 187 187 187 187 187 187 186 187 187 187 187 187 187 188 186 181 190 187 190 180 190 187 187 187 187 187 187 187 187 187 187 187 187 187 187 187 187 187 187 187 187 187 187 187 187 187 187 187 
187 187 187 187 187 187 187 187 187 187 187 187 187 187 187 187 187 187 187 186 186 186 185 189 187 187 187 187 187 193 172 194 187 187 193 174 193 187 187 187 187 187 187 187 187 187 187 187 187 187 187 187 187 187 187 187 187 187 187 187 187 187 187 187 
187 187 187 187 187 187 187 187 187 187 187 187 187 187 187 187 187 187 187 188 187 183 191 187 187 187 187 187 188 187 180 190 187 187 193 173 193 187 187 187 189 189 187 187 189 187 187 187 187 187 187 187 187 187 187 187 187 187 187 187 187 187 187 187 
187 187 187 187 187 187 187 187 187 187 187 187 187 187 187 187 187 187 187 187 188 189 187 187 187 187 187 187 192 174 193 187 187 187 191 177 191 187 189 192 178 181 191 187 187 189 189 185 187 187 187 187 187 187 187 187 187 187 187 187 187 187 187 187 
187 187 187 187 187 187 187 187 187 187 187 187 187 187 187 185 190 187 187 187 187 187 187 187 187 187 187 187 192 173 193 187 187 187 191 177 192 193 188 171 193 177 191 187 187 187 192 179 189 187 187 187 187 187 187 187 187 187 187 187 187 187 187 187 
187 187 187 187 187 187 187 187 187 187 187 187 187 187 189 178 190 190 187 187 187 187 187 187 187 187 187 187 192 175 193 187 187 187 193 179 197 175 177 193 192 177 192 187 187 187 192 177 191 187 187 187 187 187 187 187 187 187 187 187 187 187 187 187 
187 187 187 187 187 187 187 187 187 187 187 187 187 187 187 192 173 188 193 188 187 187 187 187 187 187 187 187 192 173 194 190 190 194 188 179 177 191 192 187 190 177 192 187 187 187 190 178 190 187 188 186 187 187 187 187 187 187 187 187 187 187 187 187 
187 187 187 187 187 187 187 187 187 187 186 188 187 187 187 188 193 177 175 191 194 192 190 187 187 187 187 187 188 190 171 183 180 173 179 191 184 190 187 187 190 177 192 187 187 187 189 185 185 188 192 178 189 187 187 187 187 187 187 187 187 187 187 187 
187 187 187 187 187 187 187 187 187 187 184 188 187 187 187 187 187 192 191 177 173 173 179 192 187 187 187 187 187 189 193 186 188 193 192 185 186 189 187 187 189 180 188 188 187 187 190 177 192 188 193 174 192 187 187 187 187 187 187 187 187 187 187 187 
187 187 187 187 187 187 187 187 187 187 185 186 188 187 187 187 187 187 188 191 193 195 182 183 189 187 187 187 187 187 187 188 188 187 187 190 178 190 187 187 188 186 185 188 187 187 193 173 193 187 191 174 192 187 187 187 187 187 187 187 187 187 187 187 
187 187 187 187 187 187 187 187 187 188 185 185 188 187 187 187 187 187 187 187 187 187 194 173 192 187 187 187 187 187 187 187 187 187 187 192 177 191 187 187 188 185 185 188 187 187 193 174 193 187 188 187 179 191 187 187 187 187 187 187 187 187 187 187 
187 187 187 187 187 187 187 187 187 188 186 185 188 187 187 187 187 187 187 187 187 187 194 174 193 187 187 187 187 187 187 187 187 187 187 192 176 191 187 187 189 182 186 188 187 187 190 178 190 187 187 193 172 193 187 187 187 187 187 187 187 187 187 187 
187 187 187 187 187 187 187 187 187 192 177 190 187 187 187 187 187 187 187 187 187 190 195 173 192 187 187 187 188 188 188 187 187 187 187 194 173 193 187 187 193 174 192 187 187 188 185 185 188 187 187 188 187 178 193 188 189 188 187 187 187 187 187 187 
187 187 187 187 187 187 187 187 189 190 173 192 187 187 187 187 187 187 187 191 192 183 171 190 188 187 187 192 188 185 186 192 188 187 187 192 173 194 188 190 190 175 192 187 187 190 178 190 187 187 187 187 192 177 181 188 181 181 187 187 187 187 187 187 
187 187 187 187 187 187 187 187 193 171 193 188 187 187 187 187 188 192 193 179 172 186 193 189 187 187 191 177 179 186 183 173 192 188 187 189 181 185 196 184 172 192 188 187 187 193 174 193 187 187 187 187 187 192 186 182 188 191 187 187 187 187 187 187 
187 187 187 187 187 187 187 190 180 188 189 187 187 187 188 193 189 176 173 188 193 189 187 187 187 187 191 177 195 189 191 190 175 193 187 187 192 180 172 183 193 188 187 187 187 193 173 193 187 187 187 187 187 187 188 189 188 187 187 187 187 187 187 187 
187 187 187 187 187 187 187 193 173 194 187 187 187 187 192 173 179 191 193 188 187 187 187 187 187 187 192 173 190 190 187 192 178 182 194 191 189 190 191 189 187 187 187 187 187 191 178 191 187 187 187 187 187 187 187 188 188 187 187 187 187 187 187 187 
187 187 187 187 187 187 187 193 174 191 187 187 187 190 178 188 191 188 187 187 187 187 187 187 187 187 188 193 172 185 191 187 192 182 172 177 182 192 188 187 187 187 187 187 187 192 175 193 187 187 187 187 187 188 192 185 188 193 189 187 187 187 187 187 
187 187 187 188 187 187 192 179 187 188 187 187 187 192 173 194 187 187 187 187 187 187 187 187 187 187 187 188 193 177 184 191 187 190 193 192 186 173 193 187 187 187 187 187 187 192 175 190 191 187 187 187 188 193 173 185 180 172 183 191 187 187 187 187 
187 187 187 188 187 190 185 177 192 187 187 187 187 193 174 194 187 187 187 187 187 187 187 187 187 187 187 187 187 193 177 185 189 187 187 187 190 185 180 190 187 187 187 187 187 188 192 173 182 194 189 189 193 172 190 190 190 194 182 177 190 187 187 187 
187 187 188 188 188 193 171 194 187 187 187 187 187 191 174 193 189 188 188 188 187 187 187 187 187 187 187 187 187 187 194 171 193 187 187 187 187 194 172 193 187 187 187 187 187 187 188 193 182 172 185 185 171 190 189 187 187 187 191 186 176 187 187 187 
187 187 186 190 194 173 190 188 187 187 187 187 188 192 193 181 187 185 185 185 192 188 187 187 187 187 187 187 187 187 192 178 191 187 187 187 187 190 180 188 188 187 187 187 187 187 187 187 190 192 185 185 192 189 187 187 187 187 187 190 193 182 187 187 
187 186 188 192 173 185 190 187 187 187 189 193 185 176 178 174 191 186 185 185 173 193 187 187 187 187 187 187 187 187 193 173 193 187 187 187 187 188 188 182 189 187 187 187 187 187 187 187 187 187 188 188 187 187 187 187 187 187 187 190 196 181 187 187 
187 188 190 176 193 191 187 187 187 191 187 171 183 192 195 192 174 194 189 190 188 176 193 187 187 187 187 187 187 187 194 173 192 187 187 187 188 192 189 179 189 187 187 187 187 187 187 187 187 187 187 187 187 187 187 187 187 187 191 179 172 185 187 187 
187 187 188 187 177 194 190 189 194 182 176 193 190 187 187 191 183 184 189 187 192 179 182 193 189 188 188 188 190 194 178 185 189 187 187 188 192 175 175 192 189 192 193 192 190 187 187 187 187 187 187 187 187 187 187 187 187 188 185 182 198 190 187 187 
187 187 187 191 185 171 180 186 172 182 193 187 187 187 187 187 194 173 192 187 187 192 182 174 186 185 185 186 180 171 185 191 187 187 187 192 173 190 192 190 189 172 174 173 180 191 189 187 187 187 187 187 187 187 187 187 187 187 192 175 179 186 186 187 
187 187 187 187 189 193 188 185 192 190 187 187 187 187 187 187 193 174 193 187 187 187 191 190 185 185 185 185 188 193 189 187 187 187 188 186 183 191 187 193 171 195 194 193 191 173 191 187 187 187 187 187 187 187 187 187 187 187 188 193 188 185 187 187 
187 187 187 187 187 187 188 188 187 187 187 187 187 187 187 187 193 174 193 187 187 187 187 191 193 193 192 191 189 187 187 187 187 187 188 185 186 193 194 182 183 190 187 189 195 172 192 187 187 187 187 187 187 187 187 187 187 187 187 187 188 188 187 187 
187 187 187 187 187 187 187 187 187 187 187 187 187 187 187 187 194 173 192 187 187 187 193 179 172 176 177 177 184 192 188 187 187 187 187 192 171 178 173 180 192 187 189 189 171 189 189 187 187 187 187 187 187 187 187 187 187 187 187 187 187 187 187 187 
187 189 192 193 193 192 190 187 187 187 187 187 187 187 188 193 183 183 189 187 187 193 177 184 195 192 192 192 185 173 192 187 187 187 187 188 192 191 192 191 187 188 193 171 194 189 187 187 187 187 187 187 187 187 187 187 187 187 187 187 187 187 187 187 
187 181 174 174 174 173 180 191 190 187 187 187 187 190 193 175 178 192 187 187 193 177 184 191 187 187 187 187 190 188 179 189 187 187 187 187 187 187 187 187 187 193 174 190 189 187 187 187 187 187 187 187 187 187 187 187 187 187 187 187 187 187 189 188 
187 189 193 193 193 194 189 173 182 192 187 187 192 182 172 190 192 187 187 190 179 184 191 187 187 187 187 187 187 192 177 190 187 187 187 187 187 187 187 187 190 185 180 191 187 187 187 187 187 187 187 187 187 190 192 189 187 187 187 187 187 192 184 185 
187 187 187 187 187 187 188 193 180 182 190 189 185 178 194 188 187 187 187 193 172 194 187 187 187 187 187 187 187 192 176 192 187 187 187 187 187 187 187 190 190 172 193 187 187 187 187 187 187 187 187 187 192 180 172 185 193 188 187 187 193 177 184 188 
187 187 187 187 187 187 187 187 194 173 192 193 171 194 187 187 187 187 189 186 183 189 188 191 192 189 187 187 187 193 172 194 187 187 187 187 187 187 191 185 172 193 188 187 187 187 187 187 187 187 187 191 179 184 196 180 175 193 193 195 177 184 190 187 
187 187 187 187 187 187 187 187 194 174 192 186 182 190 187 187 187 187 193 173 193 190 190 173 174 185 192 187 187 191 176 191 188 187 187 187 187 190 185 177 193 188 187 187 187 187 187 187 187 187 190 190 174 193 187 191 190 174 175 172 184 191 187 187 
187 187 187 187 187 187 187 192 177 184 192 185 186 188 187 187 187 188 191 176 192 192 172 195 194 178 182 190 187 188 191 173 194 187 187 188 191 191 172 193 187 187 187 187 187 187 187 187 187 191 185 172 192 188 187 187 188 192 193 197 195 188 187 187 
187 187 187 187 187 187 192 182 182 191 188 188 180 190 187 187 187 191 179 189 189 186 183 190 187 195 173 192 187 187 190 184 176 194 194 191 179 173 193 188 188 188 187 187 187 187 187 187 191 184 177 193 188 187 187 187 187 191 187 173 173 189 188 187 
187 189 190 191 192 194 179 177 192 187 187 193 173 193 187 187 187 193 172 193 188 186 183 190 187 194 174 193 187 187 187 191 187 173 173 177 188 193 188 191 186 188 193 188 187 187 187 190 184 177 193 187 187 187 187 187 190 185 176 195 194 178 186 187 
187 185 181 178 175 172 185 192 187 187 187 191 175 190 189 187 191 179 187 188 187 193 172 196 190 193 174 191 187 187 187 187 188 192 192 191 188 187 188 185 179 180 173 193 189 187 188 191 173 194 187 187 187 187 187 187 193 172 194 187 188 191 186 187 
187 187 189 191 192 193 189 187 187 187 187 188 192 172 191 195 191 174 193 187 187 190 184 172 186 173 190 188 187 187 187 187 187 187 187 187 187 187 191 176 193 192 191 171 190 194 195 172 191 188 187 187 187 187 187 188 186 183 190 187 187 187 187 187 
187 187 187 187 187 187 187 187 187 187 187 187 188 193 174 173 174 192 188 187 187 187 190 192 185 190 189 187 187 187 187 187 187 187 187 187 187 187 193 173 194 187 189 193 175 174 172 190 189 187 187 187 187 187 187 188 185 186 188 187 187 187 187 187 
187 187 188 189 187 187 187 187 187 187 187 187 187 188 194 195 195 189 187 187 187 187 187 187 188 187 187 187 187 187 188 188 187 187 187 187 187 187 192 175 192 187 187 188 191 193 192 189 188 191 193 193 191 188 187 188 186 182 190 187 187 187 187 187 
187 187 186 185 191 193 189 187 187 187 187 187 189 193 180 177 178 190 194 191 188 187 187 187 187 187 187 187 191 190 185 188 191 187 187 187 187 188 189 180 189 187 187 187 187 187 187 189 190 174 174 174 174 187 192 188 193 171 194 187 187 187 187 187 
187 187 187 187 178 172 183 194 191 189 189 193 188 171 188 193 191 177 173 174 187 193 188 187 187 187 187 191 179 175 187 177 182 192 188 187 188 194 175 191 187 187 187 187 187 187 187 191 173 193 194 194 193 179 178 191 190 185 180 190 187 187 187 187 
187 187 187 187 190 194 183 172 176 182 183 174 177 193 189 187 188 191 193 193 179 173 193 187 187 187 187 190 175 194 189 193 177 178 191 192 192 179 178 191 187 187 187 187 187 187 189 179 189 188 187 187 187 194 175 191 188 194 174 190 187 187 187 187 
187 187 187 187 187 187 189 193 192 186 186 192 191 187 187 187 187 187 187 187 192 185 183 189 187 187 188 185 186 189 187 187 192 188 178 177 177 187 192 187 187 187 187 187 187 187 190 177 193 187 187 187 187 188 189 179 189 189 186 185 187 187 187 187 
187 187 187 187 187 187 187 187 187 188 188 187 187 187 187 187 187 187 187 187 188 190 179 189 187 188 189 188 182 189 187 187 187 188 190 190 190 188 187 187 189 192 192 190 187 187 189 180 188 188 187 187 187 187 192 177 190 187 190 186 187 187 187 187 
187 187 187 187 187 187 187 187 187 187 187 187 187 187 187 187 187 187 187 187 191 177 191 191 193 188 186 180 181 189 187 187 187 187 187 187 187 187 187 191 185 173 174 180 192 187 187 193 172 193 187 187 187 188 185 184 189 187 187 187 187 187 187 187 
187 187 187 187 187 187 187 187 187 187 187 187 187 187 187 187 187 187 187 187 193 172 196 184 172 180 186 188 192 187 187 187 187 187 187 187 187 187 188 191 174 196 196 179 187 188 187 192 177 191 187 187 187 190 178 190 187 187 187 187 187 187 187 187 
187 187 187 187 187 187 188 190 188 187 187 187 187 187 187 187 187 187 187 191 179 188 192 174 195 190 188 188 187 187 189 192 193 193 192 189 187 187 191 175 191 188 187 192 176 192 187 188 189 179 189 187 187 191 177 192 187 187 187 187 187 187 187 187 
187 187 187 187 187 187 186 184 190 188 187 188 191 191 189 187 187 187 188 192 173 197 175 191 188 187 187 187 187 188 191 172 174 174 174 183 192 187 192 173 194 187 187 193 172 193 187 187 193 177 190 187 187 190 178 190 187 187 187 187 187 187 187 187 
187 187 187 187 187 187 187 187 185 190 190 191 177 172 185 189 187 188 193 172 191 195 173 193 187 187 187 187 187 192 175 193 193 194 193 183 180 189 192 173 194 187 187 188 188 177 193 193 181 185 188 187 187 188 189 184 187 187 187 187 187 187 187 187 
187 187 187 187 187 187 187 187 186 189 186 175 191 200 173 192 187 193 173 190 190 191 178 190 187 187 187 187 188 191 175 192 187 187 187 193 177 190 189 184 183 189 187 187 192 178 180 179 177 192 187 187 187 187 187 187 187 187 187 187 187 187 187 187 
187 187 187 187 187 187 187 187 187 187 183 190 195 191 175 191 188 188 179 191 189 179 189 188 187 187 187 187 193 174 191 188 187 187 187 192 177 190 187 193 176 191 187 187 187 192 188 188 192 187 187 187 187 187 187 187 187 187 187 187 187 187 187 187 
187 187 187 187 187 187 187 187 187 187 187 183 182 175 192 188 188 185 186 188 190 177 193 187 187 187 187 192 179 184 191 187 187 187 188 186 182 189 187 194 173 192 187 187 187 189 193 193 191 188 187 187 187 187 187 187 187 187 187 187 187 187 187 187 
187 187 187 187 187 187 187 187 187 187 187 187 188 190 188 187 190 186 185 188 190 177 191 188 187 187 190 185 177 192 187 187 187 187 188 185 185 188 187 194 173 192 187 187 191 185 173 173 177 189 190 188 187 187 187 187 187 187 187 187 187 187 187 187 
187 187 187 187 187 187 187 187 187 187 187 187 187 187 189 191 188 173 190 187 188 191 173 194 188 188 193 171 194 187 187 187 187 187 188 186 185 188 187 192 176 191 187 188 190 175 195 194 189 183 185 186 187 187 187 187 187 187 187 187 187 187 187 187 
187 187 187 187 187 187 187 187 187 187 187 187 187 187 186 183 183 189 189 187 187 190 184 173 191 193 173 190 188 187 187 187 187 187 189 180 188 188 188 191 178 190 187 193 173 193 188 187 187 187 187 187 187 187 187 187 187 187 187 187 187 187 187 187 
187 187 187 187 187 187 187 187 187 187 187 187 187 187 187 187 187 187 187 187 187 187 190 191 177 177 189 189 187 187 187 187 187 187 190 177 192 187 191 178 188 188 188 191 177 190 187 187 187 187 187 187 187 187 187 187 187 187 187 187 187 187 187 187 
187 187 187 187 187 187 187 187 187 187 187 187 187 187 187 187 187 187 187 187 187 187 187 188 190 190 188 187 187 187 187 187 187 187 192 177 191 190 190 174 192 187 189 183 187 187 187 187 187 187 187 187 187 187 187 187 187 187 187 187 187 187 187 187 
187 187 187 187 187 187 187 187 187 187 187 187 187 187 187 187 187 187 187 187 187 187 187 187 187 187 187 187 187 189 192 192 192 192 193 172 192 192 175 191 187 187 188 186 187 187 187 187 187 187 187 187 187 187 187 187 187 187 187 187 187 187 187 187 
187 187 187 187 187 187 187 187 187 187 187 187 187 187 187 187 187 187 187 187 187 187 187 187 187 187 187 187 188 189 179 178 178 179 179 188 189 185 187 187 187 187 187 187 187 187 187 187 187 187 187 187 187 187 187 187 187 187 187 187 187 187 187 187 
187 187 187 187 187 187 187 187 187 187 187 187 187 187 187 187 187 187 187 187 187 187 187 187 187 187 187 187 187 185 188 188 188 188 187 187 187 186 187 187 187 187 187 187 187 187 187 187 187 187 187 187 187 187 187 187 187 187 187 187 187 187 187 187 
