187 187 187 187 187 187 187 187 187 187 187 187 187 187 187 187 187 187 187 187 187 187 187 187 187 187 187 187 187 187 188 184 187 187 187 185 187 187 187 187 187 187 187 187 187 187 187 187 187 187 187 187 187 187 187 187 187 187 187 187 187 187 187 187 
187 187 187 187 187 187 187 187 187 187 187 187 187 187 187 187 187 187 187 187 187 187 186 188 187 187 187 187 187 190 185 175 193 187 193 172 193 187 187 187 187 187 187 187 187 187 187 187 187 187 187 187 187 187 187 187 187 187 187 187 187 187 187 187 
187 187 187 187 187 187 187 187 187 187 187 187 187 187 187 187 187 187 187 186 185 185 183 191 187 187 187 187 187 198 153 200 188 187 198 158 198 187 187 187 187 187 187 187 187 187 187 187 187 187 187 187 187 187 187 187 187 187 187 187 187 187 187 187 
187 187 187 187 187 187 187 187 187 187 187 187 187 187 187 187 187 187 187 190 186 177 195 188 187 187 187 187 190 186 170 193 187 187 197 156 199 187 187 188 192 191 187 187 190 187 186 187 187 187 187 187 187 187 187 187 187 187 187 187 187 187 187 187 
187 187 187 187 187 187 187 187 187 187 187 187 187 187 187 187 187 187 187 187 190 192 188 187 187 187 187 187 196 158 197 188 187 187 195 164 196 187 192 197 166 172 195 187 187 191 191 184 187 187 187 187 187 187 187 187 187 187 187 187 187 187 187 187 
187 187 187 187 187 187 187 187 187 187 187 187 187 187 187 187 187 187 187 187 187 187 187 187 187 187 187 187 197 156 198 187 187 187 194 164 197 198 187 152 198 163 195 187 187 187 196 171 190 187 187 187 187 187 187 187 187 187 187 187 187 187 187 187 
187 187 187 187 187 187 187 187 187 187 187 187 187 187 187 187 187 190 187 187 187 187 187 187 187 187 187 187 196 160 198 187 187 187 198 168 205 160 164 199 197 164 196 187 187 187 197 164 194 187 187 187 187 187 187 187 187 187 187 187 187 187 187 187 
187 187 187 187 187 187 187 187 187 187 187 187 187 187 187 187 187 191 198 189 187 187 187 187 187 187 187 187 197 154 201 193 193 200 188 170 164 194 196 188 194 164 196 187 187 187 193 166 192 188 189 186 186 187 187 187 187 187 187 187 187 187 187 187 
187 187 187 187 187 187 187 187 187 187 187 187 187 187 187 187 187 166 159 194 200 198 193 187 187 187 187 187 189 191 151 176 171 154 169 195 179 193 187 187 193 164 197 187 187 187 191 180 181 189 196 167 192 187 187 187 187 187 187 187 187 187 187 187 
187 187 187 187 187 187 187 187 187 187 187 187 187 187 187 187 187 195 194 162 156 156 169 197 187 187 187 187 187 190 199 184 188 198 197 182 183 190 187 187 192 169 188 188 187 187 194 165 196 188 198 157 196 187 187 187 187 187 187 187 187 187 187 187 
187 187 187 187 187 187 187 187 187 187 187 187 187 187 187 187 187 187 188 194 198 202 175 177 191 187 187 187 187 187 187 189 188 187 188 193 165 192 187 187 189 182 181 189 187 187 198 156 198 187 196 158 197 188 187 187 187 187 187 187 187 187 187 187 
187 187 187 187 187 187 187 187 187 187 187 187 187 187 187 187 187 187 187 187 187 187 200 155 196 187 187 187 187 187 187 187 187 187 187 196 164 194 187 187 189 182 181 189 187 187 198 157 198 187 189 186 168 194 187 187 187 187 187 187 187 187 187 187 
187 187 187 187 187 187 187 187 187 187 187 187 187 187 187 187 187 187 187 187 187 187 200 159 198 187 187 187 187 187 187 187 187 187 187 196 162 196 187 187 191 175 184 189 187 188 193 166 193 187 187 199 153 198 188 187 187 187 187 187 187 187 187 187 
187 187 187 187 187 187 187 187 187 187 187 187 187 187 187 187 187 187 187 187 187 193 202 155 196 187 187 187 188 189 189 187 187 187 187 200 157 198 187 187 198 158 198 187 187 190 182 182 190 187 187 190 186 167 198 189 190 189 187 187 187 187 187 187 
187 187 187 187 187 187 187 187 187 187 187 187 187 187 187 187 187 187 188 194 198 175 151 191 189 187 187 196 187 181 183 197 189 187 187 197 156 200 188 193 192 159 196 187 187 193 166 193 188 187 187 187 197 165 173 187 172 175 187 187 187 187 187 187 
187 187 187 187 187 187 187 187 187 187 187 187 187 187 187 187 187 194 199 168 154 183 199 190 187 187 195 165 167 183 175 154 198 188 187 192 172 181 203 178 155 198 188 187 187 198 157 198 187 187 187 187 187 197 184 174 189 195 188 187 187 187 187 187 
187 187 187 187 187 187 187 187 187 187 187 187 187 187 187 187 187 165 155 187 199 190 187 187 187 187 194 163 203 190 194 192 159 199 187 187 197 170 154 178 198 189 187 187 187 198 156 198 187 187 187 187 187 187 189 190 188 187 187 187 187 187 187 187 
187 187 187 187 187 187 187 187 187 187 187 187 187 187 187 187 187 194 198 190 187 187 187 187 187 187 196 155 193 193 187 196 166 176 201 195 191 194 195 191 187 187 187 187 187 196 166 194 187 187 187 187 187 187 187 189 188 187 187 187 187 187 187 187 
187 187 187 187 187 187 187 187 187 187 187 187 187 187 187 187 187 187 187 187 187 187 187 187 187 187 189 198 154 182 195 188 197 175 153 164 174 197 189 187 187 187 187 187 187 196 158 198 187 187 187 187 187 189 196 181 188 199 192 187 187 187 187 187 
187 187 187 187 187 187 187 187 187 187 187 187 187 187 187 187 187 187 187 187 187 187 187 187 187 187 187 189 199 164 179 195 187 193 198 197 184 155 199 187 187 187 187 187 187 196 159 193 194 187 187 187 189 198 154 181 170 152 177 196 187 187 187 187 
187 187 187 187 187 187 187 187 187 187 187 187 187 187 187 187 187 187 187 187 187 187 187 187 187 187 187 187 188 199 164 181 191 187 187 187 194 182 170 193 187 187 187 187 187 188 197 155 175 200 191 191 199 153 192 193 193 200 175 164 194 187 187 187 
187 187 187 187 187 187 187 187 187 187 187 187 187 187 187 187 187 189 189 189 187 187 187 187 187 187 187 187 187 188 201 152 198 187 187 187 187 200 154 199 187 187 187 187 187 187 189 199 175 153 181 181 152 192 192 187 187 187 196 183 164 187 187 187 
187 187 187 187 187 187 187 187 187 187 187 187 187 187 187 187 187 183 181 181 196 189 187 187 187 187 187 187 187 187 196 166 195 187 187 187 187 193 169 188 188 187 187 187 187 187 187 187 193 197 181 181 196 191 187 187 187 187 187 193 197 177 187 187 
187 187 187 187 187 187 187 187 187 187 187 187 187 187 187 187 187 184 182 180 155 198 188 187 187 187 187 187 187 187 198 157 198 187 187 187 187 189 187 175 191 187 187 187 187 187 187 187 187 187 189 189 187 187 187 187 187 187 187 194 205 174 187 187 
187 187 187 187 187 187 187 187 187 187 187 187 187 187 187 187 187 197 190 194 187 162 198 187 187 187 187 187 187 188 201 156 197 187 187 187 188 198 189 169 191 187 187 187 187 187 187 187 187 187 187 187 187 187 187 187 187 187 195 168 155 182 188 187 
187 187 187 187 187 187 187 187 187 187 187 187 187 187 187 187 186 189 191 187 196 169 174 199 190 189 189 189 193 201 165 182 190 187 187 189 198 159 160 197 191 196 198 197 192 188 187 187 187 187 187 187 187 187 187 187 187 189 182 174 209 193 187 187 
187 187 187 187 187 187 187 187 187 187 187 187 187 187 187 187 187 166 196 187 187 197 174 158 183 181 181 182 170 152 181 195 187 187 187 197 154 192 197 192 191 154 159 156 170 194 191 187 187 187 187 187 187 187 187 187 187 187 196 160 167 183 185 187 
187 187 187 187 187 187 187 187 187 187 187 187 187 187 187 187 187 163 198 187 187 187 194 192 181 181 181 181 188 199 191 187 187 187 189 183 175 194 188 200 151 203 200 199 193 154 195 187 187 187 187 187 187 187 187 187 187 187 188 197 187 182 186 187 
187 187 187 187 187 187 187 187 187 187 187 187 187 187 187 187 187 163 198 187 187 187 187 194 199 198 197 196 192 188 187 187 187 187 189 182 183 198 201 175 177 192 187 191 203 154 197 187 187 187 187 187 187 187 187 187 187 187 187 187 188 189 188 187 
187 187 187 187 187 187 187 187 187 187 187 187 187 187 187 187 187 166 196 187 187 188 198 169 155 162 164 164 179 196 189 187 187 187 187 196 149 167 154 170 197 187 190 191 150 191 190 187 187 187 187 187 187 187 187 187 187 187 187 187 187 187 187 187 
187 187 187 187 187 187 187 187 187 187 187 187 187 187 187 187 186 188 191 187 188 199 164 179 203 196 196 196 181 155 197 187 187 187 187 190 197 196 197 194 187 188 199 150 201 191 187 187 187 187 187 187 187 187 187 187 187 187 187 187 187 187 187 187 
187 187 187 187 187 187 187 187 187 187 187 187 187 187 187 187 187 194 187 187 198 164 179 195 187 187 187 188 193 187 169 191 187 187 187 187 187 187 187 187 187 198 158 191 191 187 187 187 187 187 187 187 187 187 187 187 187 187 187 187 187 187 191 188 
187 187 187 187 187 187 187 187 187 187 187 187 187 187 187 187 187 187 187 194 169 179 195 187 187 187 187 187 187 197 165 194 187 187 187 187 187 187 187 187 193 181 169 195 187 187 187 187 187 187 187 187 187 193 196 191 187 187 187 187 188 198 180 183 
187 187 187 187 187 187 187 187 187 187 187 187 187 187 187 187 187 187 187 199 154 200 187 187 187 187 187 187 187 196 162 196 187 187 187 187 187 187 187 193 193 154 199 187 187 187 187 187 187 187 187 187 198 170 153 181 198 188 187 188 199 165 180 188 
187 187 187 187 187 187 187 187 187 187 187 187 187 187 187 187 187 187 190 183 176 191 189 195 196 190 187 187 187 199 155 200 187 187 187 187 187 187 195 182 154 198 189 187 187 187 187 187 187 187 187 195 169 179 205 170 159 197 198 202 164 178 193 187 
187 187 187 187 187 187 187 187 187 187 187 187 187 187 187 187 187 187 198 155 198 192 192 154 159 182 196 187 187 194 162 194 189 187 187 187 187 193 182 165 199 189 187 187 187 187 187 187 187 187 193 192 158 198 188 195 191 157 160 154 179 195 187 187 
187 187 187 187 187 187 187 187 187 187 187 187 187 187 187 187 187 188 194 160 196 197 153 203 201 165 175 192 187 188 194 154 200 188 187 188 195 193 154 199 188 187 187 187 187 187 187 187 187 195 182 154 198 188 187 187 189 197 199 206 202 190 187 187 
187 187 187 187 187 187 187 187 187 187 187 187 187 187 187 187 187 194 167 189 191 184 177 192 188 203 156 197 187 187 193 179 162 200 201 194 167 155 198 189 188 188 187 187 187 187 187 187 195 179 164 199 189 187 187 187 187 195 186 155 156 190 190 187 
187 187 187 187 187 187 187 187 187 187 187 187 187 187 187 187 187 196 153 199 189 184 176 192 187 200 158 198 187 187 187 195 186 155 157 163 189 198 189 195 183 188 198 189 187 187 187 193 179 164 199 188 187 187 187 187 192 181 162 202 200 166 183 187 
187 187 187 187 187 187 187 187 187 187 187 187 187 187 187 187 187 164 186 190 187 198 153 203 193 199 157 195 187 187 187 187 190 196 197 194 189 187 190 182 168 169 156 198 191 187 189 195 154 200 188 187 187 187 187 187 198 153 201 188 188 195 186 187 
187 187 187 187 187 187 187 187 187 187 187 187 187 187 187 187 187 171 198 187 187 193 180 153 183 155 191 189 187 187 187 187 187 187 187 187 187 187 195 162 198 196 193 151 192 201 202 153 194 189 187 187 187 187 187 189 184 176 192 187 187 187 188 187 
187 187 187 187 187 187 187 187 187 187 187 187 187 187 187 187 187 196 188 187 187 187 193 197 181 193 191 187 187 187 187 187 187 187 187 187 187 187 199 156 200 187 190 198 159 158 154 191 192 187 187 187 187 187 187 189 181 182 189 187 187 187 187 187 
187 187 187 187 187 187 187 187 187 187 187 187 187 187 187 187 187 189 187 187 187 187 187 187 189 188 187 187 187 188 189 188 187 187 187 187 187 187 198 159 196 187 187 188 195 198 196 190 189 195 198 198 195 189 187 189 184 175 192 187 187 187 187 187 
187 187 187 187 187 187 187 187 187 187 187 187 187 187 187 187 187 194 200 196 189 187 187 187 187 187 187 187 196 193 181 187 196 187 187 187 187 189 189 169 192 187 187 187 187 187 187 191 191 157 158 158 158 186 197 188 199 151 200 187 187 187 187 187 
187 187 187 187 187 187 187 187 187 187 187 187 187 187 187 187 187 167 156 158 186 198 188 187 187 187 187 196 168 160 184 162 175 197 188 187 188 200 160 194 188 187 187 187 187 187 188 194 155 199 200 200 198 168 167 196 192 181 170 193 187 187 187 187 
187 187 187 187 187 187 187 187 187 187 187 187 187 187 187 187 187 193 199 198 168 156 198 187 187 187 188 193 160 201 190 199 165 166 194 197 197 168 167 196 187 187 187 187 187 187 192 168 190 190 187 187 188 200 160 194 188 200 157 194 187 187 187 187 
187 187 187 187 187 187 187 187 187 187 187 187 187 187 187 187 187 187 187 188 196 181 177 190 187 187 189 181 183 190 187 188 196 188 165 164 163 185 197 187 187 187 187 187 187 187 193 165 199 187 187 187 187 189 190 169 192 191 183 182 187 187 187 187 
187 187 187 187 187 187 187 187 187 187 187 187 187 187 187 187 187 187 187 187 189 191 169 191 187 188 191 188 175 191 187 187 187 189 192 194 193 189 187 187 191 197 197 193 187 187 191 169 187 190 187 187 187 188 197 164 193 187 192 184 187 187 187 187 
187 187 187 187 187 187 187 187 187 187 187 187 187 187 187 187 187 187 187 187 195 164 194 194 198 188 183 169 172 191 187 187 187 187 187 187 187 187 187 194 181 155 157 170 196 187 187 198 154 198 187 187 187 189 182 179 190 187 187 187 187 187 187 187 
187 187 187 187 187 187 187 187 187 187 187 187 187 187 187 187 187 187 187 188 198 154 205 180 154 170 182 187 196 187 187 187 187 187 187 187 187 187 188 193 158 203 203 168 186 189 187 195 163 193 188 187 187 192 165 193 188 187 187 187 187 187 187 187 
187 187 187 187 187 187 187 187 187 187 187 187 187 187 187 187 187 187 187 195 168 188 196 157 202 192 189 188 187 187 190 196 198 198 196 191 187 187 195 159 195 189 188 197 162 196 187 189 189 169 192 187 187 194 164 196 187 187 187 187 187 187 187 187 
187 187 187 187 187 187 187 187 187 187 187 187 187 187 187 187 187 187 189 195 155 206 160 195 189 187 187 187 187 188 193 154 158 157 158 177 196 187 197 156 201 187 187 198 154 199 188 188 198 164 193 187 187 193 167 193 188 187 187 187 187 187 187 187 
187 187 187 187 187 187 187 187 187 187 187 187 187 187 187 187 187 188 198 153 194 201 155 199 187 187 187 187 187 197 159 198 199 200 199 176 171 191 197 155 200 187 187 190 187 164 199 198 173 181 190 187 187 189 190 180 187 187 187 187 187 187 187 187 
187 187 187 187 187 187 187 187 187 187 187 187 187 187 187 187 187 197 155 193 193 193 165 194 187 187 187 187 189 194 159 197 187 187 188 199 164 193 191 178 177 191 187 187 196 166 169 168 165 197 187 187 187 187 188 187 187 187 187 187 187 187 187 187 
187 187 187 187 187 187 187 187 187 187 187 187 187 187 187 187 187 184 168 195 192 169 189 189 187 187 187 187 199 157 193 188 187 187 187 197 164 193 187 198 162 195 187 187 187 196 187 187 196 187 187 187 187 187 187 187 187 187 187 187 187 187 187 187 
187 187 187 187 187 187 187 187 187 187 187 187 187 187 187 187 187 177 183 189 193 165 198 187 187 187 187 196 169 179 194 187 187 187 189 184 174 191 187 200 156 198 187 187 187 191 198 199 194 189 187 187 187 187 187 187 187 187 187 187 187 187 187 187 
187 187 187 187 187 187 187 187 187 187 187 187 187 187 187 187 187 179 181 189 192 165 194 189 187 187 192 182 165 197 187 187 187 187 189 181 182 189 187 200 156 198 187 187 194 181 155 157 164 190 193 189 187 187 187 187 187 187 187 187 187 187 187 187 
187 187 187 187 187 187 187 187 187 187 187 187 187 187 187 187 187 160 193 188 188 194 155 202 189 189 198 152 200 187 187 187 187 187 189 182 181 189 187 196 162 196 187 189 191 158 203 200 191 178 183 186 187 187 187 187 187 187 187 187 187 187 187 187 
187 187 187 187 187 187 187 187 187 187 187 187 187 187 187 187 187 192 191 187 187 193 180 155 195 199 155 192 190 187 187 187 187 187 192 169 188 188 188 194 165 192 187 198 155 198 188 187 187 187 187 187 187 187 187 187 187 187 187 187 187 187 187 187 
187 187 187 187 187 187 187 187 187 187 187 187 187 187 187 187 187 187 187 187 187 187 193 194 165 163 191 191 187 187 187 187 187 187 193 164 197 187 196 167 188 189 188 195 164 193 187 187 187 187 187 187 187 187 187 187 187 187 187 187 187 187 187 187 
187 187 187 187 187 187 187 187 187 187 187 187 187 187 187 187 187 187 187 187 187 187 187 188 192 193 189 187 187 187 187 187 187 187 196 165 196 192 191 158 197 187 191 179 187 187 187 187 187 187 187 187 187 187 187 187 187 187 187 187 187 187 187 187 
187 187 187 187 187 187 187 187 187 187 187 187 187 187 187 187 187 187 187 187 187 187 187 187 187 187 187 187 187 190 197 196 197 197 197 153 198 196 160 194 188 187 188 185 187 187 187 187 187 187 187 187 187 187 187 187 187 187 187 187 187 187 187 187 
187 187 187 187 187 187 187 187 187 187 187 187 187 187 187 187 187 187 187 187 187 187 187 187 187 187 187 187 189 190 170 168 168 169 171 189 192 181 187 187 187 187 187 187 187 187 187 187 187 187 187 187 187 187 187 187 187 187 187 187 187 187 187 187 
187 187 187 187 187 187 187 187 187 187 187 187 187 187 187 187 187 187 187 187 187 187 187 187 187 187 187 187 188 184 188 189 188 188 188 187 187 186 187 187 187 187 187 187 187 187 187 187 187 187 187 187 187 187 187 187 187 187 187 187 187 187 187 187 
