187 187 187 187 187 187 187 187 187 187 187 187 187 187 187 187 187 187 187 187 187 187 187 187 187 187 187 187 187 187 187 187 187 187 187 187 187 187 187 187 187 187 187 187 187 187 187 187 187 187 187 187 187 187 187 187 187 187 187 187 187 187 187 187 
187 187 187 187 187 187 187 187 187 187 187 187 187 187 187 187 187 187 187 187 187 187 187 187 187 187 187 186 188 186 188 187 187 188 186 188 186 187 187 187 187 187 187 187 187 187 187 187 187 187 187 187 187 187 187 187 187 187 187 187 187 187 187 187 
187 187 187 187 187 187 187 187 187 187 187 187 187 187 187 187 187 187 187 187 187 187 186 188 186 187 187 186 188 185 188 186 186 188 185 188 186 187 187 186 188 186 187 187 187 187 187 187 187 187 187 187 187 187 187 187 187 187 187 187 187 187 187 187 
187 187 187 187 187 187 187 187 187 187 187 187 187 187 187 187 187 187 187 187 187 188 185 188 186 187 187 186 188 185 188 186 186 188 185 188 186 187 187 186 188 185 188 187 187 187 187 187 187 187 187 187 187 187 187 187 187 187 187 187 187 187 187 187 
187 187 187 187 187 187 187 187 187 187 187 187 187 187 187 187 187 186 188 186 187 188 185 188 186 187 187 186 188 185 188 186 186 188 185 188 186 187 187 186 188 185 188 187 186 188 186 187 187 187 187 187 187 187 187 187 187 187 187 187 187 187 187 187 
187 187 187 187 187 187 187 187 187 187 187 187 187 187 187 186 188 186 188 186 187 188 185 188 186 187 187 186 188 185 188 186 186 188 185 188 186 187 187 186 188 185 188 187 186 188 186 188 186 187 187 187 187 187 187 187 187 187 187 187 187 187 187 187 
187 187 187 187 187 187 187 187 187 187 187 187 187 187 187 186 188 185 188 186 187 188 185 188 186 187 187 186 188 185 188 186 186 188 185 188 186 187 187 186 188 185 188 187 186 188 185 188 186 187 187 187 187 187 187 187 187 187 187 187 187 187 187 187 
187 187 187 187 187 187 187 187 187 187 187 187 187 187 187 186 188 185 188 186 187 188 185 188 186 187 187 186 188 185 188 186 186 188 185 188 186 187 187 186 188 185 188 187 186 188 185 188 186 187 187 187 187 187 187 187 187 187 187 187 187 187 187 187 
187 187 187 187 187 187 187 187 187 187 187 187 186 188 187 186 188 185 188 186 187 188 185 188 186 187 187 186 188 185 188 186 186 188 185 188 186 187 187 186 188 185 188 187 186 188 185 188 186 187 188 186 187 187 187 187 187 187 187 187 187 187 187 187 
187 187 187 187 187 187 187 187 187 187 186 188 185 188 187 186 188 185 188 186 187 188 185 188 186 187 187 186 188 185 188 186 186 188 185 188 186 187 187 186 188 185 188 187 186 188 185 188 186 187 188 185 188 186 187 187 187 187 187 187 187 187 187 187 
187 187 187 187 187 187 187 187 187 187 186 189 185 188 187 186 188 185 188 186 187 188 185 188 186 187 187 186 188 185 188 186 186 188 185 188 186 187 187 186 188 185 188 187 186 188 185 188 186 187 188 185 189 186 187 187 187 187 187 187 187 187 187 187 
187 187 187 187 187 187 187 187 187 187 186 189 185 188 187 186 188 185 188 186 187 188 185 188 186 187 187 186 188 185 188 186 186 188 185 188 186 187 187 186 188 185 188 187 186 188 185 188 186 187 188 185 189 186 187 187 187 187 187 187 187 187 187 187 
187 187 187 187 187 187 187 187 187 188 186 189 185 188 187 186 188 185 188 186 187 188 185 188 186 187 187 186 188 185 188 186 186 188 185 188 186 187 187 186 188 185 188 187 186 188 185 188 186 187 188 185 189 186 188 187 187 187 187 187 187 187 187 187 
187 187 187 187 187 187 187 187 187 188 186 189 185 188 187 186 188 185 188 186 187 188 185 188 186 187 187 186 188 185 188 186 186 188 185 188 186 187 187 186 188 185 188 187 186 188 185 188 186 187 188 185 189 186 188 187 187 187 187 187 187 187 187 187 
187 187 187 187 187 187 187 186 187 188 186 189 185 188 187 186 188 185 188 186 187 188 185 188 186 187 187 186 188 185 188 186 186 188 185 188 186 187 187 186 188 185 188 187 186 188 185 188 186 187 188 185 189 186 188 187 186 187 187 187 187 187 187 187 
187 187 187 187 187 186 188 186 187 188 186 189 185 188 187 186 188 185 188 186 187 188 185 188 186 187 187 186 188 185 188 186 186 188 185 188 186 187 187 186 188 185 188 187 186 188 185 188 186 187 188 185 189 186 188 187 186 188 186 187 187 187 187 187 
187 187 187 187 187 186 188 186 187 188 186 189 185 188 187 186 188 185 188 186 187 188 185 188 186 187 187 186 188 185 188 186 186 188 185 188 186 187 187 186 188 185 188 187 186 188 185 188 186 187 188 185 189 186 188 187 186 188 186 187 187 187 187 187 
187 187 187 187 187 185 189 186 187 188 186 189 185 188 187 186 188 185 188 186 187 188 185 188 186 187 187 186 188 185 188 186 186 188 185 188 186 187 187 186 188 185 188 187 186 188 185 188 186 187 188 185 189 186 188 187 186 189 185 187 187 187 187 187 
187 187 187 186 188 185 189 186 187 188 186 189 185 188 187 186 188 185 188 186 187 188 185 188 186 187 187 186 188 185 188 186 186 188 185 188 186 187 187 186 188 185 188 187 186 188 185 188 186 187 188 185 189 186 188 187 186 189 185 188 186 187 187 187 
187 187 187 186 188 185 189 186 187 188 186 189 185 188 187 186 188 185 188 186 187 188 185 188 186 187 187 186 188 185 188 186 186 188 185 188 186 187 187 186 188 185 188 187 186 188 185 188 186 187 188 185 189 186 188 187 186 189 185 188 186 187 187 187 
187 187 187 186 188 185 189 186 187 188 186 189 185 188 187 186 188 185 188 186 187 188 185 188 186 187 187 186 188 185 188 186 186 188 185 188 186 187 187 186 188 185 188 187 186 188 185 188 186 187 188 185 189 186 188 187 186 189 185 188 186 187 187 187 
187 187 187 186 188 185 189 186 187 188 186 189 185 188 187 186 188 185 188 186 187 188 185 188 186 187 187 186 188 185 188 186 186 188 185 188 186 187 187 186 188 185 188 187 186 188 185 188 186 187 188 185 189 186 188 187 186 189 185 188 186 187 187 187 
187 187 187 186 188 185 189 186 187 188 186 189 185 188 187 186 188 185 188 186 187 188 185 188 186 187 187 186 188 185 188 186 186 188 185 188 186 187 187 186 188 185 188 187 186 188 185 188 186 187 188 185 189 186 188 187 186 189 185 188 186 187 187 187 
187 187 187 186 188 185 189 186 187 188 186 189 185 188 187 186 188 185 188 186 187 188 185 188 186 187 187 186 188 185 188 186 186 188 185 188 186 187 187 186 188 185 188 187 186 188 185 188 186 187 188 185 189 186 188 187 186 189 185 188 186 187 187 187 
187 187 187 186 188 185 189 186 187 188 186 189 185 188 187 186 188 185 188 186 187 188 185 188 186 187 187 186 188 185 188 186 186 188 185 188 186 187 187 186 188 185 188 187 186 188 185 188 186 187 188 185 189 186 188 187 186 189 185 188 186 187 187 187 
187 187 187 186 188 185 189 186 187 188 186 189 185 188 187 186 188 185 188 186 187 188 185 188 186 187 187 186 188 185 188 186 186 188 185 188 186 187 187 186 188 185 188 187 186 188 185 188 186 187 188 185 189 186 188 187 186 189 185 188 186 187 187 187 
187 187 187 186 188 185 189 186 187 188 186 189 185 188 187 186 188 185 188 186 187 188 185 188 186 187 187 186 188 185 188 186 186 188 185 188 186 187 187 186 188 185 188 187 186 188 185 188 186 187 188 185 189 186 188 187 186 189 185 188 186 187 187 187 
187 187 187 186 188 185 189 186 187 188 186 189 185 188 187 186 188 185 188 186 187 188 185 188 186 187 187 186 188 185 188 186 186 188 185 188 186 187 187 186 188 185 188 187 186 188 185 188 186 187 188 185 189 186 188 187 186 189 185 188 186 187 187 187 
187 187 187 186 188 185 189 186 187 188 186 189 185 188 187 186 188 185 188 186 187 188 185 188 186 187 187 186 188 185 188 186 186 188 185 188 186 187 187 186 188 185 188 187 186 188 185 188 186 187 188 185 189 186 188 187 186 189 185 188 186 187 187 187 
187 188 186 186 188 185 189 186 187 188 186 189 185 188 187 186 188 185 188 186 187 188 185 188 186 187 187 186 188 185 188 186 186 188 185 188 186 187 187 186 188 185 188 187 186 188 185 188 186 187 188 185 189 186 188 187 186 189 185 188 186 186 188 187 
187 188 186 186 188 185 189 186 187 188 186 189 185 188 187 186 188 185 188 186 187 188 185 188 186 187 187 186 188 185 188 186 186 188 185 188 186 187 187 186 188 185 188 187 186 188 185 188 186 187 188 185 189 186 188 187 186 189 185 188 186 186 188 187 
187 187 186 186 188 185 189 186 187 188 186 189 185 188 187 186 188 185 188 186 187 188 185 188 186 187 187 186 188 185 188 186 186 188 185 188 186 187 187 186 188 185 188 187 186 188 185 188 186 187 188 185 189 186 188 187 186 189 185 188 186 186 187 187 
187 187 186 186 188 185 189 186 187 188 186 189 185 188 187 186 188 185 188 186 187 188 185 188 186 187 187 186 188 185 188 186 186 188 185 188 186 187 187 186 188 185 188 187 186 188 185 188 186 187 188 185 189 186 188 187 186 189 185 188 186 186 187 187 
187 188 186 186 188 185 189 186 187 188 186 189 185 188 187 186 188 185 188 186 187 188 185 188 186 187 187 186 188 185 188 186 186 188 185 188 186 187 187 186 188 185 188 187 186 188 185 188 186 187 188 185 189 186 188 187 186 189 185 188 186 186 188 187 
187 188 186 186 188 185 189 186 187 188 186 189 185 188 187 186 188 185 188 186 187 188 185 188 186 187 187 186 188 185 188 186 186 188 185 188 186 187 187 186 188 185 188 187 186 188 185 188 186 187 188 185 189 186 188 187 186 189 185 188 186 186 188 187 
187 187 187 186 188 185 189 186 187 188 186 189 185 188 187 186 188 185 188 186 187 188 185 188 186 187 187 186 188 185 188 186 186 188 185 188 186 187 187 186 188 185 188 187 186 188 185 188 186 187 188 185 189 186 188 187 186 189 185 188 186 187 187 187 
187 187 187 186 188 185 189 186 187 188 186 189 185 188 187 186 188 185 188 186 187 188 185 188 186 187 187 186 188 185 188 186 186 188 185 188 186 187 187 186 188 185 188 187 186 188 185 188 186 187 188 185 189 186 188 187 186 189 185 188 186 187 187 187 
187 187 187 186 188 185 189 186 187 188 186 189 185 188 187 186 188 185 188 186 187 188 185 188 186 187 187 186 188 185 188 186 186 188 185 188 186 187 187 186 188 185 188 187 186 188 185 188 186 187 188 185 189 186 188 187 186 189 185 188 186 187 187 187 
187 187 187 186 188 185 189 186 187 188 186 189 185 188 187 186 188 185 188 186 187 188 185 188 186 187 187 186 188 185 188 186 186 188 185 188 186 187 187 186 188 185 188 187 186 188 185 188 186 187 188 185 189 186 188 187 186 189 185 188 186 187 187 187 
187 187 187 186 188 185 189 186 187 188 186 189 185 188 187 186 188 185 188 186 187 188 185 188 186 187 187 186 188 185 188 186 186 188 185 188 186 187 187 186 188 185 188 187 186 188 185 188 186 187 188 185 189 186 188 187 186 189 185 188 186 187 187 187 
187 187 187 186 188 185 189 186 187 188 186 189 185 188 187 186 188 185 188 186 187 188 185 188 186 187 187 186 188 185 188 186 186 188 185 188 186 187 187 186 188 185 188 187 186 188 185 188 186 187 188 185 189 186 188 187 186 189 185 188 186 187 187 187 
187 187 187 186 188 185 189 186 187 188 186 189 185 188 187 186 188 185 188 186 187 188 185 188 186 187 187 186 188 185 188 186 186 188 185 188 186 187 187 186 188 185 188 187 186 188 185 188 186 187 188 185 189 186 188 187 186 189 185 188 186 187 187 187 
187 187 187 186 188 185 189 186 187 188 186 189 185 188 187 186 188 185 188 186 187 188 185 188 186 187 187 186 188 185 188 186 186 188 185 188 186 187 187 186 188 185 188 187 186 188 185 188 186 187 188 185 189 186 188 187 186 189 185 188 186 187 187 187 
187 187 187 186 188 185 189 186 187 188 186 189 185 188 187 186 188 185 188 186 187 188 185 188 186 187 187 186 188 185 188 186 186 188 185 188 186 187 187 186 188 185 188 187 186 188 185 188 186 187 188 185 189 186 188 187 186 189 185 188 186 187 187 187 
187 187 187 186 188 185 189 186 187 188 186 189 185 188 187 186 188 185 188 186 187 188 185 188 186 187 187 186 188 185 188 186 186 188 185 188 186 187 187 186 188 185 188 187 186 188 185 188 186 187 188 185 189 186 188 187 186 189 185 188 186 187 187 187 
187 187 187 186 188 185 189 186 187 188 186 189 185 188 187 186 188 185 188 186 187 188 185 188 186 187 187 186 188 185 188 186 186 188 185 188 186 187 187 186 188 185 188 187 186 188 185 188 186 187 188 185 189 186 188 187 186 189 185 188 186 187 187 187 
187 187 187 187 187 185 189 186 187 188 186 189 185 188 187 186 188 185 188 186 187 188 185 188 186 187 187 186 188 185 188 186 186 188 185 188 186 187 187 186 188 185 188 187 186 188 185 188 186 187 188 185 189 186 188 187 186 189 185 187 187 187 187 187 
187 187 187 187 187 186 188 186 187 188 186 189 185 188 187 186 188 185 188 186 187 188 185 188 186 187 187 186 188 185 188 186 186 188 185 188 186 187 187 186 188 185 188 187 186 188 185 188 186 187 188 185 189 186 188 187 186 188 186 187 187 187 187 187 
187 187 187 187 187 186 188 186 187 188 186 189 185 188 187 186 188 185 188 186 187 188 185 188 186 187 187 186 188 185 188 186 186 188 185 188 186 187 187 186 188 185 188 187 186 188 185 188 186 187 188 185 189 186 188 187 186 188 186 187 187 187 187 187 
187 187 187 187 187 187 187 186 187 188 186 189 185 188 187 186 188 185 188 186 187 188 185 188 186 187 187 186 188 185 188 186 186 188 185 188 186 187 187 186 188 185 188 187 186 188 185 188 186 187 188 185 189 186 188 187 186 187 187 187 187 187 187 187 
187 187 187 187 187 187 187 187 187 188 186 189 185 188 187 186 188 185 188 186 187 188 185 188 186 187 187 186 188 185 188 186 186 188 185 188 186 187 187 186 188 185 188 187 186 188 185 188 186 187 188 185 189 186 188 187 187 187 187 187 187 187 187 187 
187 187 187 187 187 187 187 187 187 188 186 189 185 188 187 186 188 185 188 186 187 188 185 188 186 187 187 186 188 185 188 186 186 188 185 188 186 187 187 186 188 185 188 187 186 188 185 188 186 187 188 185 189 186 188 187 187 187 187 187 187 187 187 187 
187 187 187 187 187 187 187 187 187 187 186 189 185 188 187 186 188 185 188 186 187 188 185 188 186 187 187 186 188 185 188 186 186 188 185 188 186 187 187 186 188 185 188 187 186 188 185 188 186 187 188 185 189 186 187 187 187 187 187 187 187 187 187 187 
187 187 187 187 187 187 187 187 187 187 186 189 185 188 187 186 188 185 188 186 187 188 185 188 186 187 187 186 188 185 188 186 186 188 185 188 186 187 187 186 188 185 188 187 186 188 185 188 186 187 188 185 189 186 187 187 187 187 187 187 187 187 187 187 
187 187 187 187 187 187 187 187 187 187 186 188 185 188 187 186 188 185 188 186 187 188 185 188 186 187 187 186 188 185 188 186 186 188 185 188 186 187 187 186 188 185 188 187 186 188 185 188 186 187 188 185 188 186 187 187 187 187 187 187 187 187 187 187 
187 187 187 187 187 187 187 187 187 187 187 187 186 188 187 186 188 185 188 186 187 188 185 188 186 187 187 186 188 185 188 186 186 188 185 188 186 187 187 186 188 185 188 187 186 188 185 188 186 187 188 186 187 187 187 187 187 187 187 187 187 187 187 187 
187 187 187 187 187 187 187 187 187 187 187 187 187 187 187 186 188 185 188 186 187 188 185 188 186 187 187 186 188 185 188 186 186 188 185 188 186 187 187 186 188 185 188 187 186 188 185 188 186 187 187 187 187 187 187 187 187 187 187 187 187 187 187 187 
187 187 187 187 187 187 187 187 187 187 187 187 187 187 187 186 188 185 188 186 187 188 185 188 186 187 187 186 188 185 188 186 186 188 185 188 186 187 187 186 188 185 188 187 186 188 185 188 186 187 187 187 187 187 187 187 187 187 187 187 187 187 187 187 
187 187 187 187 187 187 187 187 187 187 187 187 187 187 187 186 188 186 188 186 187 188 185 188 186 187 187 186 188 185 188 186 186 188 185 188 186 187 187 186 188 185 188 187 186 188 186 188 186 187 187 187 187 187 187 187 187 187 187 187 187 187 187 187 
187 187 187 187 187 187 187 187 187 187 187 187 187 187 187 187 187 186 188 186 187 188 185 188 186 187 187 186 188 185 188 186 186 188 185 188 186 187 187 186 188 185 188 187 186 188 186 187 187 187 187 187 187 187 187 187 187 187 187 187 187 187 187 187 
187 187 187 187 187 187 187 187 187 187 187 187 187 187 187 187 187 187 187 187 187 188 185 188 186 187 187 186 188 185 188 186 186 188 185 188 186 187 187 186 188 185 188 187 187 187 187 187 187 187 187 187 187 187 187 187 187 187 187 187 187 187 187 187 
187 187 187 187 187 187 187 187 187 187 187 187 187 187 187 187 187 187 187 187 187 187 186 188 186 187 187 186 188 185 188 186 186 188 185 188 186 187 187 186 188 186 187 187 187 187 187 187 187 187 187 187 187 187 187 187 187 187 187 187 187 187 187 187 
187 187 187 187 187 187 187 187 187 187 187 187 187 187 187 187 187 187 187 187 187 187 187 187 187 187 187 186 188 186 188 187 187 188 186 188 186 187 187 187 187 187 187 187 187 187 187 187 187 187 187 187 187 187 187 187 187 187 187 187 187 187 187 187 
187 187 187 187 187 187 187 187 187 187 187 187 187 187 187 187 187 187 187 187 187 187 187 187 187 187 187 187 187 187 187 187 187 187 187 187 187 187 187 187 187 187 187 187 187 187 187 187 187 187 187 187 187 187 187 187 187 187 187 187 187 187 187 187 
