187 187 187 187 187 187 187 187 187 187 187 187 187 187 187 187 187 187 187 187 187 187 187 187 187 187 187 185 188 187 187 185 187 188 184 188 187 187 186 187 187 187 187 187 187 187 187 187 187 187 187 187 187 187 187 187 187 187 187 187 187 187 187 187 
187 187 187 187 187 187 187 187 187 187 187 187 187 187 187 187 187 187 187 187 187 187 187 187 185 188 192 169 196 188 191 172 190 195 163 196 187 190 181 188 187 186 187 187 187 187 187 187 187 187 187 187 187 187 187 187 187 187 187 187 187 187 187 187 
187 187 187 187 187 187 187 187 187 187 187 187 187 187 187 187 187 187 187 187 184 190 187 189 173 191 199 141 204 188 192 155 192 200 138 204 188 192 164 191 193 175 191 187 187 187 187 187 187 187 187 187 187 187 187 187 187 187 187 187 187 187 187 187 
187 187 187 187 187 187 187 187 187 187 187 187 187 187 187 187 187 187 187 191 165 199 188 191 156 192 200 134 205 188 192 154 192 200 134 205 188 192 153 192 199 148 200 187 190 183 187 187 187 187 187 187 187 187 187 187 187 187 187 187 187 187 187 187 
187 187 187 187 187 187 187 187 187 187 187 187 187 187 187 187 187 184 189 198 139 204 188 192 153 192 200 134 205 188 192 154 192 200 134 205 188 192 153 192 200 134 205 188 193 170 189 187 187 187 187 187 187 187 187 187 187 187 187 187 187 187 187 187 
187 187 187 187 187 187 187 187 187 187 187 187 187 187 187 187 188 171 192 200 134 205 188 192 153 192 200 134 205 188 192 154 192 200 134 205 188 192 153 192 200 134 205 188 192 155 191 193 180 188 187 187 187 187 187 187 187 187 187 187 187 187 187 187 
187 187 187 187 187 187 187 187 187 187 187 187 187 181 193 188 191 155 192 200 134 205 188 192 153 192 200 134 205 188 192 154 192 200 134 205 188 192 153 192 200 134 205 188 192 154 192 199 159 195 187 187 187 187 187 187 187 187 187 187 187 187 187 187 
187 187 187 187 187 187 187 187 187 187 187 187 190 163 201 188 192 154 192 200 134 205 188 192 153 192 200 134 205 188 192 154 192 200 134 205 188 192 153 192 200 134 205 188 192 154 192 200 137 202 187 190 185 187 187 187 187 187 187 187 187 187 187 187 
187 187 187 187 187 187 187 187 187 187 187 188 196 140 205 188 192 154 192 200 134 205 188 192 153 192 200 134 205 188 192 154 192 200 134 205 188 192 153 192 200 134 205 188 192 154 192 200 134 205 188 193 177 187 187 187 187 187 187 187 187 187 187 187 
187 187 187 187 187 187 187 187 187 186 186 190 200 134 205 188 192 154 192 200 134 205 188 192 153 192 200 134 205 188 192 154 192 200 134 205 188 192 153 192 200 134 205 188 192 154 192 200 134 205 188 193 164 189 187 187 187 187 187 187 187 187 187 187 
187 187 187 187 187 187 187 187 187 186 177 192 200 134 205 188 192 154 192 200 134 205 188 192 153 192 200 134 205 188 192 154 192 200 134 205 188 192 153 192 200 134 205 188 192 154 192 200 134 205 188 192 154 191 189 187 187 187 187 187 187 187 187 187 
187 187 187 187 187 187 187 187 187 188 162 192 200 134 205 188 192 154 192 200 134 205 188 192 153 192 200 134 205 188 192 154 192 200 134 205 188 192 153 192 200 134 205 188 192 154 192 200 134 205 188 192 153 192 194 180 187 187 187 187 187 187 187 187 
187 187 187 187 187 187 186 189 188 191 153 192 200 134 205 188 192 154 192 200 134 205 188 192 153 192 200 134 205 188 192 154 192 200 134 205 188 192 153 192 200 134 205 188 192 154 192 200 134 205 188 192 153 192 199 165 191 187 187 187 187 187 187 187 
187 187 187 187 187 187 181 195 188 192 153 192 200 134 205 188 192 154 192 200 134 205 188 192 153 192 200 134 205 188 192 154 192 200 134 205 188 192 153 192 200 134 205 188 192 154 192 200 134 205 188 192 153 192 200 146 197 187 187 187 187 187 187 187 
187 187 187 187 187 188 168 201 188 192 153 192 200 134 205 188 192 154 192 200 134 205 188 192 153 192 200 134 205 188 192 154 192 200 134 205 188 192 153 192 200 134 205 188 192 154 192 200 134 205 188 192 153 192 200 135 202 187 188 187 187 187 187 187 
187 187 187 187 187 191 152 204 188 192 153 192 200 134 205 188 192 154 192 200 134 205 188 192 153 192 200 134 205 188 192 154 192 200 134 205 188 192 153 192 200 134 205 188 192 154 192 200 134 205 188 192 153 192 200 134 205 188 191 186 187 187 187 187 
187 187 187 187 187 195 138 205 188 192 153 192 200 134 205 188 192 154 192 200 134 205 188 192 153 192 200 134 205 188 192 154 192 200 134 205 188 192 153 192 200 134 205 188 192 154 192 200 134 205 188 192 153 192 200 134 205 188 194 182 187 187 187 187 
187 187 187 187 188 199 134 205 188 192 153 192 200 134 205 188 192 154 192 200 134 205 188 192 153 192 200 134 205 188 192 154 192 200 134 205 188 192 153 192 200 134 205 188 192 154 192 200 134 205 188 192 153 192 200 134 205 188 194 174 187 187 187 187 
187 187 187 189 189 200 134 205 188 192 153 192 200 134 205 188 192 154 192 200 134 205 188 192 153 192 200 134 205 188 192 154 192 200 134 205 188 192 153 192 200 134 205 188 192 154 192 200 134 205 188 192 153 192 200 134 205 188 194 165 188 187 187 187 
187 187 186 188 190 200 134 205 188 192 153 192 200 134 205 188 192 154 192 200 134 205 188 192 153 192 200 134 205 188 192 154 192 200 134 205 188 192 153 192 200 134 205 188 192 154 192 200 134 205 188 192 153 192 200 134 205 188 192 157 189 187 187 187 
187 187 185 185 191 200 134 205 188 192 153 192 200 134 205 188 192 154 192 200 134 205 188 192 153 192 200 134 205 188 192 154 192 200 134 205 188 192 153 192 200 134 205 188 192 154 192 200 134 205 188 192 153 192 200 134 205 188 192 152 190 187 187 187 
187 187 185 179 192 200 134 205 188 192 153 192 200 134 205 188 192 154 192 200 134 205 188 192 153 192 200 134 205 188 192 154 192 200 134 205 188 192 153 192 200 134 205 188 192 154 192 200 134 205 188 192 153 192 200 134 205 188 192 153 191 188 187 187 
187 187 186 172 192 200 134 205 188 192 153 192 200 134 205 188 192 154 192 200 134 205 188 192 153 192 200 134 205 188 192 154 192 200 134 205 188 192 153 192 200 134 205 188 192 154 192 200 134 205 188 192 153 192 200 134 205 188 192 154 192 190 187 187 
187 187 187 165 192 200 134 205 188 192 153 192 200 134 205 188 192 154 192 200 134 205 188 192 153 192 200 134 205 188 192 154 192 200 134 205 188 192 153 192 200 134 205 188 192 154 192 200 134 205 188 192 153 192 200 134 205 188 192 154 192 192 186 187 
187 187 188 158 192 200 134 205 188 192 153 192 200 134 205 188 192 154 192 200 134 205 188 192 153 192 200 134 205 188 192 154 192 200 134 205 188 192 153 192 200 134 205 188 192 154 192 200 134 205 188 192 153 192 200 134 205 188 192 154 192 194 185 187 
187 187 188 155 192 200 134 205 188 192 153 192 200 134 205 188 192 154 192 200 134 205 188 192 153 192 200 134 205 188 192 154 192 200 134 205 188 192 153 192 200 134 205 188 192 154 192 200 134 205 188 192 153 192 200 134 205 188 192 154 192 196 182 187 
187 187 189 154 192 200 134 205 188 192 153 192 200 134 205 188 192 154 192 200 134 205 188 192 153 192 200 134 205 188 192 154 192 200 134 205 188 192 153 192 200 134 205 188 192 154 192 200 134 205 188 192 153 192 200 134 205 188 192 154 192 197 178 187 
187 188 190 154 192 200 134 205 188 192 153 192 200 134 205 188 192 154 192 200 134 205 188 192 153 192 200 134 205 188 192 154 192 200 134 205 188 192 153 192 200 134 205 188 192 154 192 200 134 205 188 192 153 192 200 134 205 188 192 154 192 198 175 188 
187 188 191 154 192 200 134 205 188 192 153 192 200 134 205 188 192 154 192 200 134 205 188 192 153 192 200 134 205 188 192 154 192 200 134 205 188 192 153 192 200 134 205 188 192 154 192 200 134 205 188 192 153 192 200 134 205 188 192 154 192 199 171 188 
188 188 191 154 192 200 134 205 188 192 153 192 200 134 205 188 192 154 192 200 134 205 188 192 153 192 200 134 205 188 192 154 192 200 134 205 188 192 153 192 200 134 205 188 192 154 192 200 134 205 188 192 153 192 200 134 205 188 192 154 192 199 168 189 
188 188 192 154 192 200 134 205 188 192 153 192 200 134 205 188 192 154 192 200 134 205 188 192 153 192 200 134 205 188 192 154 192 200 134 205 188 192 153 192 200 134 205 188 192 154 192 200 134 205 188 192 153 192 200 134 205 188 192 154 192 199 167 189 
188 188 192 154 192 200 134 205 188 192 153 192 200 134 205 188 192 154 192 200 134 205 188 192 153 192 200 134 205 188 192 154 192 200 134 205 188 192 153 192 200 134 205 188 192 154 192 200 134 205 188 192 153 192 200 134 205 188 192 154 192 200 166 189 
188 188 192 154 192 200 134 205 188 192 153 192 200 134 205 188 192 154 192 200 134 205 188 192 153 192 200 134 205 188 192 154 192 200 134 205 188 192 153 192 200 134 205 188 192 154 192 200 134 205 188 192 153 192 200 134 205 188 192 154 192 200 166 189 
188 188 192 154 192 200 134 205 188 192 153 192 200 134 205 188 192 154 192 200 134 205 188 192 153 192 200 134 205 188 192 154 192 200 134 205 188 192 153 192 200 134 205 188 192 154 192 200 134 205 188 192 153 192 200 134 205 188 192 154 192 199 167 189 
188 188 191 154 192 200 134 205 188 192 153 192 200 134 205 188 192 154 192 200 134 205 188 192 153 192 200 134 205 188 192 154 192 200 134 205 188 192 153 192 200 134 205 188 192 154 192 200 134 205 188 192 153 192 200 134 205 188 192 154 192 199 168 189 
187 188 191 154 192 200 134 205 188 192 153 192 200 134 205 188 192 154 192 200 134 205 188 192 153 192 200 134 205 188 192 154 192 200 134 205 188 192 153 192 200 134 205 188 192 154 192 200 134 205 188 192 153 192 200 134 205 188 192 154 192 199 171 188 
187 188 190 154 192 200 134 205 188 192 153 192 200 134 205 188 192 154 192 200 134 205 188 192 153 192 200 134 205 188 192 154 192 200 134 205 188 192 153 192 200 134 205 188 192 154 192 200 134 205 188 192 153 192 200 134 205 188 192 154 192 198 175 188 
187 187 189 154 192 200 134 205 188 192 153 192 200 134 205 188 192 154 192 200 134 205 188 192 153 192 200 134 205 188 192 154 192 200 134 205 188 192 153 192 200 134 205 188 192 154 192 200 134 205 188 192 153 192 200 134 205 188 192 154 192 197 178 187 
187 187 188 155 192 200 134 205 188 192 153 192 200 134 205 188 192 154 192 200 134 205 188 192 153 192 200 134 205 188 192 154 192 200 134 205 188 192 153 192 200 134 205 188 192 154 192 200 134 205 188 192 153 192 200 134 205 188 192 154 192 196 182 187 
187 187 188 158 192 200 134 205 188 192 153 192 200 134 205 188 192 154 192 200 134 205 188 192 153 192 200 134 205 188 192 154 192 200 134 205 188 192 153 192 200 134 205 188 192 154 192 200 134 205 188 192 153 192 200 134 205 188 192 154 192 194 185 187 
187 187 187 165 192 200 134 205 188 192 153 192 200 134 205 188 192 154 192 200 134 205 188 192 153 192 200 134 205 188 192 154 192 200 134 205 188 192 153 192 200 134 205 188 192 154 192 200 134 205 188 192 153 192 200 134 205 188 192 154 192 192 186 187 
187 187 186 172 192 200 134 205 188 192 153 192 200 134 205 188 192 154 192 200 134 205 188 192 153 192 200 134 205 188 192 154 192 200 134 205 188 192 153 192 200 134 205 188 192 154 192 200 134 205 188 192 153 192 200 134 205 188 192 154 192 190 187 187 
187 187 185 179 192 200 134 205 188 192 153 192 200 134 205 188 192 154 192 200 134 205 188 192 153 192 200 134 205 188 192 154 192 200 134 205 188 192 153 192 200 134 205 188 192 154 192 200 134 205 188 192 153 192 200 134 205 188 192 153 191 188 187 187 
187 187 185 185 191 200 134 205 188 192 153 192 200 134 205 188 192 154 192 200 134 205 188 192 153 192 200 134 205 188 192 154 192 200 134 205 188 192 153 192 200 134 205 188 192 154 192 200 134 205 188 192 153 192 200 134 205 188 192 152 190 187 187 187 
187 187 186 188 190 200 134 205 188 192 153 192 200 134 205 188 192 154 192 200 134 205 188 192 153 192 200 134 205 188 192 154 192 200 134 205 188 192 153 192 200 134 205 188 192 154 192 200 134 205 188 192 153 192 200 134 205 188 192 157 189 187 187 187 
187 187 187 189 189 200 134 205 188 192 153 192 200 134 205 188 192 154 192 200 134 205 188 192 153 192 200 134 205 188 192 154 192 200 134 205 188 192 153 192 200 134 205 188 192 154 192 200 134 205 188 192 153 192 200 134 205 188 194 165 188 187 187 187 
187 187 187 187 188 199 134 205 188 192 153 192 200 134 205 188 192 154 192 200 134 205 188 192 153 192 200 134 205 188 192 154 192 200 134 205 188 192 153 192 200 134 205 188 192 154 192 200 134 205 188 192 153 192 200 134 205 188 194 174 187 187 187 187 
187 187 187 187 187 195 138 205 188 192 153 192 200 134 205 188 192 154 192 200 134 205 188 192 153 192 200 134 205 188 192 154 192 200 134 205 188 192 153 192 200 134 205 188 192 154 192 200 134 205 188 192 153 192 200 134 205 188 194 182 187 187 187 187 
187 187 187 187 187 191 152 204 188 192 153 192 200 134 205 188 192 154 192 200 134 205 188 192 153 192 200 134 205 188 192 154 192 200 134 205 188 192 153 192 200 134 205 188 192 154 192 200 134 205 188 192 153 192 200 134 205 188 191 186 187 187 187 187 
187 187 187 187 187 188 168 201 188 192 153 192 200 134 205 188 192 154 192 200 134 205 188 192 153 192 200 134 205 188 192 154 192 200 134 205 188 192 153 192 200 134 205 188 192 154 192 200 134 205 188 192 153 192 200 135 202 187 188 187 187 187 187 187 
187 187 187 187 187 187 181 195 188 192 153 192 200 134 205 188 192 154 192 200 134 205 188 192 153 192 200 134 205 188 192 154 192 200 134 205 188 192 153 192 200 134 205 188 192 154 192 200 134 205 188 192 153 192 200 146 197 187 187 187 187 187 187 187 
187 187 187 187 187 187 186 189 188 191 153 192 200 134 205 188 192 154 192 200 134 205 188 192 153 192 200 134 205 188 192 154 192 200 134 205 188 192 153 192 200 134 205 188 192 154 192 200 134 205 188 192 153 192 199 165 191 187 187 187 187 187 187 187 
187 187 187 187 187 187 187 187 187 188 162 192 200 134 205 188 192 154 192 200 134 205 188 192 153 192 200 134 205 188 192 154 192 200 134 205 188 192 153 192 200 134 205 188 192 154 192 200 134 205 188 192 153 192 194 180 187 187 187 187 187 187 187 187 
187 187 187 187 187 187 187 187 187 186 177 192 200 134 205 188 192 154 192 200 134 205 188 192 153 192 200 134 205 188 192 154 192 200 134 205 188 192 153 192 200 134 205 188 192 154 192 200 134 205 188 192 154 191 189 187 187 187 187 187 187 187 187 187 
187 187 187 187 187 187 187 187 187 186 186 190 200 134 205 188 192 154 192 200 134 205 188 192 153 192 200 134 205 188 192 154 192 200 134 205 188 192 153 192 200 134 205 188 192 154 192 200 134 205 188 193 164 189 187 187 187 187 187 187 187 187 187 187 
187 187 187 187 187 187 187 187 187 187 187 188 196 140 205 188 192 154 192 200 134 205 188 192 153 192 200 134 205 188 192 154 192 200 134 205 188 192 153 192 200 134 205 188 192 154 192 200 134 205 188 193 177 187 187 187 187 187 187 187 187 187 187 187 
187 187 187 187 187 187 187 187 187 187 187 187 190 163 201 188 192 154 192 200 134 205 188 192 153 192 200 134 205 188 192 154 192 200 134 205 188 192 153 192 200 134 205 188 192 154 192 200 137 202 187 190 185 187 187 187 187 187 187 187 187 187 187 187 
187 187 187 187 187 187 187 187 187 187 187 187 187 181 193 188 191 155 192 200 134 205 188 192 153 192 200 134 205 188 192 154 192 200 134 205 188 192 153 192 200 134 205 188 192 154 192 199 159 195 187 187 187 187 187 187 187 187 187 187 187 187 187 187 
187 187 187 187 187 187 187 187 187 187 187 187 187 187 187 187 188 171 192 200 134 205 188 192 153 192 200 134 205 188 192 154 192 200 134 205 188 192 153 192 200 134 205 188 192 155 191 193 180 188 187 187 187 187 187 187 187 187 187 187 187 187 187 187 
187 187 187 187 187 187 187 187 187 187 187 187 187 187 187 187 187 184 189 198 139 204 188 192 153 192 200 134 205 188 192 154 192 200 134 205 188 192 153 192 200 134 205 188 193 170 189 187 187 187 187 187 187 187 187 187 187 187 187 187 187 187 187 187 
187 187 187 187 187 187 187 187 187 187 187 187 187 187 187 187 187 187 187 191 165 199 188 191 156 192 200 134 205 188 192 154 192 200 134 205 188 192 153 192 199 148 200 187 190 183 187 187 187 187 187 187 187 187 187 187 187 187 187 187 187 187 187 187 
187 187 187 187 187 187 187 187 187 187 187 187 187 187 187 187 187 187 187 187 184 190 187 189 173 191 199 141 204 188 192 155 192 200 138 204 188 192 164 191 193 175 191 187 187 187 187 187 187 187 187 187 187 187 187 187 187 187 187 187 187 187 187 187 
187 187 187 187 187 187 187 187 187 187 187 187 187 187 187 187 187 187 187 187 187 187 187 187 185 188 192 169 196 188 191 172 190 195 163 196 187 190 181 188 187 186 187 187 187 187 187 187 187 187 187 187 187 187 187 187 187 187 187 187 187 187 187 187 
187 187 187 187 187 187 187 187 187 187 187 187 187 187 187 187 187 187 187 187 187 187 187 187 187 187 187 185 188 187 187 185 187 188 184 188 187 187 186 187 187 187 187 187 187 187 187 187 187 187 187 187 187 187 187 187 187 187 187 187 187 187 187 187 
