187 187 187 187 187 187 187 187 187 187 187 187 187 187 187 187 187 187 187 187 187 187 187 187 187 187 187 187 187 187 187 187 187 187 187 187 187 187 187 187 187 187 187 187 187 187 187 187 187 187 187 187 187 187 187 187 187 187 187 187 187 187 187 187 
187 187 187 187 187 187 187 187 187 187 187 187 187 187 187 187 187 187 187 187 187 187 187 187 187 187 187 187 187 187 187 187 187 187 187 187 187 187 187 187 187 187 187 187 187 187 187 187 187 187 187 187 187 187 187 187 187 187 187 187 187 187 187 187 
187 187 187 187 187 187 187 187 187 187 187 187 187 187 187 187 187 187 187 187 187 187 187 187 187 187 187 187 187 187 187 187 187 187 187 187 187 187 187 187 187 187 187 187 187 187 187 187 187 187 187 187 187 187 187 187 187 187 187 187 187 187 187 187 
187 187 187 187 187 187 187 187 187 187 187 187 187 187 187 187 187 187 187 187 187 187 187 187 187 187 187 187 187 187 187 187 187 187 187 187 187 187 187 187 187 187 187 187 187 187 187 187 187 187 187 187 187 187 187 187 187 187 187 187 187 187 187 187 
187 187 187 187 187 187 187 187 187 187 187 187 187 187 187 187 187 187 187 187 187 187 187 187 187 187 187 187 187 187 187 187 187 187 187 187 187 187 187 187 187 187 187 187 187 187 187 187 187 187 187 187 187 187 187 187 187 187 187 187 187 187 187 187 
187 187 187 187 187 187 187 187 187 187 187 187 187 187 187 187 187 187 187 187 187 187 187 187 187 187 187 187 187 187 187 187 187 187 187 187 187 187 187 187 187 187 187 187 187 187 187 187 187 187 187 187 187 187 187 187 187 187 187 187 187 187 187 187 
187 187 187 187 187 187 187 187 187 187 187 187 187 187 187 187 187 187 187 187 187 187 187 187 187 187 187 187 187 187 187 187 187 187 187 187 187 187 187 187 187 187 187 187 187 187 187 187 187 187 187 187 187 187 187 187 187 187 187 187 187 187 187 187 
187 187 187 187 187 187 187 187 187 187 187 187 187 187 187 187 187 187 187 187 187 187 187 187 187 187 187 187 187 187 187 187 187 186 187 187 187 187 187 187 187 187 187 187 187 187 187 187 187 187 187 187 187 187 187 187 187 187 187 187 187 187 187 187 
187 187 187 187 187 187 187 187 187 187 187 187 187 187 187 187 187 187 187 186 185 188 188 188 188 187 188 188 189 189 187 187 188 189 188 187 187 187 187 187 186 187 187 187 186 188 188 187 187 187 187 187 187 187 187 187 187 187 187 187 187 187 187 187 
187 187 187 187 187 187 187 187 187 187 187 187 187 187 187 187 187 186 186 189 187 183 182 183 185 186 183 186 187 183 189 186 184 185 186 187 188 189 187 188 189 188 189 184 191 187 183 188 187 187 187 187 187 187 187 187 187 187 187 187 187 187 187 187 
187 187 187 187 187 187 187 187 187 187 187 187 187 187 187 187 187 186 189 186 184 190 193 190 184 192 186 186 188 185 190 184 191 186 189 188 186 187 186 185 186 184 186 186 185 186 184 188 186 187 187 187 187 187 187 187 187 187 187 187 187 187 187 187 
187 187 187 187 187 187 187 187 187 187 187 187 187 187 187 187 186 186 187 187 188 184 192 178 191 186 190 183 186 188 185 185 185 184 187 185 184 185 186 188 187 188 187 187 188 187 186 188 186 187 187 187 187 187 187 187 187 187 187 187 187 187 187 187 
187 187 187 187 187 187 187 187 187 187 187 187 187 187 187 187 186 187 187 187 187 188 183 191 184 183 193 184 185 189 185 188 188 187 187 188 188 188 186 187 185 187 187 187 187 188 184 189 187 187 187 187 187 187 187 187 187 187 187 187 187 187 187 187 
187 187 187 187 187 187 187 187 187 187 187 187 187 187 187 187 185 187 188 186 188 185 188 183 185 183 197 182 180 192 187 184 187 186 186 187 186 187 187 187 187 187 187 187 187 188 182 190 186 187 187 187 187 187 187 187 187 187 187 187 187 187 187 187 
187 187 187 187 187 187 187 187 187 187 187 187 187 187 187 188 185 185 191 189 186 188 185 184 193 183 193 180 185 186 192 186 188 187 186 187 186 189 188 187 186 187 187 187 187 187 186 190 186 187 187 187 187 187 187 187 187 187 187 187 187 187 187 187 
187 187 187 187 187 187 187 187 187 187 187 187 187 187 187 188 184 188 188 183 184 186 186 190 181 185 194 178 186 188 181 184 185 187 186 186 185 184 185 187 185 187 187 187 187 187 185 188 187 187 187 187 187 187 187 187 187 187 187 187 187 187 187 187 
187 187 187 187 187 187 187 187 187 187 187 187 187 187 187 187 184 192 184 185 190 190 184 188 186 185 194 184 183 195 184 189 188 187 187 187 189 187 188 188 187 187 187 187 187 188 183 190 186 187 187 187 187 187 187 187 187 187 187 187 187 187 187 187 
187 187 187 187 187 187 187 187 187 187 187 187 187 187 187 187 187 186 182 192 187 183 185 190 187 185 185 190 182 190 185 186 188 185 189 186 187 186 186 189 185 187 186 187 188 188 184 190 186 187 187 187 187 187 187 187 187 187 187 187 187 187 187 187 
187 187 187 187 187 187 187 187 187 187 187 187 187 187 187 187 187 182 194 182 186 183 192 186 187 184 185 197 172 190 186 185 186 185 187 185 186 185 185 189 184 188 187 187 187 187 185 188 187 187 187 187 187 187 187 187 187 187 187 187 187 187 187 187 
187 187 187 187 187 187 187 187 187 187 187 187 187 187 187 187 186 191 182 187 190 186 186 188 186 187 184 197 177 188 188 187 191 187 189 188 190 188 186 190 185 187 187 187 187 187 185 188 187 187 187 187 187 187 187 187 187 187 187 187 187 187 187 187 
187 187 187 187 187 187 187 187 187 187 187 187 187 187 187 187 187 185 187 187 186 188 185 188 187 186 185 190 185 184 192 182 186 181 192 181 186 187 186 188 188 186 187 186 187 186 187 187 187 187 187 187 187 187 187 187 187 187 187 187 187 187 187 187 
187 187 187 187 187 187 187 187 187 187 187 187 187 187 187 187 187 187 187 187 185 187 186 187 185 190 187 182 198 177 188 183 187 183 192 183 187 184 187 188 186 187 188 187 187 186 188 187 187 187 187 187 187 187 187 187 187 187 187 187 187 187 187 187 
187 187 187 187 187 187 187 187 187 187 187 187 187 187 187 187 187 187 185 189 185 187 189 186 183 189 186 180 201 170 191 188 188 181 193 181 190 185 187 189 186 186 186 188 186 187 187 187 187 187 187 187 187 187 187 187 187 187 187 187 187 187 187 187 
187 187 187 187 187 187 187 187 187 187 187 187 187 187 187 187 188 186 185 190 185 186 189 186 187 191 182 185 204 168 188 184 190 184 191 184 188 183 190 186 187 188 187 187 187 186 186 188 187 187 187 187 187 187 187 187 187 187 187 187 187 187 187 187 
187 187 187 187 187 187 187 187 187 187 187 187 187 187 187 187 187 186 186 188 184 189 188 186 187 187 185 185 196 175 187 190 186 183 193 182 189 184 187 191 184 186 187 187 187 186 186 188 187 187 187 187 187 187 187 187 187 187 187 187 187 187 187 187 
187 187 187 187 187 187 187 187 187 187 187 187 187 187 187 187 187 186 188 186 183 188 187 187 187 188 186 186 189 183 184 188 188 183 192 183 188 182 192 188 184 187 185 188 186 187 187 188 187 187 187 187 187 187 187 187 187 187 187 187 187 187 187 187 
187 187 187 187 187 187 187 187 187 187 187 187 187 187 187 187 187 186 189 185 186 189 187 186 186 189 186 188 184 192 179 189 188 183 193 182 189 179 188 188 185 186 187 187 186 186 186 188 187 187 187 187 187 187 187 187 187 187 187 187 187 187 187 187 
187 187 187 187 187 187 187 187 187 187 187 187 187 187 187 187 187 185 191 180 187 188 187 185 185 188 185 188 183 201 176 183 192 178 197 180 184 184 196 185 186 188 185 187 189 186 187 187 187 187 187 187 187 187 187 187 187 187 187 187 187 187 187 187 
187 187 187 187 187 187 187 187 187 187 187 187 187 187 187 187 187 181 196 182 186 188 187 187 186 188 185 189 185 196 169 197 183 180 200 177 189 189 190 185 187 187 188 186 186 186 187 187 187 187 187 187 187 187 187 187 187 187 187 187 187 187 187 187 
187 187 187 187 187 187 187 187 187 187 187 187 187 187 187 188 185 185 189 187 186 186 187 185 188 187 185 190 185 188 189 180 187 180 197 177 179 185 190 184 188 186 187 186 187 187 186 188 187 187 187 187 187 187 187 187 187 187 187 187 187 187 187 187 
187 187 187 187 187 187 187 187 187 187 187 187 187 187 187 188 184 190 185 190 186 188 187 184 188 184 187 189 185 184 194 178 187 180 201 178 178 196 186 185 186 188 185 187 187 187 186 188 187 187 187 187 187 187 187 187 187 187 187 187 187 187 187 187 
187 187 187 187 187 187 187 187 187 187 187 187 187 187 187 189 182 189 190 186 185 188 188 183 196 182 188 188 186 184 199 178 190 177 201 180 181 198 186 186 187 187 187 186 185 187 186 188 187 187 187 187 187 187 187 187 187 187 187 187 187 187 187 187 
187 187 187 187 187 187 187 187 187 187 187 187 187 187 187 189 181 189 187 183 187 187 187 185 186 186 188 187 186 183 203 168 187 182 195 180 175 198 186 186 187 187 187 187 187 186 187 187 187 187 187 187 187 187 187 187 187 187 187 187 187 187 187 187 
187 187 187 187 187 187 187 187 187 187 187 187 187 187 187 189 179 198 184 186 187 188 184 188 184 187 188 187 186 183 200 165 192 182 194 183 173 193 185 185 186 187 186 187 188 185 187 187 187 187 187 187 187 187 187 187 187 187 187 187 187 187 187 187 
187 187 187 187 187 187 187 187 187 187 187 187 187 187 187 188 178 192 179 185 189 188 184 190 184 189 188 187 187 184 201 172 190 179 197 176 197 192 186 187 186 188 187 185 188 186 188 187 187 187 187 187 187 187 187 187 187 187 187 187 187 187 187 187 
187 187 187 187 187 187 187 187 187 187 187 187 187 187 187 189 174 201 196 180 188 183 185 189 183 189 186 187 187 183 197 173 192 183 194 181 189 187 186 187 187 187 187 188 187 186 187 187 187 187 187 187 187 187 187 187 187 187 187 187 187 187 187 187 
187 187 187 187 187 187 187 187 187 187 187 187 187 187 187 188 174 198 180 179 197 181 187 187 184 191 186 187 186 187 211 171 188 185 188 182 184 198 187 189 187 188 186 188 185 185 187 187 187 187 187 187 187 187 187 187 187 187 187 187 187 187 187 187 
187 187 187 187 187 187 187 187 187 187 187 187 187 187 187 189 177 194 192 182 187 185 189 186 184 190 187 185 185 191 151 185 189 184 188 187 181 170 187 184 187 187 186 187 187 189 187 187 187 187 187 187 187 187 187 187 187 187 187 187 187 187 187 187 
187 187 187 187 187 187 187 187 187 187 187 187 187 187 187 189 175 196 186 184 186 185 189 187 184 190 187 187 183 195 190 180 189 185 187 188 180 188 194 184 185 188 184 188 186 186 186 187 187 187 187 187 187 187 187 187 187 187 187 187 187 187 187 187 
187 187 187 187 187 187 187 187 187 187 187 187 187 187 188 189 173 200 186 183 189 184 187 186 183 189 186 188 186 187 202 181 188 186 187 188 183 201 189 188 188 188 186 188 186 187 187 187 187 187 187 187 187 187 187 187 187 187 187 187 187 187 187 187 
187 187 187 187 187 187 187 187 187 187 187 187 187 187 188 189 172 199 185 185 191 185 186 188 187 188 187 187 185 183 186 175 189 186 187 189 173 178 184 184 185 189 186 185 185 187 187 187 187 187 187 187 187 187 187 187 187 187 187 187 187 187 187 187 
187 187 187 187 187 187 187 187 187 187 187 187 187 187 187 188 174 198 181 185 185 188 182 192 186 187 187 187 185 187 191 179 188 186 188 189 180 207 190 187 188 186 188 183 187 187 186 187 187 187 187 187 187 187 187 187 187 187 187 187 187 187 187 187 
187 187 187 187 187 187 187 187 187 187 187 187 187 187 187 189 176 199 184 188 186 188 183 190 185 187 187 187 184 194 180 188 189 186 186 189 184 173 191 184 187 188 188 184 191 185 187 187 187 187 187 187 187 187 187 187 187 187 187 187 187 187 187 187 
187 187 187 187 187 187 187 187 187 187 187 187 187 187 187 189 177 192 183 188 187 186 187 189 186 187 187 187 185 202 182 186 187 186 186 188 186 184 196 187 188 187 188 184 191 182 188 187 187 187 187 187 187 187 187 187 187 187 187 187 187 187 187 187 
187 187 187 187 187 187 187 187 187 187 187 187 187 187 187 189 177 199 186 186 188 183 190 186 186 187 187 185 189 180 175 188 187 187 186 187 188 172 189 183 186 186 190 181 192 180 188 187 187 187 187 187 187 187 187 187 187 187 187 187 187 187 187 187 
187 187 187 187 187 187 187 187 187 187 187 187 187 187 187 188 182 188 188 185 188 180 193 185 187 187 188 185 192 191 183 189 185 186 186 187 188 181 201 187 188 187 186 183 193 186 186 187 187 187 187 187 187 187 187 187 187 187 187 187 187 187 187 187 
187 187 187 187 187 187 187 187 187 187 187 187 187 187 187 188 179 188 186 185 187 186 189 186 187 187 187 184 196 174 184 189 189 188 187 188 189 177 186 187 186 187 185 189 190 183 187 188 187 187 187 187 187 187 187 187 187 187 187 187 187 187 187 187 
187 187 187 187 187 187 187 187 187 187 187 187 187 187 187 190 173 199 193 179 185 189 186 186 187 187 185 186 187 162 190 187 185 185 186 186 188 183 191 184 186 185 187 184 185 185 185 188 187 187 187 187 187 187 187 187 187 187 187 187 187 187 187 187 
187 187 187 187 187 187 187 187 187 187 187 187 187 186 188 190 169 201 180 188 183 192 185 187 187 187 188 186 192 197 178 187 188 186 186 188 187 176 188 190 188 188 187 189 190 183 186 188 187 187 187 187 187 187 187 187 187 187 187 187 187 187 187 187 
187 187 187 187 187 187 187 187 187 187 187 187 187 186 188 190 170 197 187 189 185 189 186 187 187 187 187 185 183 205 180 187 188 186 188 189 185 187 199 183 186 187 186 182 191 189 184 188 187 187 187 187 187 187 187 187 187 187 187 187 187 187 187 187 
187 187 187 187 187 187 187 187 187 187 187 187 187 186 188 190 171 199 186 185 188 186 187 187 187 187 186 190 189 174 179 188 186 185 187 188 188 173 199 195 189 188 188 181 190 187 183 188 187 187 187 187 187 187 187 187 187 187 187 187 187 187 187 187 
187 187 187 187 187 187 187 187 187 187 187 187 187 187 188 190 174 196 190 185 190 183 189 187 187 187 186 189 169 180 191 186 187 186 186 186 188 180 164 176 184 185 189 184 184 194 182 188 187 187 187 187 187 187 187 187 187 187 187 187 187 187 187 187 
187 187 187 187 187 187 187 187 187 187 187 187 187 187 187 189 180 184 193 184 189 184 188 186 187 187 187 184 203 178 187 187 187 185 188 188 187 182 208 190 187 186 191 176 179 186 182 187 187 187 187 187 187 187 187 187 187 187 187 187 187 187 187 187 
187 187 187 187 187 187 187 187 187 187 187 187 187 187 186 188 184 177 188 180 186 178 187 184 183 185 185 185 173 174 190 186 187 185 187 187 188 178 181 189 187 183 179 197 197 193 185 188 187 187 187 187 187 187 187 187 187 187 187 187 187 187 187 187 
187 187 187 187 187 187 187 187 187 187 187 187 187 187 187 189 183 199 206 199 203 197 202 198 199 197 192 189 207 181 190 191 189 186 189 189 187 182 195 183 176 203 197 178 182 183 186 187 187 187 187 187 187 187 187 187 187 187 187 187 187 187 187 187 
187 187 187 187 187 187 187 187 187 187 187 187 187 187 187 186 187 174 167 168 171 172 172 173 175 178 178 184 186 175 187 183 182 182 184 188 187 184 191 195 192 173 180 187 187 188 186 187 187 187 187 187 187 187 187 187 187 187 187 187 187 187 187 187 
187 187 187 187 187 187 187 187 187 187 187 187 187 187 187 187 187 189 191 191 190 190 190 190 188 187 187 185 185 188 188 189 190 189 189 187 187 186 184 182 184 189 188 187 187 187 187 187 187 187 187 187 187 187 187 187 187 187 187 187 187 187 187 187 
187 187 187 187 187 187 187 187 187 187 187 187 187 187 187 187 186 187 188 188 188 187 187 187 188 188 188 189 189 187 186 186 186 186 187 187 187 187 188 188 187 187 187 186 187 187 187 187 187 187 187 187 187 187 187 187 187 187 187 187 187 187 187 187 
187 187 187 187 187 187 187 187 187 187 187 187 187 187 187 187 187 187 186 186 187 187 187 187 187 187 187 187 187 187 187 187 187 187 187 187 187 187 187 187 187 187 187 187 187 187 187 187 187 187 187 187 187 187 187 187 187 187 187 187 187 187 187 187 
187 187 187 187 187 187 187 187 187 187 187 187 187 187 187 187 187 187 187 187 187 187 187 187 187 187 187 187 187 187 187 187 187 187 187 187 187 187 187 187 187 187 187 187 187 187 187 187 187 187 187 187 187 187 187 187 187 187 187 187 187 187 187 187 
187 187 187 187 187 187 187 187 187 187 187 187 187 187 187 187 187 187 187 187 187 187 187 187 187 187 187 187 187 187 187 187 187 187 187 187 187 187 187 187 187 187 187 187 187 187 187 187 187 187 187 187 187 187 187 187 187 187 187 187 187 187 187 187 
187 187 187 187 187 187 187 187 187 187 187 187 187 187 187 187 187 187 187 187 187 187 187 187 187 187 187 187 187 187 187 187 187 187 187 187 187 187 187 187 187 187 187 187 187 187 187 187 187 187 187 187 187 187 187 187 187 187 187 187 187 187 187 187 
187 187 187 187 187 187 187 187 187 187 187 187 187 187 187 187 187 187 187 187 187 187 187 187 187 187 187 187 187 187 187 187 187 187 187 187 187 187 187 187 187 187 187 187 187 187 187 187 187 187 187 187 187 187 187 187 187 187 187 187 187 187 187 187 
187 187 187 187 187 187 187 187 187 187 187 187 187 187 187 187 187 187 187 187 187 187 187 187 187 187 187 187 187 187 187 187 187 187 187 187 187 187 187 187 187 187 187 187 187 187 187 187 187 187 187 187 187 187 187 187 187 187 187 187 187 187 187 187 
